"kdkd" "kukd" "kuku" "pkd" "pku" "pp" "tdkd" "tdku" "tdp" "tdtd" "tukd" "tuku" "tup" "tutd" "tutu"
61 173 1065 492 1344 4297 39 35 610 154 82 1 379 120 2367
67 257 1101 465 666 4278 51 49 558 174 69 NA 394 109 2368
55 215 1080 501 1343 4253 41 35 526 258 77 NA 345 101 2369
43 189 1032 425 1344 4408 54 38 546 220 97 NA 406 129 2296
56 204 970 425 1290 4472 63 30 587 145 76 1 397 104 2515
67 231 1036 466 1231 4352 49 32 594 162 85 1 464 92 2206
79 175 1022 381 1309 4393 76 33 600 129 88 NA 393 81 2344
104 200 1016 506 1346 4331 51 40 583 214 84 1 413 115 2533
53 214 1015 419 1265 4473 39 13 587 103 88 NA 377 36 2443
43 163 934 429 1333 4502 45 14 552 123 68 1 364 110 2124
45 237 1088 449 1222 4399 54 17 593 135 80 NA 405 98 2437
38 218 954 442 1237 4482 65 38 642 103 84 3 411 103 2232
65 207 895 413 1199 4263 59 22 617 82 88 1 373 96 2293
63 241 991 501 1284 4309 66 31 503 110 92 1 362 103 2287
55 232 1027 479 1365 4509 53 23 525 168 101 1 397 54 2269
59 207 1139 429 1252 4354 42 32 535 105 69 1 341 70 2401
66 223 1045 399 1210 4504 57 29 561 145 106 3 370 95 2429
33 160 960 384 1254 4267 53 32 576 182 120 NA 416 113 2258
44 234 1064 389 1286 4356 82 37 625 177 108 NA 377 85 2538
43 205 993 431 1217 4304 47 32 574 165 77 NA 422 100 2420
80 209 1051 466 1244 4336 50 28 576 183 109 NA 353 87 2392
45 208 956 376 1196 4507 40 32 521 91 73 1 349 114 2374
58 162 1029 425 1310 4204 45 19 583 182 98 2 363 110 2308
36 250 1022 453 1274 4356 50 42 570 234 87 1 374 124 2306
48 228 1016 427 1240 4460 56 26 589 172 99 5 378 94 2185
41 184 1090 402 1228 4212 52 25 549 115 79 NA 378 96 2369
52 198 1022 375 1231 4246 28 29 516 194 92 NA 402 75 2446
64 185 1095 435 1200 4328 49 28 530 131 62 NA 402 120 2512
52 249 1119 462 1483 4283 64 34 500 160 101 NA 373 88 2314
55 188 988 414 1246 4386 42 22 583 131 84 NA 402 90 2395
63 185 962 466 1211 4434 45 41 529 82 97 5 362 113 2297
50 219 1119 432 1310 4398 46 30 596 248 73 1 373 80 2438
44 176 1043 459 1247 4393 57 41 587 181 85 3 414 116 2336
39 172 969 441 1265 4244 69 38 534 101 91 NA 401 95 2228
64 218 971 438 1316 4628 76 30 577 119 87 1 359 99 2430
53 220 1013 490 1279 4382 78 26 611 157 75 1 418 104 2273
62 223 1078 448 1263 4372 59 30 568 172 115 2 399 85 2500
46 211 973 414 1289 4443 36 39 559 111 73 NA 402 78 2410
46 178 1066 415 1267 4423 39 24 513 175 87 1 372 112 2305
69 202 920 472 1152 4366 65 30 597 204 80 1 442 105 2516
54 155 971 410 1283 4446 34 31 589 139 69 1 351 89 2458
52 203 984 443 1198 4362 44 24 555 129 97 NA 326 87 2330
32 209 1102 488 1293 4353 74 32 614 171 73 1 344 107 2447
65 225 974 469 1301 4418 57 30 511 107 81 1 352 127 2429
36 179 1033 376 1160 4218 86 47 598 101 89 2 392 85 2425
41 239 1060 493 1208 4407 75 41 533 148 117 3 344 96 2284
67 207 1053 422 1247 4216 34 34 528 122 113 NA 407 91 2421
75 212 1090 446 1335 4476 75 33 564 182 103 1 388 64 2151
38 195 1046 426 1157 4365 38 35 511 142 81 4 361 100 2222
82 214 1079 438 1251 4344 70 29 539 165 74 1 347 103 2249
66 213 951 418 1268 4470 49 42 560 101 96 NA 454 107 2402
41 211 971 470 1207 4419 48 37 585 115 86 1 393 69 2333
55 199 1033 441 1278 4431 49 31 590 107 85 NA 368 91 2396
51 166 1021 416 625 4361 41 27 586 144 88 NA 398 101 2363
60 245 1052 454 1304 4273 32 35 542 150 84 4 343 104 2297
55 190 1006 446 1296 4292 25 44 567 119 85 NA 404 86 2153
44 196 907 457 1218 4335 38 33 549 189 81 NA 421 92 2423
74 195 975 459 1271 4451 36 31 571 139 100 NA 410 125 2261
53 211 1026 396 1343 4296 46 40 554 142 119 NA 375 98 2212
55 206 1107 465 1354 4313 53 23 585 109 111 2 403 120 2319
53 214 954 447 1284 4365 56 43 586 200 87 12 364 100 2298
46 216 1055 466 1353 4420 58 13 551 62 97 NA 321 118 2194
37 182 1037 443 1293 4391 66 30 539 130 42 1 333 125 2326
28 103 1130 501 1286 4624 22 38 536 127 78 NA 425 89 2350
53 208 982 442 1254 4413 45 15 568 101 101 NA 374 90 2174
79 255 1055 484 1276 4324 96 39 584 132 80 2 396 83 2405
39 222 985 378 1313 4354 75 27 561 137 71 3 377 83 2438
53 185 1029 448 1236 4359 31 33 528 100 94 NA 338 87 2279
26 205 999 396 1226 4323 59 32 587 147 74 NA 182 90 2268
85 174 1024 457 1296 4333 57 32 543 137 86 3 376 100 2353
49 182 1019 432 1342 4401 52 54 618 91 95 1 352 98 2312
63 186 991 414 1185 4230 36 29 539 213 89 NA 402 73 2244
36 176 1046 411 1335 4330 42 24 555 137 82 NA 374 79 2271
77 183 985 440 1103 4436 30 21 585 173 96 NA 412 143 2335
68 155 975 429 1235 4177 32 25 555 125 81 2 336 123 2354
30 195 1023 448 1197 4295 64 39 598 137 60 NA 446 102 2376
32 182 1029 435 1246 4511 41 17 553 211 87 1 423 77 2394
67 211 948 425 1292 4377 61 32 512 129 73 1 379 88 2352
28 226 1005 469 1268 4533 43 30 552 169 79 1 354 105 2373
47 209 988 455 1279 4516 71 52 596 106 99 4 429 101 2306
50 168 1021 421 1278 4561 53 23 600 103 80 NA 365 93 2285
135 277 1140 457 1347 4286 42 34 542 150 71 3 312 114 2152
36 187 972 440 1137 4237 64 42 581 78 88 1 357 109 2494
62 215 1023 412 1282 4191 38 37 562 220 101 1 347 113 2406
43 199 1050 456 1347 4519 22 28 600 100 114 NA 365 97 2383
48 199 935 437 1264 4355 41 14 521 93 95 NA 406 100 2315
86 228 1036 475 1202 4373 63 50 557 146 107 1 394 84 2163
25 188 1074 449 1196 4254 28 25 536 170 94 1 394 101 2484
52 201 977 414 1248 4392 53 27 563 114 93 1 391 72 2482
50 189 1091 409 1219 4467 49 30 542 74 83 1 378 93 2408
54 228 1017 449 1196 4296 78 46 627 195 76 NA 349 100 2604
45 160 1000 461 1248 4335 46 34 582 71 92 NA 383 63 2366
39 201 1032 402 1394 4477 47 23 544 183 104 2 384 105 2439
69 222 987 455 1203 4257 47 51 562 115 85 2 400 93 2234
60 175 1012 365 1181 4367 46 34 553 102 77 NA 422 94 2334
64 215 980 428 1276 4443 45 25 596 177 96 2 363 104 2448
42 187 1040 449 1247 4340 67 31 550 86 77 6 369 120 2221
115 195 943 444 1253 4427 54 39 563 119 85 NA 414 110 2346
56 174 962 428 1169 4410 38 28 547 145 33 1 327 120 2360
41 192 1009 426 1276 4439 40 29 559 172 65 NA 342 94 2429
