"kdkd" "kukd" "kuku" "pkd" "pku" "pp" "tdkd" "tdku" "tdp" "tdtd" "tukd" "tup" "tutd" "tutu" "tuku"
24 154 650 296 786 2803 25 21 376 82 47 247 52 1216 NA
30 109 550 272 754 2665 46 16 336 53 47 206 26 1174 1
19 157 590 251 736 2631 46 15 306 44 65 243 55 1212 1
26 106 674 270 775 2563 26 21 326 86 47 210 32 1268 1
22 136 635 246 793 2800 43 20 307 51 53 216 55 1175 NA
12 106 605 251 724 2605 40 24 350 41 42 199 65 1260 3
32 116 648 278 788 2537 25 13 299 42 52 204 47 1313 NA
25 93 593 261 779 2622 36 16 319 77 61 181 50 1248 1
65 160 559 303 756 2644 60 11 331 59 51 227 41 1195 NA
36 54 627 230 748 2570 28 18 352 61 43 197 36 1258 NA
25 130 675 267 761 2616 24 21 340 44 39 203 59 1269 1
62 184 619 289 712 2609 27 22 301 70 55 198 48 1126 2
64 147 581 285 661 2678 39 18 270 145 57 179 48 1091 1
42 127 630 274 732 2740 21 17 334 48 40 202 57 1229 NA
60 137 629 267 806 2539 43 13 328 95 42 212 71 1177 2
16 124 649 270 822 2639 18 6 273 66 58 197 60 1176 3
21 132 562 259 742 2614 40 17 313 96 40 221 32 1174 NA
33 147 654 265 657 2547 25 22 315 81 48 226 65 1377 2
36 125 576 278 773 2567 26 14 339 79 52 223 26 1155 1
41 129 573 292 713 2612 27 14 272 59 57 209 57 1286 3
26 121 595 275 691 2591 30 17 264 45 52 227 48 1275 2
22 121 594 305 735 2667 17 22 340 53 54 239 44 1238 NA
77 134 627 260 758 2705 18 7 308 14 53 195 48 1158 NA
35 141 621 292 743 2684 51 15 291 61 57 202 53 1272 1
28 125 592 299 805 2623 49 20 365 109 44 249 40 1239 NA
16 107 617 280 700 2654 30 19 327 58 43 225 48 1260 2
52 156 582 263 672 2537 45 23 283 97 49 205 36 1214 3
45 138 613 251 647 2600 56 13 311 100 47 198 42 1338 NA
36 129 648 310 819 2565 47 19 317 63 49 187 48 1145 NA
42 151 600 280 748 2680 30 14 345 114 46 225 43 1222 NA
43 101 551 301 789 2597 15 12 312 62 44 223 54 1275 NA
33 138 639 275 755 2635 13 13 379 80 55 190 66 1264 1
32 121 648 275 729 2717 33 22 293 78 49 199 67 1287 NA
55 113 579 269 402 2635 45 17 319 79 57 216 56 1246 NA
60 128 544 263 705 2638 23 12 287 72 40 228 30 1229 1
30 140 625 249 891 2719 20 26 291 63 52 127 60 1264 NA
36 117 650 255 839 2587 77 13 325 44 43 210 37 1165 NA
76 140 607 293 747 2657 21 16 324 92 41 184 49 1370 1
27 155 605 310 807 2709 36 18 295 72 60 223 34 1273 1
32 131 579 280 671 2661 48 9 299 74 42 227 47 1305 NA
42 81 650 279 874 2589 31 9 273 103 64 199 32 1263 1
29 151 626 306 863 2753 24 17 303 83 50 217 56 1197 NA
26 113 624 283 846 2575 20 17 274 38 54 219 54 1135 NA
29 126 609 252 651 2631 27 17 297 59 60 196 60 1160 NA
22 112 533 266 705 2745 29 9 314 88 48 172 57 1221 NA
32 148 553 301 730 2630 17 17 290 33 61 193 64 1251 NA
17 123 664 239 820 2645 36 13 307 86 67 207 54 1166 1
35 148 587 266 726 2614 47 13 272 49 52 222 25 1211 3
36 114 609 291 717 2654 16 16 298 90 65 211 47 1247 NA
38 137 621 264 810 2655 23 12 273 143 52 206 47 1246 NA
52 138 568 136 778 2741 18 13 310 56 51 186 48 1162 1
18 144 578 285 718 2673 45 19 316 53 62 216 50 1239 3
25 42 643 239 815 2715 34 27 307 108 40 204 43 1335 NA
30 157 595 309 800 2696 22 28 286 97 50 220 69 1279 NA
29 106 634 281 734 2661 44 11 322 155 61 225 48 1264 1
21 124 650 293 744 2673 20 12 299 81 42 191 45 1216 NA
69 161 688 356 791 2704 15 22 334 44 42 213 39 1190 1
45 133 600 299 769 2599 35 21 289 80 46 256 60 1335 1
38 137 609 315 888 2755 48 13 299 105 61 204 70 1254 NA
30 138 591 293 671 2715 35 27 327 80 67 222 78 1147 NA
27 147 614 282 778 2641 26 4 322 30 56 191 51 1252 1
70 142 606 297 728 2575 14 17 343 141 47 215 43 1197 1
29 134 630 296 800 2651 25 29 301 76 56 204 38 1260 1
31 130 553 275 719 2523 22 12 305 36 46 216 57 1316 NA
34 143 582 238 720 2472 27 25 348 36 52 188 64 1142 1
40 117 540 262 687 2603 18 18 316 44 57 222 50 1291 1
56 141 570 347 813 2677 31 17 303 108 51 189 58 1232 NA
15 59 620 307 742 2689 37 19 287 26 54 197 39 1264 NA
34 116 619 284 792 2606 81 24 358 87 49 195 37 1250 NA
49 122 569 287 772 2642 15 20 313 118 59 201 35 1230 NA
36 142 625 310 782 2753 36 14 326 90 42 218 32 1223 1
25 144 606 254 725 2559 32 11 323 27 50 204 28 1165 4
24 112 574 145 734 2617 20 17 335 44 44 219 50 1190 NA
38 69 592 294 755 2603 27 27 304 57 42 237 43 1219 NA
37 141 593 267 727 2654 35 16 281 91 48 210 13 1212 1
25 98 576 279 724 2682 13 19 280 101 47 209 47 1199 NA
41 132 675 238 834 2678 46 10 318 93 73 220 58 1246 1
26 106 543 229 581 2710 40 15 317 111 60 204 39 1155 NA
12 117 608 236 769 2605 29 9 322 66 41 193 41 1223 NA
5 110 623 277 775 2585 29 18 331 127 48 214 52 1167 NA
22 101 572 270 744 2621 42 19 288 94 51 222 44 1186 NA
37 119 584 271 724 2691 34 12 325 53 57 192 18 1247 NA
28 137 618 279 751 2548 26 25 279 130 52 181 55 1189 3
25 134 604 268 765 2757 35 15 337 78 43 226 76 1223 NA
20 89 556 269 690 2698 42 21 268 40 62 203 50 1163 NA
46 125 699 262 872 2631 24 27 306 109 63 216 57 1280 NA
44 117 589 243 791 2567 35 22 273 22 39 207 38 1358 NA
22 129 520 269 682 2490 26 17 293 119 53 192 46 1233 NA
50 126 620 279 730 2526 33 12 270 46 53 209 64 1185 1
56 123 632 312 758 2618 86 17 331 65 50 221 42 1237 NA
31 149 650 301 763 2667 37 20 349 77 46 223 51 1320 NA
33 152 623 314 751 2666 47 24 332 112 49 258 67 1218 NA
28 137 653 258 769 2672 15 26 282 100 73 121 66 1247 NA
34 138 600 258 727 2669 64 23 310 65 62 183 55 1193 NA
17 118 601 248 738 2484 19 9 304 49 50 205 62 1280 NA
35 128 647 240 735 2609 38 13 287 77 56 158 46 1146 NA
23 145 597 303 742 2722 35 26 330 64 49 190 35 1259 NA
34 134 608 283 811 2584 28 16 286 32 59 182 40 1226 NA
15 107 561 269 776 2654 33 19 302 100 48 229 45 1155 1
25 131 636 261 827 2612 43 31 352 75 47 229 51 1340 NA
