"kdkd" "kukd" "kuku" "pkd" "pku" "pp" "tdkd" "tdku" "tdp" "tdtd" "tukd" "tuku" "tup" "tutd" "tutu"
40 152 768 332 874 2979 21 24 411 149 63 1 244 50 1555
38 157 714 343 907 3245 33 9 368 104 68 1 249 57 1596
26 166 731 315 855 3217 56 21 395 179 69 1 255 69 1624
65 150 715 346 930 3165 42 22 390 167 60 1 254 65 1564
56 128 678 319 961 3041 57 19 381 80 63 NA 265 60 1624
11 142 667 294 965 3174 47 18 367 135 70 1 289 73 1603
28 156 809 331 955 3092 32 24 378 88 82 2 282 69 1604
41 164 765 329 906 3157 48 7 404 103 81 2 270 80 1610
33 145 724 315 973 3290 47 33 359 89 59 1 231 65 1579
35 143 730 358 999 3124 45 24 336 84 65 NA 285 77 1562
31 132 694 335 833 3071 66 15 370 146 69 1 274 88 1550
70 165 677 350 893 3217 46 26 334 52 59 1 250 99 1530
28 147 714 322 838 3083 29 20 383 99 56 2 299 75 1547
54 126 781 305 902 3181 42 20 385 93 57 1 249 27 1519
33 155 719 365 871 3111 17 32 406 92 74 NA 253 67 1649
40 148 775 346 933 3399 63 22 393 72 60 NA 269 43 1557
38 137 687 377 908 3297 46 18 345 103 71 NA 295 70 1483
64 155 704 360 861 3204 30 18 392 74 84 1 275 76 1537
28 148 715 331 973 3235 38 20 421 100 39 3 260 69 1491
70 146 755 344 921 3111 45 20 423 107 72 1 272 59 1576
45 140 756 324 913 3192 35 31 392 80 81 3 286 75 1509
15 122 683 323 931 3191 27 21 347 138 48 NA 280 58 1536
26 164 699 311 817 3090 39 22 395 80 46 2 245 65 1396
67 147 709 318 887 3407 45 28 421 83 83 NA 291 65 1542
83 169 851 340 972 3078 14 19 333 93 49 NA 266 71 1489
40 160 751 337 949 3099 51 13 346 95 74 1 274 68 1503
80 172 754 339 973 3260 43 35 386 92 74 1 254 62 1525
44 156 694 301 905 3275 33 31 374 136 53 1 250 78 1632
65 149 703 346 911 3107 80 17 443 142 52 NA 274 78 1591
65 178 688 342 876 3188 28 22 374 111 65 NA 241 66 1524
41 151 792 326 1020 3098 61 16 406 81 85 3 261 49 1522
10 123 685 318 934 3199 39 28 387 55 46 1 255 57 1513
64 177 774 371 919 3204 48 17 406 37 50 1 258 72 1627
18 140 780 343 875 3158 24 20 428 87 80 NA 269 67 1604
38 162 786 333 980 3103 22 34 179 58 65 1 262 56 1381
35 133 745 325 988 3194 59 27 383 133 85 2 294 52 1598
45 158 676 318 801 3139 43 14 356 106 56 NA 303 78 1583
74 151 666 331 881 3252 24 22 397 100 64 1 189 70 1543
50 165 707 338 935 3045 33 19 399 89 59 6 237 55 1479
33 141 658 321 905 3184 39 22 410 109 49 3 273 76 1564
29 160 719 362 791 3227 27 22 407 124 62 4 299 53 1452
94 188 788 366 967 3269 77 35 448 126 55 3 232 26 1554
72 155 747 332 975 3083 63 28 385 72 58 NA 233 60 1564
46 155 704 330 986 3192 46 20 347 55 56 1 241 59 1489
51 133 760 322 929 3075 50 18 389 189 62 1 249 73 1538
19 142 793 302 956 3291 98 16 406 125 69 3 235 64 1578
55 157 784 340 820 3185 28 21 362 58 67 NA 258 63 1462
25 155 709 365 898 3152 32 24 421 66 84 NA 272 46 1585
53 136 742 333 1000 3106 28 18 374 86 74 NA 259 59 1486
35 124 680 294 924 3114 43 15 455 83 38 NA 279 31 1543
37 151 696 300 832 3236 49 7 351 79 64 1 243 61 1535
39 167 831 301 875 3176 45 27 353 82 74 2 255 70 1556
69 77 713 336 997 3091 53 16 382 113 51 1 276 29 1399
44 135 757 347 933 3051 40 28 382 67 62 1 287 80 1688
36 168 797 304 921 3255 58 16 385 49 41 NA 268 69 1532
38 156 714 366 963 3130 44 29 375 42 56 NA 288 59 1540
40 112 776 315 896 3234 55 31 416 81 71 1 265 59 1557
41 136 709 372 762 2953 49 13 364 117 63 NA 268 69 1488
41 167 706 350 871 3064 31 24 421 58 68 NA 269 81 1630
33 134 711 297 852 3110 39 22 425 102 47 NA 227 73 1504
54 139 712 306 899 3270 36 20 385 95 56 3 254 56 1489
36 178 704 316 946 3115 31 18 338 99 53 NA 243 48 1595
31 155 792 345 931 3240 33 23 365 80 57 3 267 42 1556
24 153 712 298 849 3133 41 26 350 78 62 NA 301 49 1628
66 170 719 315 922 3169 55 28 443 92 81 NA 242 43 1609
48 164 723 297 866 3211 34 25 395 107 82 1 261 55 1392
32 164 710 344 859 3118 88 33 358 134 57 NA 256 60 1557
35 166 730 341 899 3105 50 21 427 44 63 NA 246 33 1479
77 172 656 371 861 3217 39 24 391 90 48 2 233 65 1429
47 147 722 335 929 3133 58 19 363 122 77 NA 207 74 1486
36 150 750 332 900 3169 43 28 401 67 82 1 284 76 1562
64 181 727 345 952 3384 39 14 416 56 62 1 235 71 1577
32 129 678 380 952 3189 41 26 379 93 71 1 275 51 1516
26 153 757 320 854 3120 55 33 355 193 47 4 252 52 1609
46 165 719 378 918 3235 48 23 333 74 65 NA 286 76 1461
42 124 728 288 845 2992 42 18 386 93 63 1 252 74 1479
44 142 731 288 918 3143 25 28 408 85 59 NA 249 62 1449
45 178 702 312 947 3160 44 31 419 49 31 NA 245 59 1537
51 131 758 310 926 3156 42 26 454 88 60 NA 294 77 1504
27 153 710 364 900 3147 34 23 363 92 65 NA 243 53 1612
44 154 665 325 856 3032 17 16 334 126 63 NA 266 41 1621
97 185 818 378 1051 3331 44 28 385 135 36 NA 264 49 1560
55 154 805 329 879 3045 30 23 327 67 61 NA 225 63 1530
23 140 724 306 794 3188 35 26 439 114 63 NA 262 76 1634
76 175 744 347 845 3111 32 25 376 148 57 NA 205 68 1506
39 159 788 318 924 3152 34 31 389 82 78 1 231 58 1499
61 151 770 351 993 3293 40 23 356 47 69 2 220 67 1543
47 156 729 305 934 3028 42 11 393 62 47 1 286 94 1387
24 158 786 371 1011 3075 41 22 392 71 88 1 264 65 1495
48 138 705 329 860 3191 51 13 433 43 76 NA 248 46 1515
60 192 739 365 864 3212 33 19 405 60 65 NA 290 50 1553
121 223 786 364 1030 3139 29 24 391 42 70 2 229 68 1439
39 77 798 321 868 3100 29 20 378 73 57 3 294 51 1542
62 175 770 400 878 3209 46 14 356 84 61 3 267 71 1602
27 138 790 351 948 3258 25 27 353 67 66 NA 296 64 1589
34 153 753 309 913 3010 45 17 360 106 56 1 289 57 1580
20 134 737 324 909 3274 66 18 413 185 52 1 216 86 1650
28 129 722 307 813 3076 40 18 378 124 68 NA 217 51 1464
53 188 769 360 969 3122 23 38 430 48 58 NA 271 49 1570
39 147 730 350 984 3147 22 15 377 81 57 1 207 52 1469
