"kdkd" "kukd" "kuku" "pkd" "pku" "pp" "tdkd" "tdku" "tdp" "tdtd" "tukd" "tuku" "tup" "tutd" "tutu"
9 78 503 287 943 3539 26 37 367 16 52 1 318 68 1714
14 106 531 264 951 3311 12 25 342 17 55 2 345 96 1502
12 78 598 261 955 3466 8 11 346 12 48 1 287 60 1458
13 93 575 249 983 3574 17 14 350 16 70 2 294 78 1516
6 103 538 246 1014 3462 8 29 352 20 53 NA 304 46 1570
7 82 604 205 874 3436 21 13 351 17 43 NA 308 71 1509
8 93 488 304 988 3572 14 15 336 17 67 0 356 70 1570
16 100 646 262 937 3521 17 6 338 23 43 0 271 74 1505
9 102 550 259 912 3565 17 15 354 17 52 NA 324 59 1504
12 116 594 274 966 3550 11 15 334 18 66 0 313 59 1656
13 118 601 265 966 3430 22 10 386 10 63 NA 359 69 1639
13 94 586 236 904 3505 12 20 352 11 54 1 346 58 1644
13 121 561 267 997 3453 15 32 370 17 62 NA 324 64 1647
20 111 652 243 917 3492 9 20 331 18 51 0 303 71 1412
7 95 642 248 1079 3438 15 11 351 23 54 1 340 62 1525
12 81 605 238 940 3481 18 27 347 24 41 NA 291 66 1466
9 86 567 277 953 3445 14 15 335 10 46 1 304 42 1598
11 100 544 250 969 3415 7 24 357 17 57 6 287 89 1472
19 84 592 251 925 3503 17 11 353 14 66 0 379 62 1675
12 80 582 272 988 3640 6 16 366 17 54 1 286 76 1474
12 89 522 239 1021 3632 14 22 371 13 43 NA 297 79 1600
13 118 569 261 924 3498 17 20 331 17 24 2 282 80 1584
11 92 565 261 923 3463 9 9 318 18 52 1 315 64 1615
10 81 582 262 970 3501 9 23 347 14 63 0 268 79 1543
7 80 599 241 1037 3625 21 24 298 17 49 0 333 86 1720
10 106 563 248 1070 3513 11 20 338 19 55 NA 356 60 1557
9 118 663 269 986 3521 11 24 372 19 45 0 333 74 1647
11 108 548 258 979 3444 11 20 352 18 73 NA 353 55 1656
11 103 640 275 1016 3515 18 20 346 16 54 0 322 69 1645
14 47 598 236 937 3355 11 18 348 11 58 1 359 64 1563
13 94 626 234 939 3546 15 32 386 19 45 1 283 56 1546
9 107 502 237 872 3514 21 23 327 19 60 NA 310 50 1423
11 110 620 286 1013 3698 22 19 338 18 58 0 264 93 1646
16 94 524 226 940 3481 18 20 331 15 65 NA 316 73 1539
15 94 673 287 1074 3605 16 9 346 21 59 NA 308 81 1632
15 120 669 292 1080 3483 10 12 369 18 61 1 354 45 1468
14 110 563 250 896 3422 13 26 348 17 28 0 301 71 1509
14 102 555 236 915 3575 17 26 340 14 43 NA 297 98 1704
12 96 625 254 1036 3611 17 15 372 24 53 3 333 74 1459
15 110 620 248 950 3392 8 17 319 14 55 1 331 89 1705
8 119 633 270 973 3398 18 32 346 23 54 1 310 48 1526
9 85 535 273 982 3555 18 30 359 12 53 1 334 71 1565
7 86 584 245 1039 3605 5 12 346 12 58 2 295 49 1584
12 93 590 237 946 3563 12 10 367 15 49 1 273 56 1697
11 111 518 256 951 3534 21 27 335 10 61 1 349 78 1465
8 83 565 249 895 3606 16 19 351 22 65 5 361 63 1581
14 93 609 267 1068 3514 12 26 379 13 53 1 323 62 1597
11 109 622 246 1031 3555 16 19 345 12 47 NA 334 56 1507
10 109 594 278 1046 3531 12 25 331 11 53 NA 337 70 1588
11 103 629 274 996 3562 17 8 347 25 63 2 351 67 1550
8 98 575 243 899 3414 15 31 340 18 63 0 314 32 1535
6 96 578 217 985 3609 14 16 338 17 21 0 290 59 1705
14 95 585 255 1023 3591 14 33 356 17 43 0 299 82 1572
10 110 592 237 1022 3456 19 18 383 16 49 NA 310 59 1582
12 93 554 244 955 3482 18 16 343 9 61 NA 332 63 1481
10 93 541 251 926 3429 12 27 364 17 43 NA 319 58 1539
10 76 537 263 914 3477 24 16 334 21 46 NA 131 59 1660
9 95 562 268 939 3610 6 18 398 18 60 2 303 65 1538
14 136 612 251 945 3485 11 21 363 12 58 4 352 103 1448
10 100 596 261 986 3518 21 11 335 6 55 NA 297 59 1629
8 113 556 248 947 3520 15 12 337 20 45 2 290 76 1629
13 111 611 249 971 3375 19 26 381 21 60 1 363 77 1512
11 107 586 231 993 3483 11 18 344 13 65 NA 294 49 1519
13 116 588 275 985 3486 13 11 372 11 61 1 329 61 1594
8 103 655 261 949 3512 17 19 347 13 43 5 337 67 1410
10 92 594 249 950 3474 17 28 359 15 51 1 169 58 1419
18 95 567 250 915 3527 14 15 327 17 51 NA 310 77 1547
20 101 517 240 893 3441 22 26 315 19 40 NA 333 55 1606
9 88 554 207 890 3558 21 19 361 11 50 0 310 72 1388
13 92 640 253 964 3446 13 18 317 25 64 1 302 55 1485
10 98 566 271 1074 3431 17 17 361 19 61 0 275 65 1476
11 108 571 254 855 3589 19 32 343 21 48 0 325 68 1627
22 100 604 268 1009 3604 18 21 305 20 59 1 303 65 1557
12 103 587 268 1003 3443 14 23 367 23 47 NA 338 80 1504
8 77 524 244 944 3673 14 28 347 11 50 1 282 75 1629
8 83 575 265 971 3369 17 18 340 20 67 2 322 66 1569
11 57 654 261 993 3382 23 28 357 8 49 NA 360 63 1713
10 96 576 243 979 3524 17 21 368 17 46 0 308 52 1592
13 109 622 236 1103 3577 14 9 319 22 60 4 281 71 1516
8 82 586 253 914 3565 11 24 338 17 73 2 309 72 1676
7 96 630 119 959 3542 10 6 356 18 56 NA 358 63 1547
12 84 524 267 956 3460 12 19 354 17 46 0 313 44 1596
19 91 618 247 1039 3517 12 13 361 20 50 0 298 66 1533
11 87 639 233 1038 3544 15 13 353 11 41 1 293 77 1585
11 95 568 258 902 3461 14 28 349 25 59 0 310 77 1485
8 96 590 245 902 3409 18 23 330 19 44 5 365 49 1510
14 110 619 244 1022 3649 21 22 320 10 38 NA 278 63 1461
16 114 700 270 1018 3590 18 26 343 20 47 3 299 40 1534
18 104 568 267 999 3567 8 23 360 19 65 NA 261 65 1532
11 103 619 249 1043 3557 16 19 350 14 62 1 292 72 1550
9 100 603 283 981 3451 14 19 346 19 54 0 332 67 1478
8 107 511 254 936 3465 21 17 337 12 66 2 297 77 1572
8 103 512 281 895 3462 21 31 343 18 75 0 275 48 1563
10 75 578 255 937 3450 13 19 364 22 52 0 294 63 1468
9 88 558 259 885 3407 15 24 355 20 67 0 351 57 1453
4 84 540 249 929 3532 11 22 340 17 57 3 311 99 1426
13 88 542 244 439 3488 22 34 338 13 55 1 322 65 1506
12 91 578 292 924 3542 13 11 321 10 53 7 358 62 1510
14 83 569 245 896 3411 14 22 347 7 63 2 292 64 1667
14 97 525 237 858 3350 13 36 363 21 54 0 346 92 1672
