"kdkd" "kukd" "kuku" "pkd" "pku" "pp" "tdkd" "tdku" "tdp" "tdtd" "tukd" "tuku" "tup" "tutd" "tutu"
217 471 2347 1032 2571 18633 87 79 1273 236 132 1 673 153 5478
220 484 2340 1062 2559 18642 95 79 1293 251 145 3 685 137 5454
230 460 2348 1055 2589 18707 97 80 1267 277 130 1 702 142 5468
222 477 2328 1041 2523 18609 91 81 1269 256 140 1 679 136 5454
223 472 2321 1068 2542 18693 95 82 1259 250 128 2 678 147 5450
223 474 2351 1072 2575 18651 93 85 1286 242 125 2 688 145 5434
218 476 2334 1046 2542 18602 102 75 1251 243 138 1 680 148 5506
233 472 2348 1052 2567 18682 93 81 1275 272 130 1 687 146 5448
216 467 2313 1042 2517 18535 83 76 1251 243 132 1 685 142 5459
230 472 2324 1056 2530 18681 89 78 1286 262 140 2 698 142 5493
226 492 2342 1067 2543 18658 125 85 1313 247 131 1 706 147 5515
231 478 2331 1037 2538 18682 92 81 1267 276 148 1 694 148 5471
227 481 2302 1036 2531 18559 100 83 1289 249 134 1 686 149 5457
215 466 2340 1024 2554 18642 90 77 1249 256 135 2 707 140 5505
215 473 2337 1045 2554 18660 91 83 1256 241 135 1 692 141 5445
219 468 2354 1045 2562 18743 91 80 1277 252 134 1 678 156 5447
214 476 2330 1037 2567 18575 90 78 1259 245 143 2 685 138 5494
215 483 2371 1035 2582 18640 93 80 1276 252 140 1 687 144 5493
216 459 2321 1022 2550 18649 90 80 1304 302 139 1 685 149 5480
230 463 2359 1033 2587 18811 89 81 1267 240 134 3 690 146 5493
226 472 2304 1076 2546 18624 97 80 1281 268 138 1 669 151 5473
220 463 2303 1059 2516 18668 93 83 1270 237 143 1 679 148 5492
242 475 2316 1067 2550 18631 129 80 1311 307 139 1 692 155 5535
215 471 2356 1042 2572 18607 98 83 1284 242 141 1 691 148 5472
219 472 2336 1043 2571 18657 101 80 1268 238 139 1 693 134 5506
217 465 2341 1044 2575 18533 91 80 1264 246 132 1 677 139 5457
231 477 2339 1051 2566 18625 89 79 1283 259 132 1 679 152 5493
221 464 2327 1034 2569 18692 101 79 1243 265 137 2 680 153 5463
222 486 2351 1071 2586 18725 117 87 1309 240 128 2 693 149 5430
218 472 2330 1035 2561 18567 97 78 1301 239 136 1 694 161 5506
224 478 2331 1050 2570 18681 110 80 1279 248 130 1 688 151 5499
223 488 2343 1055 2580 18634 91 85 1266 245 129 1 683 139 5461
219 471 2328 1041 2549 18551 89 79 1263 252 141 2 693 145 5500
219 465 2337 1044 2565 18788 94 80 1286 246 128 1 683 143 5471
221 474 2358 1033 2570 18723 98 88 1300 257 134 2 705 149 5544
221 468 2310 1026 2525 18618 93 81 1257 252 136 1 674 154 5449
224 467 2337 1028 2565 18654 93 80 1296 259 131 3 685 146 5512
216 477 2342 1035 2554 18606 97 80 1268 235 128 2 690 146 5442
219 483 2320 1053 2539 18569 93 79 1282 265 135 1 696 149 5522
220 484 2349 1052 2563 18655 121 81 1292 232 134 1 682 140 5485
222 483 2361 1034 2585 18712 91 81 1312 245 134 1 678 151 5450
219 489 2362 1057 2608 18788 93 81 1265 261 140 2 693 147 5477
222 482 2344 1051 2547 18644 88 80 1296 249 134 1 682 145 5461
219 476 2330 1028 2538 18662 99 79 1274 257 120 1 689 139 5498
222 473 2343 1043 2557 18600 93 82 1268 275 133 3 659 149 5512
220 481 2327 1055 2556 18700 95 77 1282 253 139 1 690 145 5452
216 466 2326 1041 2530 18671 99 82 1283 242 136 1 683 142 5501
218 468 2298 1027 2516 18640 99 83 1255 286 133 1 682 152 5545
225 469 2291 1050 2545 18638 94 81 1286 234 132 1 686 144 5480
229 475 2320 1049 2535 18667 98 82 1278 263 140 1 697 148 5502
218 468 2330 1054 2540 18693 91 78 1289 255 129 1 688 150 5531
220 478 2326 1037 2525 18643 93 80 1295 236 140 2 687 138 5484
254 477 2324 1109 2552 18790 94 78 1276 248 134 2 677 145 5490
222 471 2333 1036 2539 18610 93 79 1277 240 132 4 690 143 5521
220 475 2335 1041 2559 18564 96 85 1282 238 143 2 699 135 5462
216 469 2312 1056 2523 18581 89 83 1246 250 136 1 691 145 5527
214 453 2323 1028 2550 18677 94 79 1272 248 128 1 690 149 5551
216 462 2310 1043 2527 18728 95 77 1261 248 136 2 684 139 5485
215 465 2322 1044 2533 18621 87 81 1272 242 132 3 657 142 5470
217 479 2354 1029 2571 18691 95 82 1259 267 133 1 694 142 5492
215 456 2309 1034 2529 18654 90 80 1268 240 138 1 690 146 5484
218 470 2351 1056 2577 18674 87 83 1253 237 138 1 675 154 5504
217 460 2341 1025 2592 18726 91 86 1277 242 130 1 679 137 5485
252 460 2322 1055 2544 18709 90 80 1271 252 125 1 683 145 5491
235 484 2335 1067 2551 18526 90 81 1266 245 137 3 698 136 5453
217 483 2336 1041 2556 18642 97 78 1287 239 138 1 662 146 5452
229 472 2311 1053 2537 18615 94 79 1284 272 140 1 679 141 5474
265 479 2356 1093 2547 18706 94 84 1278 288 137 1 698 154 5533
220 479 2313 1064 2556 18704 120 85 1317 244 136 1 696 149 5504
217 465 2334 1034 2557 18677 93 79 1270 242 129 1 666 151 5504
215 473 2340 1050 2567 18637 99 81 1262 260 132 3 698 137 5473
221 466 2312 1028 2543 18554 90 80 1265 276 131 1 695 139 5465
217 478 2325 1040 2534 18682 91 82 1279 241 143 1 700 140 5555
219 457 2302 1031 2509 18671 92 79 1281 276 133 4 686 141 5486
221 485 2352 1051 2605 18619 90 83 1275 249 127 1 686 138 5477
221 477 2325 1045 2572 18648 90 80 1268 320 144 1 691 145 5521
217 466 2337 1047 2558 18718 89 79 1275 262 120 1 694 147 5476
222 472 2320 1060 2538 18704 92 81 1269 247 144 1 677 148 5496
225 480 2312 1059 2529 18580 114 83 1268 239 134 2 705 147 5453
221 468 2351 1063 2553 18671 96 81 1267 238 142 1 692 142 5508
230 492 2301 1058 2514 18618 109 85 1277 283 140 1 682 146 5522
214 466 2314 1049 2528 18644 91 86 1283 252 126 1 703 141 5556
224 488 2356 1070 2582 18639 91 80 1281 259 142 3 679 134 5483
217 469 2309 1031 2523 18564 48 78 1268 244 135 1 703 141 5463
241 469 2317 1049 2534 18529 96 83 1275 231 146 1 713 146 5498
222 483 2332 1049 2568 18644 102 79 1285 271 132 2 698 138 5423
219 480 2352 1045 2570 18593 97 84 1303 233 133 1 680 152 5534
223 474 2315 1032 2534 18577 90 81 1293 246 131 2 688 142 5434
224 468 2330 1038 2550 18553 114 80 1280 272 139 1 700 145 5492
210 462 2312 1016 2537 18627 98 78 1279 254 134 1 686 147 5490
235 488 2338 1086 2562 18607 110 83 1282 237 142 1 686 141 5466
215 469 2304 1040 2512 18634 98 75 1286 247 156 1 699 145 5541
214 462 2329 1029 2542 18658 89 78 1257 240 134 1 688 147 5422
218 478 2333 1044 2581 18755 88 77 1271 240 140 1 687 142 5508
242 481 2367 1050 2555 18713 90 78 1294 268 143 1 692 155 5503
229 478 2317 1060 2523 18575 99 79 1275 242 128 1 676 145 5492
215 476 2307 1051 2502 18627 90 79 1259 233 141 1 685 145 5458
217 468 2335 1044 2560 18665 94 86 1286 244 129 3 704 143 5477
260 490 2358 1069 2588 18719 91 83 1283 263 136 NA 689 142 5457
218 480 2323 1043 2543 18600 99 85 1281 253 139 2 691 155 5482
