"kdkd" "kukd" "kuku" "pkd" "pku" "pp" "tdkd" "tdku" "tdp" "tdtd" "tukd" "tuku" "tup" "tutd" "tutu"
55 136 766 271 891 3159 46 41 415 94 81 6 310 63 1812
48 136 832 360 1001 3340 48 23 392 133 57 1 268 70 1821
29 141 706 279 897 3351 32 23 392 100 83 NA 317 58 1886
36 151 803 249 897 3283 41 28 398 79 74 NA 262 52 1835
38 120 827 349 899 3156 47 16 406 153 76 NA 313 56 1850
15 126 791 319 524 3232 26 25 425 140 73 1 328 33 1848
21 128 776 309 1021 3243 48 14 400 67 74 1 318 67 1892
18 72 757 275 984 3331 30 18 367 100 83 NA 306 70 1920
46 125 802 293 949 3359 23 25 437 166 59 1 317 67 1882
22 159 781 326 892 3248 31 22 446 102 75 2 310 70 1793
48 70 686 252 887 3188 28 25 449 142 56 5 297 60 1998
33 155 771 300 1043 3272 33 27 413 183 52 NA 280 42 1890
37 154 740 317 879 3166 49 16 424 74 51 NA 281 100 1899
38 135 697 318 993 3415 47 13 447 105 67 1 285 53 1959
21 161 808 370 1021 3281 55 23 434 105 77 NA 297 58 1850
23 115 712 274 960 3279 47 22 390 116 64 3 317 55 1880
80 167 744 345 974 3176 43 25 446 106 67 NA 295 47 1900
39 124 766 338 1004 3286 39 21 423 160 67 NA 303 71 1899
75 150 765 341 911 3273 38 31 403 123 57 NA 287 61 1805
38 120 785 249 926 3267 57 27 390 93 53 NA 284 71 1964
57 121 699 273 859 3157 31 18 417 182 63 NA 297 64 1943
24 116 790 297 1002 3258 21 25 426 104 66 1 273 64 1887
16 132 751 264 892 3163 44 25 390 76 63 5 311 76 1849
36 152 752 321 966 3332 23 30 425 168 67 1 303 74 1829
46 141 726 285 931 3193 29 19 377 69 71 NA 266 58 1819
37 137 749 330 1009 3279 36 25 409 55 70 6 287 66 1807
38 143 741 243 935 3302 20 21 439 207 70 1 304 68 1980
31 134 686 354 950 3149 42 22 380 99 78 NA 306 51 1780
16 139 748 340 929 3317 44 18 422 74 71 2 337 67 1725
46 130 704 311 970 3283 25 19 389 103 85 NA 288 70 1917
36 121 694 344 953 3298 27 19 393 120 64 1 345 73 1831
53 142 746 283 992 3280 44 25 413 157 77 NA 322 77 1966
12 116 714 251 886 3272 33 20 380 73 70 3 288 75 1932
36 173 785 334 908 3401 37 17 405 105 77 NA 320 72 1861
41 106 697 287 957 3304 41 21 423 150 71 NA 292 46 1871
52 184 769 330 1015 3248 25 18 400 100 49 1 323 75 1918
15 140 761 315 1085 3389 33 25 418 112 74 1 321 57 1826
18 126 774 304 938 3419 52 30 423 78 76 NA 279 67 1850
41 149 806 284 950 3285 32 19 412 76 55 3 325 61 1936
22 122 727 276 897 3300 35 29 364 100 40 NA 331 58 1835
27 125 788 314 958 3362 93 28 458 72 77 NA 294 53 1887
31 151 729 299 917 3252 50 17 432 69 73 2 302 76 1781
25 144 730 287 966 3355 24 22 358 91 52 NA 288 78 1844
27 146 700 328 975 3252 60 15 430 100 61 1 317 80 1867
13 122 740 324 913 3327 21 20 398 130 84 1 335 68 1809
80 176 746 365 1043 3357 17 16 419 184 66 4 310 64 1881
41 161 753 311 970 3417 31 28 456 120 55 NA 294 65 1834
46 140 758 291 961 3240 29 28 437 100 53 NA 327 34 2003
27 137 725 287 957 3241 43 25 414 101 66 NA 283 59 1867
30 151 732 305 897 3430 43 23 399 117 74 1 307 58 1943
72 175 829 302 1001 3258 42 24 341 86 48 NA 293 50 1899
29 146 661 330 840 3164 42 19 450 117 46 NA 313 79 1960
31 162 747 313 899 3383 37 28 382 82 44 1 265 77 1904
26 137 676 238 890 3295 19 18 441 107 71 1 287 64 1831
22 127 802 259 945 3228 19 34 452 105 79 2 311 53 1953
45 131 791 330 1014 3337 31 33 407 77 70 NA 297 65 1883
51 152 772 342 1008 3237 29 20 374 118 56 1 315 62 1781
18 145 775 357 1022 3312 57 21 395 112 69 NA 308 59 1855
19 92 669 300 926 3332 39 22 405 169 74 1 313 66 1911
25 125 767 309 987 3334 40 21 406 99 69 1 333 62 1866
55 125 778 320 929 3323 38 12 440 136 77 NA 243 63 1919
52 152 736 338 1019 3319 27 23 407 93 71 NA 252 67 1906
13 116 789 304 921 3298 54 24 413 50 70 1 294 60 1934
24 108 644 260 949 3235 40 19 380 96 61 NA 292 59 1903
51 160 703 318 843 3289 47 15 405 72 55 1 299 53 1976
14 147 685 331 910 3304 37 13 438 84 68 1 300 67 1804
46 140 725 316 916 3365 55 27 363 105 60 4 298 82 1874
27 160 678 288 916 3199 38 25 397 167 82 1 321 55 1717
41 137 705 312 919 3253 32 17 428 107 80 1 260 65 1739
63 176 759 356 948 3389 45 18 381 140 62 NA 288 71 1925
47 126 705 303 835 3212 22 30 399 124 70 NA 250 68 1892
27 127 711 321 979 3282 47 26 425 110 83 1 266 60 1999
28 117 732 293 967 3245 32 21 432 111 68 NA 266 71 1875
37 152 664 289 882 3425 54 15 398 85 34 1 298 46 1803
12 143 699 311 952 3169 47 13 443 137 30 NA 277 77 1845
35 131 774 315 1006 3221 40 23 392 88 50 NA 321 63 1777
36 122 829 323 1012 3303 38 23 421 48 48 1 261 73 1914
16 140 778 324 931 3350 26 20 435 167 72 NA 301 69 1904
30 124 751 308 950 3278 29 33 418 175 83 1 326 70 1751
33 112 751 365 963 3353 34 19 357 92 94 1 308 52 2004
26 162 770 344 916 3402 34 23 411 74 85 1 341 60 1999
34 164 745 311 949 3362 29 19 389 67 68 NA 289 64 1951
35 121 714 292 907 3247 46 25 407 90 73 NA 279 84 1763
15 119 670 308 836 3220 15 31 387 116 54 1 264 60 1842
55 133 777 334 1004 3390 32 29 415 92 67 2 305 76 1774
33 118 688 300 966 3274 37 22 400 135 67 1 308 51 1936
49 155 810 298 1017 3356 31 35 372 101 67 4 298 63 1906
30 135 734 285 1029 3251 39 25 415 90 61 1 135 69 1922
35 170 772 380 1084 3329 38 26 415 72 74 1 262 90 1876
34 143 726 261 936 3273 33 36 427 70 82 NA 281 54 1824
47 151 719 305 901 3307 33 13 332 162 44 NA 296 82 1978
17 135 675 298 970 3286 52 29 374 159 69 1 279 75 1845
21 136 734 322 877 3252 44 25 440 73 71 1 315 63 1682
28 119 757 320 924 3163 40 15 416 87 49 4 283 46 1907
43 167 729 337 953 3402 31 29 404 142 72 NA 293 79 1839
40 189 815 350 979 3246 55 25 400 133 68 NA 282 55 1887
11 125 779 288 942 3382 40 19 430 137 73 NA 311 64 1830
47 147 738 302 905 3149 31 32 438 126 51 3 327 79 1794
39 148 727 368 945 3289 28 29 443 87 59 1 323 39 1811
57 161 739 332 1032 3338 31 11 359 118 71 4 249 66 1803
