"kdkd" "kukd" "kuku" "pkd" "pku" "pp" "tdp" "tdtd" "tup" "tutd" "tutu" "tdkd" "tukd" "tdku" "tuku"
20 56 62 18 54 137 21 18 7 6 24 NA NA NA NA
14 37 65 26 36 143 12 4 5 4 14 1 1 NA NA
18 63 87 29 52 127 16 12 10 7 15 1 1 NA NA
37 78 86 36 66 109 12 9 7 6 14 NA NA NA NA
20 72 94 19 45 123 28 18 11 11 28 NA 1 NA NA
16 59 84 39 64 141 15 12 7 11 19 NA 2 NA NA
24 56 60 29 60 148 8 12 8 12 23 1 1 NA NA
29 59 63 43 80 142 9 5 10 13 28 1 NA NA NA
20 49 49 26 52 97 11 13 3 9 19 NA NA NA NA
37 59 61 47 67 130 15 17 6 12 13 NA 3 NA NA
13 35 74 31 67 149 19 7 9 5 27 1 1 1 NA
37 85 75 45 56 126 14 10 2 9 21 NA NA NA NA
25 77 79 50 36 122 9 4 5 7 35 NA NA NA NA
14 62 77 39 80 103 13 13 7 8 25 1 NA NA NA
16 53 51 32 57 149 11 5 9 2 12 1 NA 1 NA
28 52 60 31 39 126 18 12 6 11 27 NA NA 1 NA
21 50 48 33 50 142 23 9 2 14 31 NA NA NA NA
23 57 64 32 70 139 18 10 4 2 19 1 1 NA NA
36 55 75 37 49 138 11 4 16 8 29 NA NA NA 1
14 48 62 23 59 129 15 13 3 4 18 1 2 NA NA
20 62 79 24 77 140 6 22 1 2 16 1 NA NA NA
12 55 71 21 59 107 12 10 3 9 14 NA NA NA NA
18 56 65 37 39 112 25 17 8 10 34 1 1 NA NA
26 56 51 31 53 137 12 11 4 9 30 NA 1 NA NA
23 57 66 35 51 141 19 16 12 12 24 NA 2 NA NA
27 52 65 29 51 124 18 12 5 11 17 2 3 NA NA
13 55 78 14 56 137 19 10 5 14 23 NA NA NA NA
27 56 60 18 59 113 15 4 4 5 29 NA NA NA NA
15 47 67 36 46 108 10 14 4 8 26 NA NA NA NA
25 40 63 25 63 141 17 9 11 12 31 1 NA NA NA
22 60 73 38 58 115 14 12 6 6 22 1 2 NA NA
25 37 73 51 86 157 14 16 3 11 14 1 NA NA NA
13 52 58 31 45 118 8 5 1 13 20 NA NA NA NA
15 32 78 16 49 133 19 5 3 8 24 1 4 NA NA
11 55 71 37 66 131 23 12 1 10 18 2 NA NA NA
33 69 78 35 76 146 23 11 4 9 21 1 1 1 NA
19 67 62 21 70 124 14 6 5 7 26 1 NA NA NA
21 60 76 43 68 147 10 13 3 15 32 1 1 NA NA
21 56 64 41 72 121 15 19 3 8 27 1 NA NA 1
26 67 73 30 73 139 16 20 8 17 34 NA NA NA NA
24 75 81 29 46 139 25 17 2 7 29 1 NA NA NA
19 49 57 22 70 124 21 7 9 13 22 NA 1 NA NA
21 46 65 39 62 144 12 6 7 8 37 NA NA NA NA
27 65 77 44 69 123 17 12 7 4 19 NA 1 NA 2
24 66 76 41 72 139 7 6 1 11 25 NA NA NA NA
19 67 79 35 60 114 17 12 4 13 32 1 1 NA NA
18 53 52 31 52 124 9 15 11 15 24 NA 1 NA NA
3 34 64 33 79 140 15 10 3 13 27 NA NA NA NA
12 62 71 34 65 127 13 4 2 13 18 1 1 3 NA
12 38 52 36 61 136 15 11 8 8 16 NA NA NA NA
28 59 62 42 67 116 22 15 9 10 28 1 NA NA NA
31 84 75 31 63 142 14 13 7 5 20 NA NA NA NA
10 57 65 35 64 147 20 14 8 11 19 NA 1 NA NA
5 43 67 22 57 146 11 14 1 11 22 1 NA NA NA
35 59 58 39 58 142 6 17 3 8 22 1 1 1 NA
23 52 63 31 56 124 6 10 9 19 22 1 1 NA NA
22 54 66 34 68 119 15 13 6 8 32 1 NA NA NA
12 43 39 43 40 138 15 19 2 10 20 1 1 NA NA
21 48 54 33 58 130 28 12 3 7 21 NA NA NA NA
20 72 67 19 47 149 15 9 7 5 20 1 NA NA NA
16 22 71 23 51 124 21 14 10 9 24 1 1 NA NA
23 62 68 29 58 112 16 8 7 11 23 NA NA NA NA
26 74 68 47 62 140 11 13 2 13 11 NA NA NA NA
37 67 58 35 51 136 17 12 8 5 24 NA NA NA NA
22 60 76 47 53 127 14 10 1 15 23 1 NA NA NA
18 32 68 39 71 149 20 12 9 7 22 4 NA 2 NA
20 54 55 31 46 115 6 6 11 17 16 NA NA NA NA
21 49 57 32 77 162 16 15 3 11 33 NA NA NA NA
12 38 52 23 57 118 24 23 4 3 16 2 NA 1 NA
14 38 46 28 54 129 18 12 11 5 18 NA NA 1 NA
33 82 74 32 42 145 5 7 4 7 24 NA NA NA NA
25 77 78 37 68 134 8 5 5 11 17 NA 1 NA NA
19 62 51 27 47 141 27 14 9 10 39 1 NA 1 NA
13 31 51 27 59 118 13 9 4 13 26 NA 3 NA NA
20 34 74 35 78 151 10 13 5 9 20 2 NA NA NA
21 62 74 31 58 142 19 13 4 17 33 1 1 1 NA
15 60 62 28 70 160 7 21 2 7 20 NA 1 NA NA
18 65 49 33 55 126 17 9 5 8 21 NA 1 NA NA
7 35 55 28 50 119 16 10 7 6 26 1 1 1 NA
12 61 67 38 46 123 18 14 4 12 12 NA NA 1 NA
6 46 56 28 61 118 20 14 NA 11 27 NA NA 1 NA
22 63 65 52 55 104 13 6 1 9 19 NA NA NA NA
23 41 51 29 50 152 18 16 2 4 24 NA NA NA NA
23 62 65 37 75 141 10 19 7 11 20 NA NA NA NA
21 64 74 30 67 108 17 20 2 9 25 NA 1 NA NA
24 72 87 32 43 137 14 12 2 8 15 2 1 1 NA
16 56 66 23 43 127 14 20 10 14 18 3 NA NA NA
6 46 67 25 43 126 15 9 10 9 24 NA NA 4 NA
17 48 53 29 45 160 20 11 3 11 23 NA NA NA NA
15 43 51 34 61 150 20 10 6 10 14 NA 1 NA NA
27 60 60 39 64 135 15 11 8 11 24 1 1 1 NA
20 26 83 32 70 134 11 6 3 3 20 NA NA NA NA
20 68 63 39 71 147 12 14 6 8 14 1 1 NA NA
22 47 64 27 59 153 14 13 6 9 28 3 NA NA NA
23 55 77 30 67 146 22 15 3 11 30 NA NA NA NA
28 55 84 24 49 104 15 7 2 11 23 NA 2 NA NA
18 32 68 29 58 126 13 14 6 9 23 NA 2 NA NA
20 45 77 36 74 135 23 9 5 3 15 NA NA NA NA
19 55 52 30 56 140 14 8 5 14 13 2 NA NA NA
16 44 70 32 70 131 16 11 7 11 20 1 NA NA NA
