"kdkd" "kukd" "kuku" "pkd" "pku" "pp" "tdkd" "tdku" "tdp" "tdtd" "tukd" "tuku" "tup" "tutd" "tutu"
39 195 879 403 1075 3897 47 14 463 188 102 3 341 74 1929
52 183 793 362 1097 3977 80 39 535 139 82 NA 339 81 2124
28 216 872 366 1037 3781 40 27 502 80 84 1 358 90 2177
61 158 863 360 1081 3963 17 27 499 60 64 1 322 96 2093
33 169 964 351 1120 3801 92 13 556 167 83 3 355 104 2042
36 200 889 439 1140 3925 57 42 505 144 79 NA 311 82 2052
48 160 918 407 1093 3885 40 19 533 161 59 NA 363 45 2052
30 197 947 345 1196 3967 47 14 493 97 69 NA 288 85 1848
29 184 931 429 1140 3971 63 26 515 105 88 2 327 72 1997
40 164 941 384 1147 3843 20 13 527 50 82 NA 389 74 2202
46 176 907 364 1143 3844 58 31 492 146 92 NA 304 80 2107
69 173 853 367 1122 3913 59 24 481 145 101 NA 397 87 1968
69 187 817 368 1064 3761 45 42 492 120 78 8 348 73 1930
41 177 891 432 1155 3940 35 28 458 229 82 1 173 73 2007
27 156 855 374 1086 3993 51 28 483 73 74 1 332 89 1919
74 219 873 423 1107 3886 51 36 501 119 87 1 360 99 1969
98 170 900 385 1132 3859 33 34 413 163 73 NA 374 32 1966
53 183 995 390 1153 3871 79 54 534 123 74 1 322 89 2081
37 181 825 327 1125 3870 45 17 469 147 62 NA 319 85 2088
45 135 877 379 1085 3863 38 33 517 141 86 NA 335 87 1904
46 152 916 335 1180 3986 61 32 536 137 75 3 348 39 2108
31 205 902 388 1074 3764 66 42 491 85 94 1 344 103 2028
33 201 913 403 1153 3990 60 9 510 165 72 NA 329 86 2094
28 169 913 374 1168 3803 82 52 525 138 79 NA 356 80 1948
31 185 858 386 1134 3922 36 27 461 50 82 NA 368 94 1973
54 175 871 378 1006 3886 53 25 532 140 75 NA 324 105 2057
41 198 911 369 1032 3815 46 16 541 162 80 NA 354 66 2215
26 170 881 379 1046 3761 91 22 483 171 94 NA 333 65 2021
47 168 815 393 1215 3953 43 27 534 76 95 NA 365 86 2032
63 202 876 440 1101 3771 41 33 517 167 76 NA 304 105 1929
47 212 943 416 1067 3870 59 37 506 120 104 NA 348 115 1953
64 235 949 426 1209 3968 36 25 501 118 88 NA 294 90 1997
35 215 787 432 1051 3992 35 29 465 110 78 NA 314 88 2055
14 188 858 411 1128 4063 19 30 519 111 78 NA 376 65 1934
56 195 879 364 1033 3866 27 31 492 133 71 NA 328 78 2095
42 157 873 353 1106 3915 31 30 494 141 78 NA 332 105 2077
36 176 942 414 1068 3810 35 37 524 99 78 NA 354 92 2021
59 194 983 404 1223 3948 35 25 567 184 70 6 324 79 2064
54 157 879 386 1132 3922 48 25 457 198 84 1 337 72 1912
57 94 935 375 1134 3856 54 14 436 133 62 1 360 79 1959
51 97 873 443 1105 3860 47 9 477 184 93 1 381 66 2034
30 146 784 390 1086 3929 30 26 443 106 81 3 297 96 2095
51 193 984 365 1137 3971 44 24 505 119 61 4 359 92 2021
29 119 909 372 1167 3999 44 29 567 71 106 NA 297 92 2047
72 212 957 423 1152 3856 63 32 497 85 64 3 315 71 2114
32 140 922 390 1188 3995 54 21 489 141 89 NA 313 64 2087
46 245 972 420 1208 4026 61 28 499 106 78 NA 276 89 2068
34 74 831 388 1113 4047 59 13 466 141 85 NA 369 83 2126
26 187 1013 358 1196 4009 60 30 560 142 91 NA 348 85 1963
51 154 947 361 1128 3886 49 35 481 86 52 NA 341 100 2231
33 186 915 376 1146 3951 89 28 484 121 70 1 343 85 1977
53 159 835 396 1063 3833 58 21 461 117 97 NA 372 102 2158
38 191 865 381 1129 3965 65 21 421 152 93 1 346 89 2129
84 225 894 409 1071 3760 45 33 466 138 93 1 359 50 2023
38 193 854 400 1099 3977 41 34 466 189 67 NA 300 51 1976
76 234 833 429 1068 3870 68 31 497 148 82 1 333 92 1991
74 195 985 457 1214 3958 42 28 464 116 71 NA 343 81 2081
51 194 919 417 1189 3945 55 21 481 113 68 NA 364 78 2147
46 193 904 394 1074 3913 63 12 513 128 82 5 343 95 1950
45 211 901 383 1109 3821 34 20 459 104 30 3 318 80 1988
70 201 864 419 1096 3931 43 39 469 158 77 NA 329 83 1985
79 177 886 406 1252 4092 66 24 481 155 89 1 268 95 1923
54 163 893 421 1076 3780 53 34 494 143 75 3 371 82 1985
74 192 910 397 1113 3893 58 16 472 99 83 2 341 90 2099
37 188 832 363 964 4007 75 28 498 56 61 2 352 100 2084
66 196 913 414 1283 3970 42 24 546 117 90 NA 347 88 1908
25 144 851 352 1131 3818 44 31 481 173 83 NA 344 70 2104
35 175 870 370 1045 3862 53 42 534 67 63 3 362 85 2137
44 178 937 385 1239 3897 48 27 494 127 76 2 332 73 2080
100 170 856 387 1072 4047 58 29 511 162 88 2 346 94 2074
37 158 919 361 1140 3956 26 23 448 129 72 1 337 76 2007
85 185 969 439 1175 4082 43 30 514 105 73 NA 309 89 2208
36 169 868 427 1230 3922 116 36 490 105 93 NA 340 71 2023
33 177 924 407 1264 3913 49 36 538 97 85 3 290 87 2193
24 157 892 386 1031 3854 47 31 517 143 70 1 300 98 1972
73 197 816 403 1005 3899 42 30 467 128 97 1 317 80 1977
45 191 800 404 1035 3724 57 23 528 170 78 NA 354 79 2080
57 184 868 394 1101 3806 55 24 475 122 84 1 331 67 2063
55 181 849 391 1166 4080 31 22 482 149 79 1 336 66 2081
79 194 901 392 1145 3758 12 17 524 118 92 NA 328 70 1980
54 200 841 436 1032 3896 53 29 494 65 66 2 334 72 1870
87 111 905 402 1148 3811 58 18 433 125 69 NA 350 64 2158
37 151 869 389 1112 3767 45 29 461 86 70 NA 328 86 2131
30 186 959 399 1170 3833 77 39 516 159 72 NA 315 49 2055
73 103 876 383 1147 3906 38 34 481 91 77 NA 313 61 2127
31 193 872 410 1101 4031 53 28 454 138 99 3 334 79 1917
32 207 932 435 1197 3955 59 47 538 102 87 NA 323 84 2014
53 193 876 440 1124 4010 54 24 515 125 87 1 317 87 2005
48 193 861 438 1154 3855 29 34 518 62 76 NA 374 79 2199
43 194 951 386 1183 3938 65 34 502 138 88 NA 314 69 1887
47 172 903 380 1079 3914 34 17 464 182 81 NA 329 59 2052
77 190 928 461 1129 3871 57 27 508 138 84 NA 392 77 2109
39 181 871 396 1100 3885 59 23 489 70 76 2 297 79 2022
33 181 910 380 1093 4111 54 23 525 103 72 1 306 84 2016
31 168 933 378 1088 3871 75 30 469 163 85 NA 401 106 2138
45 182 827 392 1111 3856 75 25 505 104 101 1 338 89 1915
20 159 932 435 1114 3837 54 25 485 77 82 1 337 101 2035
65 192 953 397 1178 3815 43 35 494 165 86 2 317 83 1932
59 180 832 426 1042 3843 27 28 443 142 81 6 287 88 1939
48 213 885 401 1132 3709 30 36 471 147 83 1 307 91 2056
