"kdkd" "kukd" "kuku" "pkd" "pku" "pp" "tdkd" "tdku" "tdp" "tdtd" "tukd" "tuku" "tup" "tutd" "tutu"
29 91 330 70 242 454 8 7 59 14 7 1 28 16 74
44 129 354 94 311 518 11 9 63 9 10 NA 32 29 86
34 130 350 94 281 474 8 22 84 7 7 NA 26 11 85
39 113 324 111 301 450 11 2 66 16 7 NA 27 16 73
36 89 296 81 235 453 5 9 57 14 11 NA 32 19 77
17 95 300 36 207 490 8 16 68 13 8 NA 28 7 76
36 89 278 80 255 486 5 3 55 11 7 NA 31 17 71
27 95 300 76 279 531 14 10 77 8 13 NA 19 11 61
31 96 301 83 290 522 10 3 65 15 7 NA 29 17 74
39 136 317 77 254 473 6 5 66 14 7 NA 23 21 67
35 107 275 91 245 515 4 5 63 22 10 2 24 10 76
34 77 271 78 246 439 10 6 74 15 13 NA 12 15 98
21 113 326 95 238 451 13 3 72 28 5 NA 24 13 80
52 75 287 105 230 566 15 12 86 15 4 NA 32 7 60
30 123 395 92 280 489 4 12 65 20 9 NA 17 9 68
49 109 340 97 267 432 31 10 65 32 9 NA 29 15 66
30 109 300 99 258 478 20 11 60 11 7 NA 9 15 59
31 106 316 84 269 486 11 5 56 14 11 NA 20 19 59
53 115 326 92 277 450 14 15 69 20 9 NA 41 18 71
19 106 303 94 253 509 16 9 80 12 10 NA 29 14 73
16 77 305 64 308 433 9 13 40 11 8 NA 24 11 69
32 101 303 71 225 440 3 2 65 11 13 NA 27 7 70
32 124 297 86 296 508 3 14 75 22 5 NA 40 16 68
41 119 292 94 266 481 12 9 50 25 13 NA 27 14 81
37 110 333 92 292 483 11 20 71 19 9 NA 31 15 76
35 123 326 82 282 440 8 3 50 3 10 NA 30 6 65
35 109 308 91 255 473 5 1 52 10 6 NA 28 11 66
20 80 307 71 263 463 11 10 58 19 6 NA 40 14 62
31 101 269 97 288 481 17 8 66 6 7 NA 37 8 67
22 93 263 78 238 499 15 11 78 6 3 NA 25 11 66
30 112 353 88 314 467 9 17 55 20 12 NA 13 15 77
33 118 317 92 237 462 5 9 59 10 5 NA 22 21 82
49 103 311 81 117 433 7 7 63 13 10 NA 39 15 71
18 66 310 69 256 469 13 6 63 13 7 NA 33 14 68
35 111 269 99 269 550 13 8 73 8 9 NA 31 12 88
41 104 337 79 295 476 14 8 43 14 9 NA 30 9 78
30 113 298 72 246 472 10 9 66 10 7 1 26 11 80
29 102 275 95 233 501 4 5 74 12 4 NA 32 16 62
13 101 269 95 268 483 15 9 60 12 8 NA 25 11 65
34 114 321 72 253 446 11 8 64 12 5 NA 27 21 71
35 87 293 83 286 529 15 8 53 25 9 NA 26 13 72
31 114 318 82 265 529 11 5 71 24 14 NA 22 18 65
36 115 304 99 266 430 10 13 58 10 3 NA 20 13 60
43 117 301 73 232 445 7 9 64 20 3 NA 29 14 67
39 127 343 74 286 425 7 7 55 10 18 NA 21 15 85
43 102 267 101 235 436 4 8 59 15 5 NA 29 28 71
51 115 317 104 257 498 12 13 65 23 6 NA 39 14 48
48 123 291 75 232 438 20 4 77 22 12 NA 35 13 66
24 101 313 72 223 411 10 3 56 15 7 NA 41 24 67
47 113 322 74 263 488 16 12 56 20 2 NA 27 17 74
25 80 259 83 227 532 13 11 73 9 7 NA 28 13 78
36 91 294 71 309 466 9 19 81 13 14 NA 26 16 91
58 119 291 83 196 433 3 20 69 25 10 NA 25 12 85
25 107 268 69 231 465 14 4 75 16 12 NA 32 5 67
20 96 283 37 271 488 1 2 61 14 9 NA 34 12 78
31 126 314 87 213 499 10 7 67 18 12 NA 28 16 76
42 108 314 84 329 481 11 1 69 10 7 NA 25 12 57
47 114 248 76 248 478 9 2 73 17 5 NA 26 16 66
24 96 266 67 259 411 5 4 53 15 3 NA 12 4 70
20 108 284 80 298 480 12 3 61 9 5 NA 28 15 72
44 120 290 72 251 413 7 5 40 12 4 NA 36 19 79
15 86 325 70 323 480 8 2 59 14 11 NA 21 22 76
34 111 329 82 286 521 8 11 46 12 10 NA 27 13 77
51 107 289 86 226 439 19 9 59 20 14 NA 21 5 81
28 113 284 79 249 415 22 5 63 21 7 NA 27 16 84
23 96 311 80 251 422 11 4 69 12 10 NA 20 12 78
23 93 264 62 244 458 9 5 62 18 7 NA 17 12 65
25 117 318 82 229 481 8 13 60 17 2 NA 29 9 52
32 99 293 57 250 407 11 8 60 13 3 NA 31 15 70
18 76 327 84 271 472 3 3 69 19 1 NA 24 7 59
66 100 343 75 290 497 6 10 82 17 12 NA 20 17 69
46 96 313 90 261 463 15 9 67 9 12 NA 39 17 84
24 123 314 80 250 447 7 16 43 10 10 NA 38 16 71
17 84 280 34 206 407 7 6 59 6 8 NA 22 21 54
41 118 243 91 222 451 1 3 52 9 11 NA 24 9 65
31 96 293 68 266 436 7 9 70 11 3 NA 11 25 52
35 112 311 77 267 447 6 11 63 10 9 NA 18 6 92
46 107 314 74 229 467 21 3 63 11 6 NA 33 8 96
40 132 322 85 249 439 3 1 63 11 5 NA 31 10 71
45 90 292 33 273 493 7 3 59 5 11 NA 26 15 58
33 100 367 67 295 476 8 9 58 16 6 NA 27 19 58
34 92 359 67 246 457 4 12 75 15 6 NA 39 14 87
42 124 318 87 279 419 6 6 68 17 4 NA 25 11 61
37 133 290 84 259 470 7 6 63 17 14 NA 27 19 87
43 102 367 78 287 470 6 5 68 29 12 NA 29 14 67
57 53 342 86 275 452 3 6 63 11 13 NA 17 14 71
64 112 301 97 285 473 15 11 72 19 14 NA 28 7 65
29 88 309 85 254 517 17 12 49 15 8 NA 11 7 73
39 113 311 76 276 474 9 4 61 10 3 NA 33 19 57
30 104 291 77 250 505 6 3 69 11 12 NA 23 4 73
27 85 308 71 287 491 9 5 61 12 11 NA 25 18 62
42 110 322 81 230 469 13 16 76 15 11 NA 30 19 80
30 107 330 65 294 489 10 2 60 13 5 NA 29 17 50
32 116 318 70 248 455 20 6 70 18 13 NA 27 19 69
34 129 306 84 322 425 9 6 70 20 11 NA 31 24 83
64 126 327 80 229 443 24 8 76 15 18 NA 29 13 60
19 101 311 75 266 482 10 18 83 14 6 1 20 15 64
35 99 310 82 225 494 8 6 69 13 6 NA 26 17 78
43 99 267 79 237 479 11 8 76 32 3 NA 31 12 73
27 75 264 83 271 495 1 7 53 30 9 NA 38 15 65
