"kdkd" "kukd" "kuku" "pkd" "pku" "pp" "tdkd" "tdku" "tdp" "tdtd" "tukd" "tup" "tutd" "tutu" "tuku"
28 67 236 146 341 1089 13 8 113 14 10 75 24 468 NA
27 51 258 119 279 1093 23 3 117 45 25 73 16 423 NA
25 45 260 132 281 1135 12 12 122 7 19 80 18 430 NA
42 67 234 126 285 1061 7 5 97 6 25 93 7 460 NA
43 65 297 112 281 1084 10 4 93 32 26 36 13 460 NA
31 60 227 131 286 1032 13 11 112 29 26 94 12 485 NA
24 49 245 112 344 1142 20 7 102 8 14 67 13 417 NA
57 77 249 138 275 1105 23 6 110 2 15 80 17 493 NA
29 66 236 132 304 1085 16 3 130 NA 18 93 21 479 2
16 23 244 110 319 1126 10 9 126 32 27 78 13 444 NA
22 59 249 105 316 1113 18 5 104 23 14 84 17 491 1
26 54 228 129 303 1122 16 8 105 13 19 76 9 437 NA
10 50 226 107 270 1052 5 3 110 20 20 90 14 495 NA
51 66 209 131 254 1111 3 7 92 15 16 67 14 485 NA
17 70 297 104 338 1100 15 3 94 6 27 79 9 431 NA
17 49 259 118 273 1085 11 6 141 54 20 84 9 467 NA
5 69 247 111 268 1072 16 8 140 5 26 78 15 460 NA
6 53 249 134 332 1037 29 12 138 15 28 80 21 447 NA
5 37 251 115 291 1049 4 5 113 23 28 75 17 477 1
10 55 246 115 309 1127 9 12 126 7 32 84 7 461 NA
18 56 255 120 291 1092 9 4 108 10 35 44 14 395 1
21 81 267 130 336 1076 15 10 56 7 19 72 8 447 NA
17 51 228 115 312 1211 11 11 120 37 19 77 12 429 NA
7 58 216 129 322 1169 43 4 125 10 20 75 9 449 NA
5 51 232 108 315 1171 11 9 130 42 25 76 23 490 NA
15 73 222 126 263 1058 6 3 107 51 10 82 8 533 NA
25 63 279 112 247 1081 18 4 109 21 25 55 17 487 NA
8 50 257 126 316 1137 8 7 91 36 25 82 9 503 NA
15 62 259 100 290 1065 13 9 96 17 21 85 13 432 NA
18 55 253 135 305 1121 5 10 123 4 23 87 11 406 NA
37 50 244 120 282 1044 12 9 121 11 22 80 18 479 1
54 75 258 130 298 1095 25 5 124 25 27 85 20 455 NA
37 55 232 152 336 1104 3 5 101 28 15 87 16 408 NA
23 79 228 115 293 1076 5 3 108 30 24 75 7 434 NA
27 61 227 121 160 1167 9 7 88 19 27 86 21 436 NA
17 23 247 101 322 1083 6 2 108 8 27 120 18 489 NA
25 71 228 105 317 1070 13 4 110 17 20 40 11 447 NA
15 54 211 104 279 1058 4 11 106 29 23 69 8 466 NA
28 79 265 140 334 1163 14 6 142 16 27 39 5 521 NA
12 54 259 123 296 1193 5 5 115 46 17 68 16 469 1
31 60 285 120 279 1114 7 6 117 9 16 88 21 468 NA
23 46 231 121 277 1063 5 9 99 16 16 79 13 438 NA
16 47 225 100 281 1094 17 9 110 20 10 89 14 486 NA
60 86 281 127 327 1110 11 7 141 22 18 71 12 445 NA
18 42 189 60 256 1063 32 5 79 11 17 84 8 440 NA
3 43 252 129 339 1167 3 1 123 43 27 78 13 381 NA
9 45 237 119 280 1092 11 3 119 3 21 78 17 505 NA
5 49 254 113 280 1129 11 1 125 45 24 70 15 484 NA
10 58 248 94 320 1050 12 8 93 15 13 94 21 445 NA
15 63 233 119 303 1070 10 5 91 63 11 73 20 436 NA
10 52 264 106 300 1032 1 1 91 2 19 73 21 454 NA
14 43 292 108 279 1047 6 1 123 24 25 86 16 469 NA
13 52 223 112 282 1063 6 3 105 23 15 71 11 463 NA
45 84 235 123 271 1159 11 4 114 7 8 79 21 455 1
28 67 243 128 323 1157 11 6 134 21 20 67 13 430 NA
8 59 258 115 329 1124 20 8 109 21 17 64 13 520 NA
54 62 216 119 273 1062 12 9 133 14 22 73 15 428 NA
12 60 264 100 322 1140 14 11 91 22 26 74 18 442 NA
6 59 241 124 321 1101 8 6 105 3 18 64 18 466 NA
10 49 265 88 295 1116 5 6 115 19 20 68 12 449 NA
15 35 210 110 273 1101 15 5 131 34 14 74 8 419 NA
2 51 239 98 265 1119 13 3 129 22 13 77 21 437 NA
21 64 268 108 338 1118 14 3 126 14 24 73 10 512 NA
10 64 277 112 277 1099 4 6 112 19 21 70 25 461 1
8 63 242 139 328 1132 20 8 147 11 31 85 21 519 NA
14 43 255 130 301 1128 35 2 110 12 21 75 15 471 NA
52 49 234 151 301 1087 5 6 126 10 30 80 12 408 NA
10 44 250 120 277 1141 7 3 87 32 19 74 17 410 NA
29 27 217 128 196 1123 18 2 109 15 21 74 16 468 NA
23 60 264 142 280 1118 24 8 110 6 14 67 15 470 1
10 44 205 119 279 1136 3 4 123 3 25 92 21 475 NA
26 61 260 113 268 1162 6 1 135 26 19 80 15 450 1
18 43 227 112 279 1099 7 7 115 26 22 71 13 449 NA
22 65 248 63 302 1086 3 2 105 20 22 82 21 409 1
14 57 228 123 292 1174 18 7 127 16 27 88 17 436 NA
4 47 232 128 304 1098 8 3 110 20 16 93 19 479 NA
19 51 238 133 325 1106 7 3 105 3 17 71 9 429 NA
3 55 240 116 312 1170 9 8 113 28 19 91 13 435 1
30 51 241 118 323 1114 8 5 107 17 18 83 19 477 2
6 22 243 97 276 1079 8 6 112 23 24 74 21 450 NA
15 57 234 105 300 1153 22 5 113 20 27 92 22 447 NA
35 56 258 144 295 1024 9 6 117 7 27 77 7 485 1
15 47 294 117 307 1039 22 8 116 9 13 92 17 467 NA
6 14 196 97 303 1094 8 8 78 13 19 93 8 455 NA
14 45 235 94 289 1070 20 8 97 40 17 85 9 478 NA
23 49 228 119 291 1066 22 6 104 14 28 79 5 460 NA
16 66 266 124 285 1151 5 11 125 4 14 70 10 441 NA
15 57 234 133 290 1180 12 6 125 59 21 40 18 482 1
12 49 205 117 294 1195 11 4 122 1 27 69 10 490 NA
17 85 254 156 277 1042 9 5 113 29 22 87 21 438 NA
7 57 251 122 332 1124 3 9 113 4 29 94 21 464 NA
8 66 220 121 313 1111 10 6 107 41 26 84 19 482 1
13 57 272 116 365 1111 5 4 116 35 12 28 10 440 NA
26 65 233 81 268 1153 16 12 142 15 21 77 16 468 NA
18 51 232 114 301 1101 10 4 116 5 16 81 23 409 1
15 49 234 105 280 1098 14 3 107 11 31 80 18 468 NA
17 35 255 104 292 1040 14 7 101 27 25 83 16 517 NA
15 45 207 120 281 1138 3 NA 119 18 19 76 19 509 NA
36 61 210 132 261 1081 5 5 124 26 19 91 16 433 NA
22 59 246 122 358 1081 3 8 117 3 6 81 15 441 1
