"kdkd" "kukd" "kuku" "pkd" "pku" "pp" "tdkd" "tdku" "tdp" "tdtd" "tukd" "tuku" "tup" "tutd" "tutu"
115 204 786 346 1017 3314 29 20 411 67 68 1 278 62 1035
59 177 902 288 973 3109 44 24 412 110 58 1 260 63 1010
45 181 873 335 1081 3140 28 24 355 72 45 NA 224 53 976
42 147 891 326 1136 3083 32 30 418 70 62 1 249 48 1108
53 191 880 349 1096 3177 27 25 407 48 53 NA 256 61 996
43 160 841 339 1058 3192 38 23 417 83 69 NA 217 59 1012
37 192 915 323 1077 3072 34 29 357 57 62 2 176 58 1040
75 200 932 345 1164 3108 31 26 378 72 49 1 264 69 1153
76 161 864 332 1011 3220 22 21 427 63 70 1 262 55 1044
43 184 736 347 1053 3159 45 18 363 88 61 1 231 50 1080
59 167 954 330 1117 3203 27 16 390 59 68 1 248 83 1069
59 169 835 368 508 3067 57 22 435 115 38 2 269 63 1127
43 161 907 363 1096 3303 24 30 386 98 49 2 246 79 1075
70 175 984 306 1167 3271 36 36 363 80 49 NA 232 54 1017
26 190 924 371 1218 3379 30 20 477 63 55 NA 215 67 949
53 214 922 339 1063 3253 32 27 400 83 66 1 239 58 1061
36 156 841 356 1000 3249 43 20 392 83 80 2 230 69 1008
27 175 815 302 1066 3104 54 28 401 60 66 1 269 43 984
31 158 900 326 1041 3142 45 17 366 107 50 NA 208 49 1109
36 164 913 340 1099 3128 48 38 420 83 68 5 224 68 1003
67 187 937 374 1103 3393 24 8 431 98 48 NA 229 49 925
53 180 861 323 1147 3262 23 29 381 73 46 2 285 47 992
87 189 853 388 1130 3293 34 25 423 41 53 NA 282 74 1040
46 168 893 366 1183 3316 41 25 432 57 59 2 115 70 1022
47 165 850 348 965 3089 29 16 380 69 63 NA 204 73 891
93 191 928 357 1125 3255 12 23 401 76 49 1 228 80 1033
51 186 884 370 1056 3152 51 23 335 92 72 1 257 61 1082
42 187 792 317 1011 3121 28 24 420 63 54 1 238 60 1069
31 175 901 324 1071 3274 43 16 377 53 53 NA 190 62 971
17 155 840 324 1077 3140 37 19 395 72 61 NA 233 78 1079
41 159 807 356 1136 3292 37 29 410 92 28 NA 246 67 1079
73 180 908 307 1079 3246 11 17 398 120 73 NA 286 39 1029
43 164 845 314 1138 3162 55 25 434 89 50 1 229 54 974
34 145 801 348 502 3152 29 19 439 70 68 NA 249 73 947
43 179 909 324 1027 3306 30 28 373 45 53 5 241 75 1090
46 173 819 405 1023 3182 54 29 414 77 56 1 196 59 1048
31 144 831 302 1068 3098 20 18 381 58 43 NA 253 48 1085
35 181 864 353 1017 3139 37 15 365 113 70 1 196 57 1018
54 158 892 327 1126 3249 59 20 359 64 38 NA 249 60 961
35 176 952 358 1171 3403 63 17 385 89 73 NA 224 63 997
61 225 876 353 1109 3104 55 32 385 61 68 NA 214 59 1129
36 160 945 335 1001 3206 37 28 401 55 78 2 240 53 1019
35 231 881 311 1069 3236 21 18 397 52 66 NA 227 59 1046
34 184 871 359 1135 3168 38 21 397 98 59 3 287 62 1012
57 179 944 383 1053 3285 33 21 366 100 59 3 219 50 1039
70 174 899 332 1085 3213 14 28 385 54 31 NA 195 64 1016
60 155 835 319 925 3116 28 28 402 76 56 1 246 63 919
65 169 807 336 994 3253 50 29 414 76 57 3 238 23 997
84 141 881 360 1191 3260 48 19 394 97 68 NA 228 45 1065
31 152 809 339 1049 3130 40 27 372 60 63 NA 204 46 1041
44 153 856 310 1116 3055 22 35 417 128 73 NA 224 57 1034
50 184 882 340 1028 3041 49 33 372 68 63 NA 214 70 1151
33 191 856 329 1161 3298 45 29 361 66 40 NA 249 46 1202
29 162 843 322 1039 3173 30 24 438 84 64 1 218 63 1126
30 168 870 326 1155 3158 46 18 388 37 58 1 246 71 1036
47 187 894 316 1091 3264 42 13 190 73 60 NA 258 67 1081
55 132 864 321 1212 3192 44 26 411 68 67 1 208 41 903
23 168 856 335 948 3268 47 38 426 84 58 NA 236 48 1036
24 156 838 300 1134 3274 28 8 387 98 52 4 251 65 1024
38 179 942 309 1148 3256 25 29 377 55 58 2 225 62 1015
43 177 818 359 1020 3343 35 20 439 62 71 5 212 56 1064
36 171 755 293 1007 3158 37 9 360 74 53 NA 215 56 1098
30 170 836 344 982 3254 19 21 359 57 57 NA 203 27 1016
60 204 918 316 1023 3102 38 27 361 88 31 3 222 57 949
54 185 901 382 1097 3262 31 30 389 73 51 3 212 56 1054
66 210 853 357 1185 3268 27 9 337 57 58 1 242 45 978
28 151 788 307 952 3052 21 22 359 49 66 NA 209 62 923
33 226 943 322 1139 3182 26 22 398 73 41 3 244 56 1058
32 180 887 333 1075 3358 17 18 396 104 71 NA 268 62 1091
34 91 922 372 1123 3199 57 24 410 69 59 2 223 48 1081
27 201 805 339 1060 3208 27 30 416 72 49 NA 276 44 992
52 191 885 346 1040 3065 20 26 350 45 47 3 235 52 1057
19 177 768 335 1055 3201 41 35 430 67 66 NA 230 52 990
50 185 947 351 1121 3237 70 11 395 64 67 3 218 57 986
57 173 853 387 1124 3215 33 13 410 103 55 1 243 51 968
47 145 886 313 1171 3376 29 22 355 47 57 5 231 54 1052
69 203 766 312 957 3232 40 33 401 65 55 NA 221 51 1044
36 182 907 330 1069 3135 42 18 433 104 52 1 224 49 1092
65 193 877 337 1080 3167 29 6 400 76 71 NA 202 60 984
42 158 927 186 1136 3212 35 15 435 58 52 5 307 37 1009
49 148 897 302 1200 3246 39 26 427 56 47 NA 193 57 954
31 159 993 347 1225 3280 43 9 384 73 59 1 205 44 951
36 85 942 329 1143 3164 45 30 419 85 69 NA 243 76 1125
94 183 820 355 1052 3246 24 22 361 52 54 6 237 68 1090
49 155 868 329 1123 3131 56 13 403 107 61 1 266 68 1164
48 190 817 377 1052 3290 42 27 421 72 51 NA 224 81 1050
30 133 832 354 1143 3366 21 27 412 94 53 NA 244 73 1142
78 208 918 371 1114 3129 29 17 355 70 76 1 246 61 1231
46 154 854 324 1062 3326 22 13 351 85 54 1 263 38 980
33 128 891 289 1070 3076 19 22 389 68 55 1 240 50 1068
34 150 902 334 1088 3228 55 23 377 103 73 NA 112 34 1090
33 176 881 328 1012 3275 41 28 327 47 50 NA 243 70 1060
33 146 850 311 1099 3109 44 27 399 88 43 3 258 51 1099
40 149 849 338 1100 3286 54 17 438 94 48 NA 203 60 1064
29 240 1042 422 1250 3239 36 20 365 39 52 2 232 60 992
31 158 816 354 1046 3210 33 30 407 113 66 NA 254 45 1058
61 162 800 356 1050 3301 35 31 360 67 69 1 199 55 957
62 137 847 327 1034 3081 32 11 430 76 58 1 238 54 1083
60 196 828 330 951 3312 32 37 429 71 49 NA 249 70 954
65 169 878 303 984 3218 21 20 368 88 51 2 198 57 997
