"kdkd" "kukd" "kuku" "pkd" "pku" "pp" "tdkd" "tdku" "tdp" "tdtd" "tukd" "tuku" "tup" "tutd" "tutu"
5 87 591 262 946 3500 9 15 349 22 56 1 280 63 1463
9 85 637 245 1074 3501 13 10 361 11 58 0 337 60 1525
13 93 577 277 992 3490 15 19 354 19 67 1 322 89 1520
11 106 635 262 975 3460 15 12 318 13 71 4 267 54 1436
12 105 584 247 1025 3542 14 27 345 12 50 1 310 70 1451
15 113 602 253 902 3380 12 19 331 10 66 0 270 74 1434
11 112 518 259 1087 3601 15 26 340 15 63 1 341 65 1373
8 112 645 273 928 3390 18 20 325 14 51 NA 333 81 1505
8 109 665 239 938 3487 7 26 340 19 55 3 324 66 1501
7 88 615 266 483 3607 19 21 351 17 59 1 309 94 1420
9 108 589 224 973 3541 13 16 392 17 69 NA 311 58 1572
10 114 638 248 1051 3609 5 26 349 17 61 3 288 72 1557
9 92 563 251 956 3555 12 17 379 17 56 NA 280 53 1548
10 97 567 252 988 3497 21 30 345 20 43 1 316 69 1516
13 97 552 288 1134 3518 17 20 339 17 40 2 311 54 1431
16 114 655 264 937 3322 21 26 363 15 42 3 293 68 1440
13 98 596 256 1006 3603 22 24 385 15 57 1 300 54 1549
7 92 577 245 924 3512 20 19 372 18 54 NA 317 77 1579
10 76 629 201 919 3421 19 33 359 16 40 0 278 60 1637
7 107 595 243 1040 3482 13 24 365 20 45 1 337 60 1587
14 115 679 266 1038 3551 9 15 363 19 47 0 358 85 1585
7 83 571 235 1105 3477 9 21 338 18 42 2 297 65 1513
17 115 519 261 928 3516 12 7 323 14 59 4 329 66 1678
4 102 588 230 843 3396 7 26 358 22 50 NA 347 78 1540
12 111 548 252 905 3619 17 23 365 16 64 0 353 76 1469
6 93 689 278 988 3424 16 15 350 16 55 0 329 65 1494
10 103 579 277 1030 3480 15 23 366 12 69 2 310 58 1590
10 56 627 264 1063 3564 10 16 317 15 61 0 315 75 1547
15 96 615 252 997 3501 17 23 334 14 67 1 303 79 1634
11 103 639 254 973 3447 15 25 328 14 64 5 369 76 1549
11 92 621 269 1011 3507 21 22 341 16 61 1 320 63 1317
12 114 596 266 1033 3417 19 20 349 19 50 NA 319 60 1423
11 89 639 273 1007 3387 19 29 312 20 56 5 303 63 1513
19 118 539 262 949 3522 15 21 348 11 57 9 358 63 1446
12 84 531 230 973 3434 14 22 333 19 52 0 347 79 1524
10 95 583 215 900 3477 21 13 336 16 59 0 288 77 1616
9 90 598 254 1010 3524 19 24 341 5 55 0 314 55 1593
9 105 584 233 1018 3469 14 23 341 20 51 NA 395 65 1605
12 107 607 267 964 3411 16 21 390 12 43 NA 289 64 1686
11 88 573 247 952 3437 20 15 326 13 47 1 310 72 1572
14 108 675 265 956 3470 15 15 335 13 58 0 358 69 1491
15 105 603 279 1003 3451 19 19 353 17 68 1 302 68 1607
12 104 621 265 944 3435 10 31 331 16 46 0 286 59 1519
5 97 585 264 970 3437 20 25 318 15 68 7 345 66 1581
15 91 543 237 926 3404 17 16 330 19 52 0 316 85 1529
13 109 530 244 1010 3585 14 17 333 15 49 NA 306 41 1604
21 94 595 259 923 3463 18 27 341 15 52 0 308 55 1501
10 95 553 261 833 3457 12 7 335 18 49 1 367 60 1497
9 52 519 254 892 3537 7 28 323 20 64 2 296 64 1556
9 111 589 264 926 3415 20 25 351 20 62 0 258 72 1478
12 98 564 279 924 3429 15 10 328 13 47 1 323 72 1443
15 113 565 286 903 3415 12 15 368 13 51 NA 327 59 1427
13 114 552 270 991 3513 11 19 340 14 26 NA 335 70 1512
11 111 614 263 1042 3459 9 20 342 17 70 NA 296 60 1438
9 94 543 253 906 3454 17 21 350 16 48 0 326 55 1583
11 106 597 247 912 3403 8 17 343 18 49 NA 283 59 1577
7 84 480 248 879 3468 19 21 370 19 67 NA 327 70 1587
10 95 650 284 1110 3542 6 23 344 18 62 NA 312 78 1637
6 77 568 243 910 3607 14 22 379 19 48 2 332 55 1551
7 110 561 246 1011 3446 13 17 321 18 55 1 316 71 1561
4 103 633 259 1008 3514 15 18 314 16 51 1 340 56 1563
10 112 577 254 1021 3523 8 19 323 11 61 NA 314 58 1492
8 101 572 252 915 3419 21 23 321 15 50 0 295 84 1483
3 99 612 264 995 3466 8 20 361 16 57 NA 319 48 1518
12 95 604 252 984 3420 14 12 342 12 59 NA 320 64 1425
9 103 549 256 987 3466 9 27 376 22 48 2 279 53 1636
11 105 597 280 968 3532 13 13 357 13 60 2 343 84 1631
14 99 581 250 960 3386 13 19 341 16 49 0 364 64 1545
6 104 562 273 913 3625 13 25 319 16 56 2 307 70 1481
11 107 556 273 955 3563 10 19 313 15 46 NA 303 38 1466
8 82 645 269 1017 3609 21 33 374 19 44 0 317 77 1560
10 116 593 268 987 3421 16 20 333 14 49 NA 287 78 1657
11 54 616 274 968 3503 12 15 351 19 63 1 374 83 1452
14 111 644 290 1058 3626 10 21 343 13 53 8 269 73 1432
14 111 581 266 1008 3583 18 19 366 8 56 NA 164 65 1427
9 90 587 268 1068 3524 17 25 349 14 74 1 317 73 1484
13 104 525 276 997 3533 6 14 358 11 39 2 356 58 1555
10 99 533 250 987 3620 18 24 325 15 58 NA 335 35 1421
12 87 531 242 919 3534 13 18 366 22 55 NA 298 70 1584
8 100 622 236 1006 3466 19 27 373 17 58 NA 338 65 1647
12 115 572 256 1021 3619 12 23 290 18 63 NA 278 68 1480
10 118 635 265 940 3516 11 14 337 10 56 3 332 58 1585
10 102 519 264 851 3518 19 16 351 19 64 1 324 50 1488
16 88 531 269 937 3486 16 24 339 14 59 NA 367 58 1532
10 98 544 259 910 3478 17 10 336 20 66 NA 329 69 1621
17 108 614 259 1042 3639 11 12 350 13 59 0 292 64 1407
12 88 641 271 921 3482 14 6 320 16 61 NA 300 77 1590
19 93 600 256 1002 3653 13 23 350 22 53 0 370 81 1500
16 95 593 236 965 3537 16 22 366 19 66 0 262 57 1579
9 126 568 267 885 3459 18 15 368 12 59 1 313 79 1640
9 107 647 287 1021 3399 21 32 334 16 61 NA 282 70 1403
16 130 530 273 971 3531 9 22 352 18 54 NA 254 60 1528
10 89 664 250 967 3343 15 22 340 24 48 NA 312 60 1538
9 98 611 257 1040 3579 17 15 305 15 46 0 303 69 1602
11 112 636 281 1042 3588 8 15 351 20 57 1 292 94 1481
15 103 591 259 942 3466 16 32 339 10 40 5 343 80 1610
7 86 526 255 921 3540 18 17 358 13 54 NA 302 66 1620
14 94 587 253 896 3529 18 16 347 14 57 NA 284 101 1557
12 114 709 255 1079 3324 10 25 347 20 48 2 325 77 1570
13 120 698 289 1054 3610 20 21 402 16 64 NA 159 50 1386
