"kdkd" "kukd" "kuku" "pkd" "pku" "pp" "tdkd" "tdku" "tdp" "tdtd" "tukd" "tuku" "tup" "tutd" "tutu"
46 127 552 311 729 2526 42 12 293 51 49 3 214 60 1290
58 162 642 276 777 2546 24 17 333 113 48 3 164 61 1184
25 152 666 278 784 2715 34 24 337 61 28 1 205 66 1145
38 145 636 280 744 2575 40 19 268 55 39 NA 210 41 1144
24 132 667 252 774 2609 41 25 330 115 55 NA 201 39 1178
22 148 621 281 786 2638 19 16 325 61 63 NA 233 44 1230
27 108 627 223 747 2559 23 12 297 59 43 NA 232 50 1288
13 115 536 280 738 2749 29 20 299 56 47 NA 193 44 1275
20 129 571 281 685 2720 20 17 242 37 50 3 219 61 1202
19 104 626 252 810 2563 42 24 286 77 49 NA 224 45 1307
23 93 558 241 752 2670 37 15 325 71 50 4 241 31 1356
38 120 618 314 775 2780 43 17 302 37 43 NA 212 47 1253
80 132 648 132 817 2745 46 30 352 44 50 NA 195 50 1242
49 177 645 290 781 2680 21 20 306 38 56 1 205 55 1166
26 121 572 230 735 2498 31 16 235 76 25 NA 228 40 1278
44 136 592 260 737 2512 44 17 321 62 53 1 210 42 1292
35 111 624 222 665 2621 31 15 310 82 65 NA 222 44 1193
36 139 627 285 732 2616 19 9 334 72 52 NA 227 32 1329
63 130 584 308 751 2666 21 22 304 39 66 1 214 49 1169
35 155 591 316 717 2577 21 17 314 64 60 1 216 72 1285
33 73 633 294 785 2647 33 20 284 59 41 1 205 50 1310
23 128 576 275 720 2694 29 12 291 90 52 NA 173 46 1278
36 133 603 324 744 2691 41 14 289 63 62 4 239 55 1176
35 115 576 274 685 2679 28 10 315 34 44 NA 213 58 1217
31 149 676 276 774 2610 17 9 290 126 58 NA 218 55 1197
37 122 593 250 744 2660 26 23 270 60 30 NA 238 45 1206
29 110 589 254 724 2514 29 7 270 88 49 NA 91 43 1200
51 103 601 205 665 2461 31 11 320 50 19 1 201 44 1144
31 126 563 270 685 2596 48 21 316 41 39 NA 201 46 1176
54 122 575 255 747 2553 26 23 305 51 56 NA 209 46 1149
55 127 659 270 830 2644 21 22 281 105 47 1 205 47 1226
33 121 596 246 785 2630 24 16 279 124 59 1 191 44 1140
36 106 620 283 826 2684 25 12 278 43 63 1 250 57 1219
44 105 604 277 697 2581 31 20 335 72 46 3 203 38 1096
22 137 548 290 703 2580 20 21 284 59 60 3 213 49 1239
24 67 615 284 783 2636 42 14 303 50 55 NA 191 37 1196
68 144 619 145 746 2524 49 15 313 87 56 NA 206 54 1157
41 136 617 252 766 2554 27 18 309 85 57 NA 242 56 1142
36 128 572 280 730 2488 62 25 333 68 48 1 193 53 1215
11 121 600 266 776 2642 38 14 302 53 54 NA 202 60 1214
26 129 645 305 754 2676 19 20 329 64 56 NA 184 36 1235
49 148 649 294 718 2610 26 14 327 69 61 1 185 54 1171
54 136 592 272 726 2638 37 22 319 21 54 NA 229 57 1293
23 119 582 250 723 2677 27 9 331 127 27 1 228 47 1303
21 128 594 287 701 2541 44 19 286 95 66 NA 221 47 1297
50 125 660 274 842 2654 29 8 289 54 45 NA 195 39 1230
48 163 647 273 724 2592 28 13 278 97 51 NA 193 42 1230
38 107 568 273 816 2686 40 26 351 85 58 NA 212 46 1400
41 136 599 285 691 2654 42 21 309 96 60 NA 183 45 1175
19 119 574 279 734 2555 17 19 320 51 41 NA 239 61 1369
37 95 560 233 688 2623 78 12 284 73 63 3 185 39 1177
53 146 625 274 799 2679 15 10 307 88 55 1 179 51 1171
14 136 579 251 786 2736 46 17 354 52 61 1 231 51 1314
21 120 504 293 652 2644 21 16 338 81 57 3 196 41 1227
43 129 700 242 848 2590 39 31 246 67 66 NA 236 55 1223
24 119 649 254 743 2594 36 9 335 75 46 1 205 35 1195
31 56 633 268 761 2714 47 31 350 80 57 NA 204 44 1112
58 135 570 278 661 2610 35 23 312 96 65 1 222 43 1209
40 144 623 277 748 2584 42 5 285 78 54 NA 175 53 1236
81 168 720 271 834 2678 23 18 299 60 41 NA 227 54 1206
30 123 662 284 835 2763 5 26 287 195 56 NA 211 60 1275
53 123 597 279 703 2670 30 13 301 55 50 NA 209 48 1168
50 129 530 273 713 2546 33 19 311 66 45 3 204 49 1182
34 154 572 300 740 2668 24 15 349 78 41 1 201 50 1259
50 109 591 291 672 2712 46 18 316 25 40 NA 231 45 1302
63 158 669 254 734 2654 26 12 308 32 41 3 203 55 1275
38 109 584 259 792 2704 24 23 302 99 45 NA 187 44 1279
63 127 581 277 736 2633 11 16 279 69 52 NA 216 63 1213
16 107 600 315 759 2636 30 14 321 51 39 NA 192 39 1229
30 122 633 284 729 2592 28 24 304 132 60 1 191 48 1221
54 137 599 284 731 2669 20 5 312 112 64 NA 231 54 1271
75 117 733 272 814 2610 27 21 325 86 51 1 191 52 1406
38 153 728 271 861 2666 23 18 291 60 45 NA 226 50 1224
38 133 575 297 740 2806 45 23 353 67 47 NA 192 47 1301
31 95 626 258 775 2649 24 9 270 41 59 1 217 44 1172
44 128 653 273 822 2713 24 21 298 35 59 NA 175 51 1312
60 144 692 247 832 2546 19 17 306 33 67 NA 221 65 1190
51 134 693 277 832 2556 42 13 302 50 52 2 221 55 1277
25 103 565 261 776 2595 23 10 354 61 50 1 230 36 1201
25 136 610 259 741 2495 24 12 304 42 49 1 199 34 1210
52 159 613 317 795 2562 28 17 346 36 54 NA 172 25 1272
93 169 572 294 684 2499 39 15 292 52 52 NA 227 42 1223
30 148 588 323 786 2597 22 22 333 96 53 1 197 51 1223
23 115 579 246 751 2565 37 15 266 50 68 1 201 46 1159
25 124 648 286 696 2654 27 15 303 50 59 1 203 64 1153
28 102 650 295 828 2651 32 7 291 70 55 NA 216 51 1185
25 56 658 255 779 2637 37 9 310 51 39 1 215 72 1265
64 151 535 317 716 2712 35 24 303 83 58 NA 224 61 1191
29 143 657 281 721 2506 31 3 281 105 49 NA 255 57 1310
11 113 612 259 830 2665 38 10 303 81 53 NA 218 72 1106
29 142 611 277 781 2568 39 15 305 61 55 1 181 54 1214
8 92 574 270 770 2710 14 13 282 93 65 NA 203 38 1158
12 60 550 245 704 2521 19 25 375 144 50 NA 192 41 1243
20 108 598 278 753 2561 25 24 260 107 34 1 199 45 1216
32 130 631 267 725 2688 34 17 332 59 47 NA 228 83 1254
7 105 585 276 807 2732 21 17 274 69 52 NA 186 93 1184
22 127 600 284 719 2707 27 7 357 84 45 NA 191 55 1288
39 139 581 296 728 2640 42 9 282 62 28 2 219 52 1227
82 155 710 291 740 2562 34 16 297 89 49 NA 225 28 1285
33 143 640 269 802 2743 31 21 300 126 47 1 207 43 1216
