"kdkd" "kukd" "kuku" "pkd" "pku" "pp" "tdkd" "tdku" "tdp" "tdtd" "tukd" "tup" "tutd" "tutu" "tuku"
26 104 297 51 279 471 3 15 53 12 7 37 10 56 NA
48 101 306 34 247 473 15 8 81 16 5 32 7 66 NA
13 114 288 87 250 485 7 5 49 7 8 24 14 65 NA
34 133 299 96 254 474 5 4 48 14 7 27 14 68 NA
49 113 303 90 285 485 5 6 75 11 8 34 11 62 NA
32 107 342 85 227 437 11 1 68 17 13 34 18 80 NA
25 101 321 74 216 442 17 2 50 12 7 26 9 55 NA
46 115 301 83 233 492 16 6 54 20 5 18 14 76 NA
31 113 321 80 278 481 9 15 69 25 3 38 15 72 NA
50 130 304 98 292 486 8 11 83 15 13 31 12 62 NA
37 124 309 89 262 466 3 6 57 25 13 28 16 70 NA
27 116 333 32 275 476 5 14 73 11 13 30 11 74 NA
33 69 323 69 332 440 16 9 81 12 14 27 18 52 NA
28 120 284 77 251 447 17 7 58 11 6 30 18 86 NA
38 102 301 67 239 499 10 3 61 18 10 23 3 50 NA
42 115 305 96 278 469 2 10 54 25 8 23 8 63 NA
16 98 276 82 270 410 9 3 68 11 7 23 10 81 NA
39 116 260 63 249 475 9 8 39 5 7 28 21 58 1
44 108 274 80 274 474 6 4 61 20 12 30 17 78 NA
46 105 344 87 231 483 7 11 39 13 11 31 12 59 NA
29 129 297 81 122 444 5 8 63 24 15 23 19 55 NA
36 88 304 84 234 509 7 9 62 24 10 34 19 64 NA
36 116 323 94 249 476 4 4 75 20 12 17 19 59 NA
44 94 338 83 248 431 6 19 89 21 6 39 11 60 NA
26 86 343 67 273 398 8 4 73 18 9 29 11 84 NA
37 120 307 83 250 460 9 7 26 14 11 22 6 75 NA
33 130 320 36 231 488 13 14 59 16 6 27 17 54 NA
48 109 352 76 269 467 10 16 79 16 9 35 4 69 NA
19 110 255 82 209 468 4 2 50 3 7 19 13 58 NA
43 111 276 72 216 478 5 23 72 18 5 19 12 70 NA
21 105 320 95 269 503 12 11 58 13 7 32 11 60 NA
27 106 340 84 239 440 11 3 54 16 7 35 13 64 NA
60 139 301 100 296 539 9 1 86 10 9 39 20 78 NA
25 104 376 99 306 489 10 7 66 12 11 29 15 78 NA
24 92 318 80 249 404 16 10 64 12 5 22 10 65 NA
32 100 342 95 263 493 6 9 29 20 8 27 16 94 NA
31 105 258 61 259 478 15 4 60 13 6 28 14 78 NA
31 111 377 81 286 464 18 14 66 33 8 13 12 64 NA
29 98 302 89 269 453 12 2 31 18 8 19 20 56 NA
39 89 334 36 262 407 11 6 59 27 7 15 17 59 NA
82 120 276 96 220 400 7 4 64 26 1 26 16 62 NA
49 115 330 79 291 488 8 5 52 12 11 22 15 88 NA
40 116 351 80 311 427 5 1 54 14 7 22 16 62 NA
34 97 234 84 229 470 3 7 58 15 10 24 12 89 NA
51 119 361 73 231 442 13 12 77 26 3 37 16 59 NA
37 92 350 79 281 461 7 8 66 9 9 28 11 62 NA
28 92 286 104 222 430 4 1 71 15 7 28 11 50 NA
29 81 292 66 269 519 5 4 67 20 12 35 11 62 NA
48 134 311 90 249 456 12 7 69 11 4 19 16 75 NA
41 109 315 87 259 410 12 5 74 16 10 23 24 65 1
70 136 326 94 283 509 8 5 55 24 9 36 8 61 NA
41 106 319 79 264 424 4 18 73 6 13 33 12 65 NA
59 140 336 104 305 486 11 5 60 17 11 16 22 84 NA
31 99 287 85 279 494 10 7 62 22 16 26 14 66 NA
42 117 346 84 293 476 19 9 85 15 9 34 12 63 NA
26 55 322 77 250 440 13 18 51 11 10 33 11 79 NA
63 123 312 70 295 463 4 24 65 16 13 27 15 87 NA
31 89 328 72 287 528 12 20 69 15 3 24 18 67 NA
43 102 296 88 273 423 14 5 71 23 9 16 9 79 NA
36 110 297 101 252 500 4 6 80 14 13 28 17 56 NA
37 124 317 104 268 442 6 14 48 16 4 30 12 55 NA
32 55 345 77 276 489 4 1 65 15 11 19 10 76 NA
32 87 297 71 273 479 4 3 50 14 7 33 16 61 NA
82 113 306 99 281 476 14 9 59 19 12 23 4 79 NA
34 122 298 33 227 475 12 5 63 14 8 32 6 101 NA
30 97 289 93 274 463 8 15 72 26 9 9 12 79 NA
16 100 325 64 261 531 7 11 52 8 10 24 6 65 NA
40 120 320 96 320 484 3 6 58 11 10 19 21 89 NA
36 107 319 75 222 497 6 7 66 11 4 20 7 53 NA
26 75 271 59 243 452 5 7 52 18 6 14 16 65 NA
18 79 283 56 209 462 3 1 76 24 3 32 17 66 NA
29 94 302 76 255 459 10 6 63 12 13 25 14 73 NA
19 84 326 71 259 494 5 13 71 8 8 19 12 91 NA
31 109 322 68 298 538 13 7 65 9 13 33 27 86 NA
30 111 321 74 252 487 6 5 64 12 9 36 17 71 NA
26 97 296 72 266 468 16 11 63 8 12 31 14 51 NA
31 106 351 67 281 526 3 11 84 7 8 34 17 72 NA
41 121 293 69 250 517 8 13 61 20 5 28 25 74 1
47 121 338 89 250 482 8 3 46 18 3 24 24 58 NA
44 101 333 94 256 482 13 10 26 19 9 29 24 84 1
49 137 339 94 275 491 6 10 67 17 10 36 13 66 NA
18 113 312 83 277 450 12 19 26 9 7 30 6 64 NA
44 121 365 72 296 425 12 11 63 15 13 28 15 72 NA
32 121 302 93 235 417 3 9 61 11 9 23 20 85 NA
42 94 311 88 277 462 11 5 54 18 11 25 12 69 NA
40 106 296 80 283 453 4 5 65 11 9 25 11 51 NA
29 99 358 80 295 490 6 5 51 12 3 39 12 65 NA
27 113 357 77 276 484 12 1 76 20 10 33 29 67 NA
42 109 332 93 277 486 7 8 55 8 8 20 25 75 NA
33 140 300 107 247 418 8 4 46 15 2 10 14 70 NA
23 105 313 89 299 512 27 12 72 16 10 24 18 71 NA
35 101 276 78 139 483 4 4 21 12 4 31 12 54 NA
36 127 313 67 248 428 2 2 55 18 4 22 15 66 NA
44 131 359 95 317 479 14 15 62 23 9 12 19 54 NA
29 106 291 41 274 504 14 5 76 14 8 26 9 74 NA
21 65 316 82 244 466 7 13 76 12 6 10 10 51 NA
25 83 299 84 243 467 17 15 75 14 11 26 19 67 NA
25 100 328 69 263 469 9 5 74 18 5 21 18 54 NA
76 133 296 103 228 478 9 15 52 20 11 11 14 54 NA
42 131 260 80 202 475 13 6 64 22 11 27 21 66 NA
