"kdkd" "kukd" "kuku" "pkd" "pku" "pp" "tdkd" "tdku" "tdp" "tdtd" "tukd" "tup" "tutd" "tutu" "tuku"
50 172 835 351 915 7365 30 30 468 99 43 226 45 1753 NA
85 172 817 383 897 7385 38 33 505 43 49 249 53 1744 1
63 172 888 372 992 7124 41 30 428 90 46 252 54 1821 NA
91 165 838 413 906 7786 18 28 519 121 45 236 48 1825 1
106 193 848 445 896 7182 36 35 457 104 45 251 51 1748 NA
67 165 858 400 953 7339 36 19 410 66 54 227 56 1721 NA
120 178 814 438 899 7481 39 26 449 100 40 240 42 1772 1
105 173 883 401 940 7438 31 28 494 63 49 248 37 1778 NA
43 168 830 387 880 7441 46 35 449 123 42 249 50 1719 NA
74 165 828 343 888 7586 40 42 465 142 47 223 62 1774 1
54 189 808 431 885 7258 19 28 512 114 52 244 49 1758 NA
32 168 852 371 924 7318 46 34 564 95 38 222 45 1726 NA
116 196 838 398 935 7569 32 33 467 65 44 222 57 1755 1
74 158 817 392 881 7258 41 24 416 114 40 229 44 1751 1
86 167 833 370 932 7031 35 32 486 81 37 214 60 1765 NA
65 171 855 380 904 7067 40 39 527 95 38 223 50 1799 1
79 196 849 417 923 7040 37 30 474 115 42 231 53 1748 NA
124 183 853 391 948 7432 45 38 497 90 48 209 52 1755 1
35 157 800 389 855 7147 29 39 505 95 47 239 55 1722 NA
58 175 820 359 902 7615 42 32 483 131 46 258 57 1734 NA
97 162 813 405 871 7237 57 29 488 121 47 248 50 1746 NA
84 155 842 379 924 7285 24 41 520 111 46 230 55 1733 1
70 201 819 423 890 7146 29 28 508 81 39 231 56 1772 1
91 169 829 375 949 7149 36 34 499 164 42 239 47 1815 1
141 209 823 448 890 7197 41 27 487 154 45 240 48 1764 1
92 173 809 370 872 6922 34 26 473 50 39 223 48 1709 1
103 166 835 407 893 7028 41 33 457 51 37 277 49 1729 NA
91 189 807 433 874 7269 43 29 455 58 42 215 48 1727 NA
127 179 817 379 887 7557 25 17 460 76 39 243 46 1747 1
69 184 830 400 919 7453 40 23 450 116 43 238 48 1774 1
56 165 822 364 918 7461 26 27 519 87 41 225 47 1730 NA
85 173 843 397 934 7485 36 24 478 96 38 234 60 1758 NA
92 170 780 394 902 7208 33 26 412 60 44 232 48 1744 1
31 158 838 340 884 7305 36 33 474 52 44 233 52 1813 NA
69 173 843 377 903 7384 42 28 480 75 50 221 47 1743 1
83 164 870 370 930 7434 24 20 481 104 47 256 46 1735 NA
90 178 828 404 917 7593 36 36 409 106 41 237 49 1768 NA
92 158 849 398 931 7213 42 29 422 63 50 240 54 1748 NA
114 171 848 416 942 7364 35 22 423 65 50 226 55 1778 1
71 169 852 381 899 7177 37 27 442 112 60 242 54 1837 NA
68 179 841 379 915 7359 16 20 473 60 44 223 45 1764 1
75 166 813 412 895 7368 32 27 530 30 40 222 49 1740 NA
83 154 841 368 902 7350 38 41 403 95 47 235 56 1762 NA
19 187 856 357 946 7293 18 30 494 79 47 259 41 1792 1
141 187 832 436 913 7423 42 30 422 50 44 241 50 1791 1
58 163 862 416 959 7086 33 25 403 65 46 232 47 1682 1
83 175 878 349 903 7284 27 38 497 61 45 226 60 1801 1
120 176 861 393 970 7454 28 29 452 53 43 116 43 1780 1
77 179 856 401 930 6965 38 33 511 96 51 257 58 1777 1
57 163 865 368 969 6913 46 27 481 132 37 211 42 1807 1
74 189 864 432 935 7018 37 32 461 70 55 249 46 1776 NA
101 183 859 425 924 7564 24 20 486 125 49 200 45 1752 1
103 182 909 398 970 7212 28 21 552 109 39 227 50 1764 1
83 187 845 399 914 7318 43 30 468 101 40 227 45 1739 NA
111 199 862 465 943 7437 39 32 527 150 42 256 54 1794 NA
94 166 863 377 886 7273 37 42 522 69 36 227 45 1757 NA
104 173 833 380 885 6911 37 30 437 85 53 227 43 1747 NA
138 191 805 459 913 7392 10 32 434 70 38 212 60 1751 NA
73 170 831 338 884 7145 34 26 466 66 41 226 51 1815 1
96 180 822 416 868 7258 37 23 518 91 43 216 41 1742 NA
27 161 834 388 879 7496 35 29 528 97 36 227 51 1754 NA
55 187 820 396 893 7318 54 39 534 83 44 240 39 1766 NA
32 168 845 346 902 7342 28 21 466 69 46 222 44 1795 1
83 192 867 437 940 7407 41 22 441 143 62 222 47 1795 1
25 167 820 360 878 7298 33 23 490 71 40 223 47 1730 1
107 170 813 381 909 7220 38 34 471 78 43 219 48 1774 1
85 165 813 407 902 7170 27 34 479 126 38 233 25 1829 NA
75 159 874 387 933 7197 26 38 455 93 44 228 55 1787 1
116 155 779 378 844 7254 29 28 423 143 43 227 46 1769 1
52 156 789 391 871 6891 26 41 527 63 44 242 52 1712 1
87 184 837 421 900 7381 30 35 444 55 48 248 48 1761 NA
76 178 861 358 970 7454 20 30 482 84 51 252 47 1783 NA
15 147 843 299 891 7691 27 24 480 33 52 249 61 1772 NA
40 172 811 398 884 6732 33 29 462 144 42 212 49 1751 NA
95 180 832 369 909 7360 12 25 478 112 54 236 19 1793 1
139 216 869 217 937 7375 20 27 500 148 39 244 25 1736 1
84 159 816 352 879 7239 23 25 466 50 31 238 43 1772 NA
61 92 821 372 914 7254 41 23 420 91 39 232 44 1729 NA
68 176 813 411 876 7255 25 33 499 117 47 229 39 1770 NA
58 161 861 339 925 7132 30 27 548 76 43 227 57 1713 1
68 174 881 388 944 7727 36 25 457 42 50 210 57 1804 NA
67 165 878 388 951 7394 34 28 477 88 39 229 54 1753 NA
111 168 831 422 894 7067 30 29 500 65 40 231 48 1736 1
95 170 842 356 904 7055 31 26 454 90 51 219 53 1768 NA
67 156 802 359 846 7084 29 23 472 89 49 232 58 1764 1
46 161 833 366 891 7021 56 32 451 72 43 233 47 1787 NA
122 174 793 398 849 6904 26 30 512 89 54 215 31 1784 1
72 169 838 365 910 7329 46 29 512 99 36 212 48 1735 NA
106 191 858 421 965 7447 21 33 429 151 40 228 51 1752 NA
52 191 851 430 959 7516 20 28 519 96 47 229 46 1758 NA
131 203 844 443 933 7162 36 28 489 109 41 242 45 1753 NA
164 168 813 368 919 7720 20 32 479 51 45 242 57 1705 NA
82 171 825 435 887 7104 24 14 412 93 48 247 27 1737 1
61 163 849 346 932 7455 34 36 552 106 42 233 39 1789 NA
83 157 846 352 918 7412 57 31 530 124 46 239 46 1788 NA
103 179 794 421 893 7281 31 21 517 74 47 228 42 1767 1
91 155 847 339 904 7129 40 31 428 97 42 223 54 1743 NA
83 170 832 380 937 6999 43 23 495 51 26 234 51 1757 NA
86 182 818 375 882 7398 44 32 463 106 38 265 48 1725 NA
151 209 882 453 963 7188 23 29 488 77 52 237 63 1782 NA
