"kdkd" "kukd" "kuku" "pkd" "pku" "pp" "tdkd" "tdku" "tdp" "tdtd" "tukd" "tuku" "tup" "tutd" "tutu"
39 149 763 318 900 3213 71 24 444 59 73 1 274 84 1648
24 143 778 340 1038 3082 51 21 402 106 49 1 255 58 1517
40 154 739 319 961 3161 33 27 363 85 77 NA 282 46 1646
36 153 741 329 850 3158 45 31 323 30 65 1 143 71 1595
25 129 679 330 824 3064 25 19 371 93 73 NA 233 58 1623
75 148 736 318 965 3240 29 18 381 120 47 2 254 83 1629
77 159 712 354 485 3247 37 19 383 85 50 1 268 71 1459
32 153 719 351 918 3122 36 22 406 66 55 2 253 68 1435
58 181 771 356 907 3074 55 26 392 99 64 NA 224 68 1662
15 145 799 311 872 3103 40 21 391 99 60 1 297 71 1682
21 120 681 297 876 3120 33 27 422 47 59 1 301 79 1578
36 146 700 355 958 3041 47 11 334 86 63 NA 280 43 1573
27 161 740 339 895 3170 39 35 345 127 60 NA 234 69 1449
44 148 680 339 918 3129 48 18 351 77 56 1 219 50 1551
59 162 766 355 944 3104 50 26 410 77 65 NA 262 28 1625
49 167 782 404 886 3141 32 9 432 76 90 2 240 60 1491
34 155 751 333 935 3051 43 18 347 73 58 1 245 62 1540
32 146 820 334 864 3181 33 16 409 53 47 1 238 58 1590
50 153 668 338 898 3052 41 9 348 44 77 NA 264 75 1513
52 153 743 386 928 3137 54 14 426 114 72 NA 245 57 1546
39 160 637 356 919 3161 20 20 388 155 53 1 244 60 1652
26 142 721 312 845 3019 45 18 397 65 79 1 246 81 1512
33 153 726 360 886 2990 58 27 424 66 61 NA 268 89 1490
68 163 670 321 882 3378 22 15 376 117 70 NA 253 71 1538
48 163 778 321 899 3243 52 18 409 72 51 NA 282 87 1591
49 70 791 330 904 3087 32 22 372 84 53 NA 271 47 1588
24 174 717 334 840 3106 30 18 374 59 69 3 255 65 1529
30 159 711 332 886 3025 52 22 395 89 57 1 282 52 1446
25 170 669 336 908 3096 33 19 397 65 66 4 240 62 1540
26 140 687 305 887 3123 33 18 388 67 56 2 243 58 1552
27 140 692 316 935 3319 17 19 401 118 53 NA 279 58 1452
21 172 824 337 943 3219 32 25 387 139 78 1 292 64 1586
22 138 693 325 914 3173 53 17 384 115 68 1 245 64 1561
37 99 748 289 865 3128 19 16 386 81 54 NA 269 76 1507
66 164 737 338 889 3099 27 33 370 121 53 NA 243 63 1636
31 120 653 307 855 3034 40 24 429 89 27 2 285 73 1517
34 156 777 340 955 3146 28 25 405 66 83 NA 271 74 1428
44 189 746 319 953 3168 40 26 415 88 64 NA 226 61 1708
47 165 719 330 878 3183 34 18 447 81 47 NA 266 33 1499
59 144 687 367 854 3080 42 25 368 74 54 NA 225 45 1467
25 169 731 298 897 3134 46 17 380 64 52 3 210 53 1468
72 149 669 304 889 3225 30 19 394 169 60 2 315 52 1487
24 180 777 343 905 3166 42 20 373 59 63 NA 294 53 1450
28 128 700 274 826 3123 65 15 375 122 66 1 290 57 1521
26 126 731 311 817 3044 41 21 370 90 65 2 215 63 1642
32 71 728 313 902 3159 43 16 414 51 61 NA 207 79 1598
50 145 662 303 852 3184 21 19 422 100 76 1 280 47 1582
53 158 741 333 900 3198 22 23 366 107 47 NA 287 64 1447
40 134 720 316 903 3140 48 25 364 91 56 2 264 64 1554
30 131 778 324 980 3192 52 26 434 112 69 NA 120 64 1577
65 164 740 341 918 3192 34 31 418 92 71 NA 250 56 1534
37 153 723 316 900 3104 44 12 355 66 65 NA 334 71 1486
67 156 703 335 865 3175 36 21 371 88 69 2 133 63 1515
32 136 624 351 854 3133 44 9 413 74 65 1 260 66 1530
12 124 715 303 899 3190 68 33 413 42 60 NA 299 64 1517
54 184 686 328 846 3047 24 24 389 97 56 1 267 68 1518
34 75 802 311 938 3097 27 31 402 100 70 NA 246 64 1555
88 186 759 315 887 3094 53 14 364 68 54 NA 267 95 1470
32 147 719 291 858 3186 37 26 406 73 82 1 267 65 1513
35 137 792 313 961 3190 52 29 405 46 48 6 223 50 1453
51 137 737 346 981 3221 38 26 404 71 76 NA 228 78 1585
30 169 641 380 908 3114 18 30 392 160 48 NA 276 69 1652
32 136 733 306 887 3184 45 26 450 62 52 2 215 69 1542
31 124 735 353 911 3051 34 22 396 74 51 1 299 71 1494
27 163 814 300 903 3024 48 17 411 99 74 4 239 63 1532
34 172 690 335 859 3119 22 26 384 90 81 NA 297 68 1626
43 177 749 326 979 3214 48 32 386 61 61 6 253 32 1584
23 127 755 358 950 3167 62 23 424 184 73 NA 266 87 1703
26 146 685 357 903 3115 66 11 419 77 42 1 253 78 1487
93 158 717 354 906 3147 57 26 428 68 63 1 257 67 1609
21 105 661 316 852 3325 26 30 457 76 56 1 286 76 1651
49 153 763 345 967 3205 31 24 409 77 75 NA 221 81 1583
22 177 819 343 1094 3214 31 9 387 53 64 1 283 17 1457
66 139 790 387 955 3237 40 18 368 162 89 5 234 74 1530
45 156 709 334 953 3090 26 8 364 117 57 NA 288 72 1461
87 146 763 325 908 3081 34 18 342 56 57 NA 270 45 1583
12 158 704 302 906 3084 50 25 391 86 84 4 247 68 1620
54 149 786 316 970 3164 31 24 399 54 64 1 285 68 1544
20 121 763 355 1045 3169 35 24 364 61 60 NA 246 52 1628
28 155 752 301 884 3271 45 11 347 66 74 NA 257 50 1619
35 140 750 302 967 3167 25 19 353 92 56 NA 238 68 1582
53 147 750 353 985 3265 61 33 392 91 58 NA 265 74 1556
80 170 780 323 853 3086 30 22 376 75 58 NA 252 83 1648
46 138 701 351 792 3169 36 11 355 54 52 2 269 53 1510
56 77 746 306 911 3306 35 34 418 85 47 NA 268 49 1500
50 149 701 312 879 3120 28 24 380 62 72 1 282 67 1452
62 177 769 328 979 3068 19 22 371 77 66 NA 224 66 1475
24 152 711 323 901 3191 41 20 409 72 80 3 273 49 1456
22 117 726 313 845 3186 37 20 387 81 86 NA 250 51 1527
30 163 719 339 849 3121 99 17 452 124 58 NA 274 31 1679
34 58 773 332 999 3119 32 15 373 141 61 NA 292 78 1475
23 145 706 310 958 3179 64 26 455 52 65 NA 260 69 1544
35 168 727 362 849 3150 50 31 398 169 74 1 279 56 1610
50 135 750 297 924 3288 41 28 382 141 63 NA 270 74 1596
38 181 754 377 773 3044 32 26 419 35 46 1 277 54 1632
36 178 745 357 907 3069 44 24 383 93 81 1 256 72 1622
32 144 687 323 902 3179 36 12 359 60 61 1 226 59 1540
35 133 694 292 818 3062 40 20 353 58 68 1 241 51 1503
59 139 834 308 914 3145 47 23 392 83 62 2 264 53 1525
40 73 634 317 866 3080 45 26 385 65 48 1 264 79 1501
