"kdkd" "kukd" "kuku" "pkd" "pku" "pp" "tdkd" "tdku" "tdp" "tdtd" "tukd" "tup" "tutd" "tutu" "tuku"
46 266 1121 509 1397 4999 56 29 654 207 116 475 114 2964 NA
53 232 1050 487 1481 5072 62 19 631 207 110 452 97 2709 1
68 250 1156 489 1381 5118 49 48 549 209 99 497 140 2817 2
63 226 1234 468 1616 5052 86 25 609 244 106 428 122 2767 1
68 221 1185 459 1515 5095 81 34 680 146 110 414 106 2657 NA
36 227 1120 507 1471 5196 63 28 658 158 132 480 129 2984 NA
64 227 1124 521 1438 4974 95 32 623 324 103 490 118 2956 NA
71 191 1124 494 1413 4991 63 49 630 219 83 417 113 2836 3
57 217 1151 465 1375 5086 50 35 629 156 40 486 147 2767 1
74 231 1103 451 1371 4937 26 55 692 219 88 465 113 2950 1
48 247 1207 471 1337 4963 55 49 625 220 120 445 103 2949 2
34 202 1203 465 1263 4870 47 36 602 148 107 460 100 2759 NA
55 229 1206 500 1493 5183 98 47 637 156 113 469 98 2760 NA
43 212 1152 510 1336 4885 74 53 707 219 95 450 155 2691 NA
51 188 1116 526 1537 5130 67 41 688 199 97 468 131 2814 3
71 220 1172 514 1482 5158 46 34 578 188 138 427 157 2866 1
58 226 1206 466 1448 5212 62 38 582 121 109 474 88 2751 2
62 205 1148 487 1431 5154 65 62 669 187 99 421 117 2845 NA
65 192 1179 468 1584 4944 54 40 667 203 89 449 70 2750 NA
51 261 1161 473 1399 5008 90 36 667 156 99 497 104 2784 2
28 209 1140 467 1454 4963 59 27 624 143 99 440 113 2731 3
53 205 1131 455 1376 5159 77 32 655 239 114 429 103 2860 NA
79 265 1138 494 1322 5000 47 42 664 267 148 456 123 2976 NA
51 232 1203 464 1407 5087 42 35 574 124 108 425 142 2779 NA
41 261 1114 519 1446 5013 41 29 667 183 109 470 118 2911 NA
73 242 1096 529 1370 5093 56 34 625 192 81 485 98 2941 NA
79 231 1187 467 1423 4955 62 43 667 134 97 465 114 2798 NA
49 227 1234 440 1463 5116 86 33 640 175 111 458 136 2842 NA
40 227 1152 501 1338 5000 47 32 623 193 103 436 109 2790 1
54 221 1121 443 1421 4888 51 40 562 157 85 405 137 2875 1
62 210 1107 483 1347 4973 52 33 665 155 106 388 137 2691 1
49 277 1225 489 1557 4959 37 26 643 205 105 431 95 2930 1
77 266 1101 509 1490 5171 97 25 656 135 92 496 93 2644 NA
52 251 1296 516 1612 5318 51 48 620 122 90 419 103 2901 1
42 287 1219 460 1502 5012 79 22 622 196 106 441 135 2805 1
50 254 1145 519 1482 4890 51 34 594 198 126 543 129 2597 NA
64 231 1284 491 1509 4992 63 50 648 146 91 470 140 2770 2
44 218 1068 478 1467 5147 74 64 671 170 108 395 117 2952 NA
60 260 1133 467 1382 4885 49 37 599 168 87 461 103 2825 1
29 111 1289 449 1456 4996 33 30 588 211 94 500 134 2849 NA
35 196 1130 436 1340 4872 26 40 586 166 95 412 112 2882 1
53 216 1120 542 1447 4968 67 13 606 206 103 485 129 2781 1
25 222 1141 538 1429 5220 78 38 657 215 116 453 107 2605 NA
94 209 1194 533 1627 4993 50 52 631 216 89 384 88 2714 5
36 203 1080 469 1412 4934 43 35 626 169 103 401 117 2870 3
73 245 1109 490 1373 4909 48 41 646 107 93 425 122 2769 1
72 225 1149 471 1437 5216 61 34 674 108 73 415 109 2987 1
45 221 1177 515 1431 5022 44 43 570 145 94 458 143 2875 NA
48 255 1241 505 1503 5084 91 24 700 165 103 514 102 2940 3
84 274 1170 475 1415 4978 49 33 646 116 89 413 151 2921 2
66 237 1081 462 1360 5207 71 42 651 117 77 493 134 2930 1
80 262 1191 489 1384 4898 49 42 638 215 101 440 82 2847 3
59 212 1165 491 1524 5206 53 38 589 262 98 419 128 2803 NA
38 217 1048 430 1412 5020 89 26 684 135 98 471 139 2909 4
58 229 1194 438 1482 4903 92 26 686 127 125 465 106 2987 1
54 196 1149 430 1448 5299 54 40 701 205 134 468 102 2910 1
60 226 1082 491 1361 5025 67 36 656 131 115 553 123 2725 1
38 220 1086 479 1407 4887 48 44 648 128 98 505 92 2809 3
38 174 1146 474 1393 5044 55 49 664 147 99 484 133 2940 NA
48 233 1219 536 1356 4968 66 29 658 174 83 449 120 2928 1
59 268 1144 460 1445 5079 58 59 678 81 83 506 127 2955 5
66 241 1125 450 1555 5170 67 33 664 237 96 428 124 2798 3
46 213 1050 459 1307 5074 28 36 636 130 108 446 130 2913 2
56 245 1131 486 1448 4877 74 27 695 91 95 510 142 2819 NA
42 238 1089 506 1400 4924 94 48 681 145 83 434 133 2931 1
40 201 1106 481 1556 5011 72 37 635 156 101 475 93 2832 11
49 251 1229 486 1616 5267 54 31 622 219 91 480 121 2786 2
34 202 1162 472 1467 5055 63 51 625 178 109 413 115 2882 1
50 241 1102 521 1441 4996 59 55 662 173 114 502 98 2668 NA
63 209 1163 456 1418 4967 41 31 638 155 104 432 114 2726 3
70 217 1148 484 1513 5124 82 46 620 120 91 468 140 2960 3
22 207 1259 502 1564 5059 60 32 629 170 95 469 103 2748 1
48 249 1176 526 1504 5032 43 40 649 195 91 471 121 2831 1
116 294 1224 532 1550 5117 63 27 638 181 87 421 124 2705 NA
43 210 1212 473 1611 5093 65 53 658 122 106 486 117 2761 4
53 210 1148 454 1533 5047 64 21 630 142 85 435 110 2884 NA
77 229 1210 527 1647 5046 53 39 578 123 106 436 115 2867 NA
35 238 1162 505 1485 5110 82 34 614 139 94 473 133 2678 3
39 234 1115 452 1516 5047 68 28 627 146 122 414 101 2770 4
51 219 1129 466 1352 5016 67 36 672 216 115 442 125 2977 NA
58 240 1157 515 1557 5137 14 42 660 175 120 415 106 2659 NA
57 219 1200 491 1388 5121 55 46 724 203 118 447 109 2861 NA
89 252 1327 507 1592 5229 44 53 729 204 122 435 122 2861 NA
52 238 1219 499 1534 5160 49 46 610 174 90 450 97 2795 NA
35 225 1263 522 1472 4990 54 53 659 204 109 443 133 2676 1
20 210 1221 453 1534 5001 43 39 634 208 118 431 147 2814 1
60 239 1203 478 1532 4978 52 30 638 148 100 447 95 2703 2
74 252 1121 518 1443 4779 68 33 680 172 100 436 101 2779 1
64 221 1113 481 1446 5198 78 34 605 103 83 629 116 2746 5
53 228 1154 490 1342 4960 60 24 660 133 107 434 113 2874 NA
56 215 1173 460 1469 4951 36 26 599 174 109 398 116 2650 NA
53 212 1102 439 1396 5016 63 43 582 179 98 469 113 2921 NA
43 229 1131 530 1581 5161 71 49 704 148 99 437 132 2848 3
32 213 1187 551 1412 4971 53 33 682 258 115 525 114 2992 NA
49 220 1047 475 1337 5114 59 24 640 154 106 518 139 2818 NA
47 247 1200 498 1473 4889 54 46 692 177 114 483 148 2884 2
77 243 1228 514 1396 5069 77 27 699 191 101 466 133 2918 NA
56 229 1130 555 1505 4964 67 42 640 217 107 469 117 2885 2
48 209 1262 530 1599 5088 21 25 593 161 101 381 92 2788 NA
45 259 1185 456 1476 5042 41 49 604 247 111 494 92 2848 NA
