"kdkd" "kukd" "kuku" "pkd" "pku" "pp" "tdkd" "tdku" "tdp" "tdtd" "tukd" "tup" "tutd" "tutu" "tuku"
163 311 1484 659 1596 12759 63 45 914 108 75 414 88 3075 NA
153 306 1479 691 1609 12843 78 51 825 190 85 422 87 3041 1
188 318 1468 700 1608 12797 77 58 874 195 79 396 80 3080 1
89 272 1459 628 1582 12606 50 53 834 146 74 388 84 3106 NA
185 302 1467 654 1583 12800 65 54 876 191 89 424 82 3134 NA
155 312 1482 652 1612 12659 56 47 897 106 80 421 86 3143 1
158 309 1497 714 1615 12458 63 44 829 164 79 400 82 3064 1
126 293 1456 708 1594 12524 77 49 774 148 80 415 74 3074 NA
183 331 1464 687 1609 12546 67 59 872 194 81 397 87 3029 1
131 312 1490 675 1625 12605 53 60 846 152 79 407 91 3043 1
160 297 1457 649 1580 12811 55 49 821 179 70 409 80 3085 1
191 325 1463 695 1593 12523 39 54 783 178 79 417 83 3024 1
156 301 1446 705 1556 12711 62 51 862 176 69 403 82 3100 1
152 284 1428 666 1545 12525 62 47 836 183 79 418 86 3075 NA
170 321 1489 703 1611 12745 65 48 826 99 86 415 75 3109 1
132 325 1489 676 1648 12711 74 47 751 163 75 418 80 3126 1
115 284 1435 647 1548 12645 65 58 875 186 79 390 80 3035 1
108 309 1459 662 1604 12413 66 53 802 184 66 403 78 3118 NA
122 297 1493 667 1609 12813 68 61 881 136 85 390 83 3053 1
140 319 1438 712 1587 12460 36 50 835 179 86 401 70 3074 NA
129 299 1489 689 1624 12474 65 56 783 101 78 414 88 3069 1
139 289 1482 682 1625 12531 71 59 785 179 85 402 91 3037 1
170 296 1468 632 1612 12909 55 62 854 181 74 400 89 3083 1
141 307 1493 684 1590 12529 58 47 851 203 69 415 95 3101 NA
175 305 1455 704 1579 12661 49 48 908 109 84 399 84 3077 1
180 333 1500 756 1679 12566 54 59 817 162 81 430 75 3062 1
126 298 1506 657 1632 12467 21 55 888 182 75 409 87 3076 1
184 301 1481 711 1640 12357 76 51 835 141 78 402 84 3051 1
173 311 1461 702 1615 12623 73 44 805 146 83 415 82 3047 1
145 309 1455 676 1588 12541 57 54 835 180 83 397 85 3080 1
157 329 1471 711 1605 12735 62 54 839 154 88 417 77 3060 1
96 291 1479 680 1622 12588 59 50 933 142 75 415 92 3101 1
132 312 1540 687 1684 12515 60 58 806 119 86 417 86 3085 1
133 314 1513 684 1658 12722 75 61 893 157 71 405 76 3034 1
144 321 1478 723 1624 12720 83 55 856 155 76 395 74 3019 NA
174 315 1468 694 1603 12479 57 45 827 154 73 401 81 3048 1
107 287 1484 656 1608 12713 70 50 844 180 85 390 80 3089 1
118 303 1480 721 1628 12810 60 52 860 134 83 402 82 3059 1
145 300 1466 677 1599 12738 65 53 895 152 73 429 39 3159 1
160 310 1474 686 1599 12528 60 51 860 178 67 391 92 3079 NA
184 318 1443 730 1586 12384 66 53 841 172 83 415 86 3044 NA
152 323 1505 720 1636 12550 59 44 806 194 72 409 82 3089 1
164 290 1455 648 1605 12789 34 58 936 142 78 205 94 3145 1
191 325 1499 766 1657 12759 54 53 858 178 81 434 89 3079 1
131 293 1478 656 1611 12654 74 61 861 200 87 428 90 3057 NA
196 308 1456 682 1602 12823 48 47 763 126 79 413 93 3097 1
125 309 1456 711 1599 12425 50 54 848 172 87 405 89 3093 1
110 296 1467 648 1595 12470 44 52 869 120 77 416 92 3045 NA
165 299 1495 691 1628 12840 57 53 864 209 86 409 89 3011 NA
148 311 1490 696 1627 12664 56 52 844 184 77 401 88 3035 NA
166 315 1480 703 1587 12831 60 60 851 184 71 416 89 3063 1
172 334 1487 744 1626 12726 71 53 795 160 80 407 45 3030 NA
172 288 1455 693 1586 12753 53 54 848 139 82 398 92 3070 NA
121 287 1474 718 1629 12748 52 57 843 125 84 419 87 3055 1
112 287 1423 650 1560 12762 33 50 830 195 84 428 80 3116 1
137 337 1497 723 1643 12421 55 50 858 150 77 208 87 3131 1
134 306 1401 659 1516 12226 40 45 802 188 73 400 90 3098 NA
112 290 1498 657 1631 12669 51 46 876 189 77 413 89 3085 1
183 304 1438 702 1613 12499 55 49 863 176 71 401 91 3101 NA
166 307 1527 664 1667 12888 67 64 906 174 75 400 87 3072 1
118 297 1477 656 1611 12543 49 58 825 194 81 416 94 3046 1
139 278 1489 653 1612 12331 30 61 922 197 74 417 93 3112 NA
89 297 1446 609 1579 12579 68 54 808 162 79 208 90 3051 NA
87 292 1488 647 1622 12672 54 54 865 156 77 411 85 3089 1
114 291 1434 673 1548 12658 60 38 858 158 77 407 90 3030 NA
183 322 1476 710 1620 12779 59 53 881 179 74 364 80 3062 1
165 304 1475 660 1629 12495 53 54 857 210 71 416 83 3050 1
144 297 1498 689 1628 12607 71 57 826 197 71 389 75 3048 1
94 322 1502 675 1644 12492 63 57 803 78 76 398 85 3081 1
166 284 1419 660 1532 12609 54 46 893 109 67 424 84 3068 NA
197 299 1501 732 1650 12677 65 51 869 195 80 401 80 3052 1
190 319 1479 739 1594 12890 63 50 816 185 74 417 74 3109 1
190 322 1480 733 1628 12738 48 66 878 172 80 420 84 3027 1
141 308 1465 656 1587 12802 64 46 807 147 70 392 83 3049 NA
163 311 1513 748 1643 12686 50 47 796 199 82 424 91 3035 1
168 323 1516 724 1667 12781 52 62 824 193 67 395 87 3110 1
186 336 1457 719 1629 12669 73 50 849 153 74 411 96 3041 1
153 321 1476 705 1614 12984 58 58 787 190 86 412 83 3024 NA
184 299 1469 345 1606 12724 64 44 823 157 76 396 83 3095 1
137 302 1475 685 1603 12942 71 59 886 151 81 414 86 3023 NA
152 312 1486 740 1602 12477 59 56 798 134 81 410 86 3055 1
128 308 1447 719 1600 12907 66 51 846 134 80 412 82 3071 NA
185 299 1516 684 1679 12600 60 53 786 108 84 408 83 3105 1
188 322 1480 697 1580 12713 52 56 813 167 75 412 82 3062 1
134 309 1467 712 1639 12873 50 63 911 184 78 422 91 3065 NA
165 342 1509 710 1608 12264 61 54 798 194 76 391 94 3083 1
150 339 1445 744 1606 12829 79 58 841 114 80 417 86 3113 1
181 291 1509 680 1666 12371 53 55 808 127 80 381 83 3084 1
160 324 1504 718 1629 12920 38 47 925 129 80 414 80 3062 NA
132 298 1468 686 1597 12720 69 54 831 208 83 437 90 3089 1
175 313 1472 664 1614 12388 58 45 845 125 76 392 89 3059 1
104 295 1458 695 1588 12615 58 45 803 182 78 407 92 3100 NA
172 330 1501 716 1645 12775 69 59 769 117 79 412 89 3083 1
122 323 1493 724 1668 12787 53 57 776 137 78 400 91 3036 1
170 313 1475 720 1634 12626 56 51 872 142 83 411 89 3083 NA
177 332 1472 703 1624 12587 60 61 891 167 75 434 95 3063 NA
148 321 1502 675 1641 12708 54 58 873 189 72 404 83 3084 1
153 310 1501 719 1646 12646 78 48 891 201 81 417 88 3089 1
131 299 1508 666 1650 12829 54 54 922 199 81 416 85 3039 1
140 317 1472 690 1607 12820 62 49 894 187 76 400 85 3118 1
