"kdkd" "kukd" "kuku" "pkd" "pku" "pp" "tdkd" "tdku" "tdp" "tdtd" "tukd" "tup" "tutd" "tutu" "tuku"
91 208 976 413 1115 4014 39 15 552 93 71 395 93 2247 NA
35 186 961 380 1281 4311 75 17 535 79 103 395 79 2207 NA
17 165 963 408 1190 4109 43 23 515 184 82 349 92 2216 1
65 220 1032 443 1262 4156 65 25 485 124 90 377 119 2120 1
34 198 965 449 1177 4269 36 37 499 130 78 363 87 2117 NA
27 183 955 406 1238 4151 60 24 555 60 75 310 69 2090 NA
94 182 900 405 1173 3905 26 25 489 102 92 342 102 2120 NA
68 207 939 401 1198 4118 51 44 549 121 80 362 92 2209 NA
40 175 976 395 1269 4256 40 25 543 163 89 346 64 2111 NA
46 188 960 376 1259 4176 40 22 614 139 87 369 59 2078 NA
36 158 942 395 1269 4250 46 28 493 87 73 303 102 2081 NA
51 202 951 405 1065 4077 69 45 508 153 84 357 78 2126 1
30 159 996 396 1162 4084 59 28 510 99 64 404 73 2265 1
58 221 1015 450 1279 4230 48 39 538 125 103 329 87 2233 1
67 238 1030 408 1295 4384 74 21 484 138 92 413 89 2128 1
45 184 842 395 1209 4151 61 38 554 143 96 354 106 2165 NA
50 217 967 427 1247 3914 39 24 519 235 84 368 75 2270 2
70 171 900 395 1108 4244 69 23 531 125 89 389 107 2048 1
37 212 926 399 1191 4131 46 38 546 183 55 384 74 2244 2
39 205 1030 413 1134 4184 44 28 545 90 80 395 85 2226 1
55 197 1007 407 1269 4075 92 34 472 80 72 336 98 2323 NA
35 189 945 406 1148 3964 34 22 568 155 57 359 93 2287 NA
36 206 888 420 1205 3962 49 37 471 160 73 346 91 2244 NA
48 218 990 402 1316 3919 43 21 530 181 74 331 89 2254 1
36 188 948 407 1231 4197 82 19 524 92 107 338 89 2056 NA
44 215 1029 411 1281 4206 81 44 505 169 80 355 107 2220 NA
31 188 1026 411 1190 4008 34 36 533 211 92 389 48 2113 NA
42 189 903 443 1160 4063 71 26 526 201 106 361 80 2208 2
54 224 948 385 1196 4233 34 29 515 117 46 339 86 2115 NA
47 185 925 474 1128 4158 85 40 522 140 65 349 92 2246 NA
88 216 1002 435 1189 4183 42 34 538 173 85 377 92 2260 NA
36 208 994 416 1249 4149 37 25 537 113 88 351 80 2230 2
75 216 1039 393 1152 4205 44 25 523 63 81 366 99 2241 1
91 191 917 446 1174 4307 54 40 571 201 86 353 99 2327 1
50 162 878 421 1124 4148 61 33 576 122 83 340 93 2110 NA
30 201 967 375 1142 4050 43 18 502 136 67 328 100 2212 5
41 178 994 453 1174 4022 29 52 526 92 107 322 79 2307 NA
33 184 968 467 1220 4105 48 35 553 169 100 312 97 2213 1
48 219 873 431 1158 4191 66 32 538 158 65 362 120 2122 NA
54 195 945 387 1235 4175 34 24 534 177 74 389 98 2232 1
70 211 1059 389 1170 4095 21 26 478 65 101 400 81 2235 2
33 204 1017 403 1223 4241 31 18 583 208 92 353 81 2111 1
47 214 917 408 1119 4140 28 36 538 182 76 355 75 2237 6
45 185 1000 405 1151 4045 31 43 532 101 63 379 90 2285 NA
55 203 954 445 1163 4145 54 33 530 208 72 334 69 2111 3
37 215 933 442 1156 4238 75 34 582 110 74 379 87 2047 2
57 214 971 421 1199 4021 30 37 539 134 73 335 100 2226 1
43 191 1004 361 1139 4204 51 28 520 190 70 355 100 2179 NA
61 209 943 426 1172 3985 27 40 545 124 85 393 85 2200 NA
71 215 989 404 1255 4437 69 29 527 144 70 357 74 2316 NA
41 188 940 420 1200 4261 50 41 598 147 97 372 74 2104 NA
42 172 1037 418 1215 4173 46 44 556 183 88 369 40 2254 1
57 185 963 409 1180 4076 64 35 514 100 87 313 81 2092 1
26 201 967 413 1243 4136 58 26 534 239 105 381 97 2094 1
56 198 921 396 1104 4005 57 31 542 150 89 351 96 2216 1
55 204 968 361 1132 3989 76 39 527 104 91 352 69 2179 NA
94 191 924 451 1155 4120 44 27 532 126 76 340 103 2140 NA
61 204 1108 431 1299 4216 56 20 521 133 77 308 91 2243 NA
33 184 1003 383 1205 4024 19 17 508 171 70 352 43 2365 NA
21 198 1011 441 1135 4094 80 36 528 177 68 351 89 2308 1
33 145 1035 366 618 4218 37 32 553 162 82 397 101 2101 NA
25 158 888 397 1120 4104 60 37 518 83 74 329 82 2025 NA
44 104 977 432 1231 4134 59 40 586 204 86 374 116 2011 1
31 182 846 422 1194 4198 52 33 558 100 84 333 87 2238 NA
76 181 998 410 1254 4141 34 33 542 183 84 389 97 2289 NA
38 190 963 405 1255 4102 32 32 490 202 91 326 105 2112 NA
23 200 949 449 1226 4241 69 19 540 131 76 375 97 2111 NA
20 141 893 448 1205 4155 58 24 496 163 94 351 93 2161 2
32 169 931 401 1131 4111 40 28 514 94 108 364 101 2153 2
90 182 978 422 1238 4154 55 38 611 101 94 374 87 2201 1
53 189 881 484 1088 4022 36 21 519 179 87 350 93 2173 NA
24 197 1009 380 1201 4268 44 21 540 116 56 319 91 2181 1
56 182 985 415 1360 4158 24 28 524 101 98 371 109 2173 1
21 205 1005 447 1182 4200 62 31 502 125 46 373 126 2086 3
56 195 826 429 1133 4254 51 30 528 150 66 369 94 2046 1
20 185 1024 418 1337 4117 19 30 551 160 62 354 96 2098 2
75 219 988 507 1237 4078 44 41 552 157 66 392 97 2192 NA
18 181 914 440 1218 4055 87 34 562 144 82 383 92 2214 1
29 158 874 379 1287 4247 55 32 569 108 91 367 88 2234 NA
65 227 910 413 1127 4291 58 39 524 106 68 383 57 2127 1
54 195 986 445 1198 4162 62 37 578 244 75 358 75 2272 NA
74 115 867 433 1215 4181 68 33 578 171 85 369 69 2166 1
56 186 921 395 1072 4169 44 30 490 70 71 401 74 2293 NA
115 206 978 445 1270 4108 36 39 513 171 101 356 92 2176 NA
41 171 923 418 1244 4129 52 36 548 124 80 398 86 2120 1
39 185 865 449 1269 4118 37 15 545 128 82 321 90 2105 NA
53 192 874 397 1093 4058 27 36 550 82 76 379 79 2185 NA
31 194 940 443 1230 3987 49 35 492 128 99 328 93 2161 2
32 211 935 394 1319 4115 64 41 516 146 79 328 87 2102 2
61 176 1018 415 1227 4231 44 25 499 228 115 391 77 2396 NA
44 210 926 433 1226 4025 32 14 563 219 115 350 64 2381 NA
56 178 1009 414 1278 4080 46 38 510 143 84 313 101 2133 3
54 231 1053 462 1261 4118 100 56 553 107 73 370 81 2356 1
37 181 989 444 1302 4296 38 34 536 196 76 343 86 2182 1
63 143 879 416 1025 4241 52 28 504 100 73 390 78 2135 1
71 215 934 434 1087 4048 53 28 495 157 88 367 89 2113 1
46 220 975 421 1231 4098 45 32 517 150 91 338 68 2130 1
54 195 984 495 1189 4105 39 30 499 148 86 347 114 2164 3
38 167 923 422 1191 4164 59 31 496 113 78 323 111 2180 1
100 237 921 478 1259 4055 44 34 508 139 76 342 64 2229 4
