"kdkd" "kukd" "kuku" "pkd" "pku" "pp" "tdkd" "tdku" "tdp" "tdtd" "tukd" "tup" "tutd" "tutu" "tuku"
65 166 896 424 1254 4357 82 26 546 106 88 372 82 2503 NA
42 167 928 452 1413 4557 60 41 689 101 89 414 80 2445 3
60 197 948 469 1273 4245 51 25 530 100 95 363 92 2426 3
79 205 1002 433 1290 4477 21 28 559 136 83 423 66 2593 4
92 217 960 455 1258 4404 31 35 577 149 71 358 92 2424 NA
93 200 1069 403 1258 4383 68 31 574 120 41 423 73 2385 3
47 183 950 362 1273 4262 41 33 563 128 85 407 88 2527 NA
41 150 892 404 1210 4247 48 21 530 211 84 410 110 2569 2
65 172 952 467 1359 4347 35 29 545 165 97 361 107 2445 NA
21 158 968 420 1284 4298 55 18 582 192 74 385 104 2453 4
55 184 1060 462 1453 4384 33 28 593 109 68 427 87 2522 NA
97 207 1032 422 1190 4333 76 37 550 138 81 379 95 2487 2
58 213 1070 426 1293 4292 104 35 588 152 96 386 86 2506 3
38 158 1051 327 1267 4337 55 31 565 182 97 407 105 2524 NA
25 141 1089 410 1271 4431 66 42 614 172 83 411 110 2617 1
38 165 1012 366 639 4509 97 29 578 127 113 433 101 2489 2
47 183 986 456 1218 4382 57 14 541 231 79 409 87 2497 3
56 185 943 390 1236 4240 41 22 579 163 76 402 103 2637 4
24 179 1040 421 1267 4367 52 43 568 136 97 419 85 2510 7
29 196 1050 367 1281 4194 47 12 529 176 85 396 83 2488 2
31 190 1054 383 1378 4449 61 22 552 105 95 418 91 2392 NA
41 185 970 372 1190 4320 58 29 535 213 93 422 75 2539 3
82 223 993 464 1224 4316 88 19 653 108 98 415 67 2525 1
55 215 1081 390 1369 4440 52 38 606 174 88 413 85 2496 1
52 216 1087 460 1387 4405 59 40 532 109 117 380 75 2535 1
40 170 988 409 1258 4425 53 34 571 153 76 376 89 2684 3
26 199 926 449 1138 4498 52 23 559 172 95 194 84 2554 NA
28 164 943 408 1190 4313 90 49 569 162 101 364 89 2376 1
49 174 1005 409 1347 4429 57 18 614 144 79 397 43 2549 5
37 181 981 415 1157 4269 43 37 529 119 89 470 77 2514 6
57 203 980 404 1139 4213 16 22 499 173 97 362 72 2542 4
35 184 1023 456 1249 4351 60 36 541 203 84 384 71 2476 NA
60 215 941 426 1196 4419 34 42 505 81 95 406 85 2497 1
48 175 1029 372 1330 4274 33 24 484 139 90 410 85 2381 2
48 155 998 413 1240 4457 66 30 527 247 87 377 89 2608 NA
61 205 1032 410 1245 4646 38 19 572 117 90 415 74 2550 3
63 202 1082 435 1338 4466 58 37 578 155 87 361 67 2462 1
30 191 921 456 1214 4516 68 31 564 181 77 378 77 2535 2
69 95 953 401 1150 4347 42 28 529 214 92 444 92 2613 2
48 180 1019 445 1231 4451 29 23 587 78 110 362 71 2413 1
22 174 954 350 1230 4471 57 42 586 111 94 417 110 2504 NA
43 153 1016 347 1296 4271 50 39 599 154 86 388 112 2315 NA
17 170 1001 398 1295 4616 45 26 566 117 47 435 67 2406 1
51 215 952 414 1252 4242 59 25 571 152 81 424 120 2680 NA
38 206 1012 364 1225 4280 43 31 543 119 75 361 101 2523 1
19 172 997 430 1290 4339 35 27 589 88 89 417 71 2527 2
53 154 894 504 1192 4333 38 25 563 177 93 430 79 2410 1
80 223 989 445 1212 4450 95 24 558 107 89 399 96 2506 3
48 172 937 418 1194 4524 63 39 558 200 114 370 88 2434 NA
39 169 1004 411 1237 4278 53 29 533 221 79 381 91 2482 1
90 197 983 434 1265 4506 58 23 573 168 70 394 84 2474 1
32 199 985 399 1289 4446 68 33 513 99 96 419 100 2506 NA
43 192 1016 432 1227 4457 68 45 514 144 81 391 115 2625 3
48 163 921 398 1301 4253 47 19 543 145 74 408 84 2425 2
34 188 986 431 1182 4415 50 31 532 143 80 439 118 2532 1
56 215 1039 419 1280 4414 41 36 529 81 82 448 77 2472 NA
74 194 1057 429 1389 4483 72 25 527 127 106 411 69 2570 NA
49 188 1000 391 1212 4377 65 46 571 172 97 212 81 2563 1
46 193 1045 459 1347 4499 42 14 538 185 73 413 85 2542 NA
58 182 1010 356 1189 4409 27 17 595 131 98 385 43 2516 3
74 195 1016 438 1287 4353 51 31 529 144 108 395 83 2486 1
27 160 969 367 1215 4467 39 22 585 125 83 442 88 2476 1
21 191 990 450 1200 4293 59 43 603 122 90 406 112 2544 NA
56 178 990 455 1302 4324 48 25 521 222 90 347 80 2438 1
52 181 1041 433 1176 4344 14 22 627 112 90 430 75 2490 1
53 184 1053 235 1209 4329 52 22 533 174 102 397 63 2533 NA
20 153 1031 422 1259 4315 41 23 535 167 93 440 65 2525 2
27 187 1041 401 1211 4389 37 44 592 106 95 358 84 2401 1
47 182 1003 469 1269 4372 48 29 544 132 89 435 94 2521 NA
65 182 948 441 1125 4158 45 32 504 159 90 378 66 2576 1
43 175 885 384 1232 4250 35 33 549 203 105 352 80 2451 NA
34 186 943 359 1219 4313 35 31 550 123 124 387 95 2573 NA
64 185 1018 407 1106 4335 49 29 553 83 91 441 95 2475 NA
36 174 935 388 1327 4366 35 24 569 166 109 404 67 2500 1
30 197 952 417 1251 4431 72 29 520 156 99 381 99 2439 NA
25 188 992 375 1136 4473 47 38 560 95 76 381 76 2406 NA
83 154 949 399 1205 4344 30 31 541 191 101 391 93 2442 2
66 210 1092 420 1191 4281 53 22 587 155 106 394 74 2641 2
66 205 1007 439 1319 4442 64 23 530 115 83 420 107 2374 1
40 207 1045 380 1244 4399 86 38 515 84 76 379 98 2376 3
69 193 994 445 1334 4621 35 35 511 139 76 426 65 2361 NA
25 216 1035 468 1344 4408 81 30 560 124 108 385 88 2550 7
55 185 994 436 1296 4420 54 32 523 126 94 454 103 2444 1
74 193 1082 445 1346 4352 47 42 602 124 78 404 101 2629 NA
36 181 1040 397 1274 4531 65 26 541 147 91 370 91 2457 3
50 213 953 474 1227 4445 81 44 578 101 81 400 82 2608 1
56 182 1050 375 1335 4401 24 39 502 99 79 416 86 2605 NA
75 152 1039 426 1245 4194 65 39 643 113 89 365 68 2367 2
81 244 1084 477 1182 4285 83 33 519 141 64 397 65 2363 NA
57 189 963 371 1212 4380 59 32 603 179 92 326 71 2483 1
38 169 975 425 1224 4442 56 27 548 241 99 421 99 2526 3
58 197 949 484 1228 4455 94 51 538 158 79 386 67 2512 NA
38 180 1068 389 1284 4450 37 36 501 160 110 368 95 2484 NA
53 171 999 405 1273 4400 46 30 558 163 100 464 96 2518 1
62 176 1005 381 1208 4163 43 33 555 131 80 378 43 2473 1
64 176 1023 367 1272 4427 62 30 580 194 96 403 73 2513 NA
27 174 920 360 1186 4579 35 23 510 101 103 416 98 2496 2
47 215 1019 445 1227 4287 76 33 554 136 74 399 82 2523 1
16 175 1013 430 1289 4454 81 21 578 190 81 394 96 2440 1
67 218 992 443 1315 4480 52 45 529 107 76 384 88 2495 1
