"kdkd" "kukd" "kuku" "pkd" "pku" "pp" "tdkd" "tdku" "tdp" "tdtd" "tukd" "tup" "tutd" "tutu" "tuku"
36 82 416 151 474 3606 16 8 207 28 19 100 25 880 NA
17 60 412 163 462 3695 9 16 250 53 20 132 28 887 NA
13 83 421 198 466 3712 3 19 191 10 19 118 20 860 NA
41 49 382 159 440 3348 7 13 268 60 18 112 19 848 NA
83 106 430 206 456 3483 19 16 268 28 18 112 17 856 1
14 85 396 163 467 3916 18 23 203 39 22 124 17 873 NA
20 98 461 215 489 3635 20 19 293 21 21 117 26 896 NA
8 72 417 201 456 3719 13 3 265 29 21 115 31 883 1
27 78 439 205 483 3599 11 12 245 47 22 115 20 888 NA
47 113 433 103 457 3925 24 21 222 65 26 106 27 890 NA
51 79 398 192 447 3457 7 5 214 65 10 127 28 866 NA
28 80 405 190 446 3647 18 16 276 53 25 113 27 846 NA
49 101 464 206 508 3675 9 13 166 20 18 103 19 834 NA
16 97 420 218 445 3578 31 11 219 26 30 122 30 912 1
101 122 440 236 466 3555 21 16 222 20 25 119 31 876 1
50 93 442 235 508 3912 10 10 312 110 31 127 27 850 NA
34 92 453 213 500 3766 19 16 204 85 20 119 22 858 NA
78 83 421 188 459 3599 15 19 265 31 26 111 16 889 NA
89 93 389 249 419 3703 14 16 278 44 19 121 26 920 NA
25 80 406 240 476 3816 26 14 278 22 22 113 31 867 NA
24 95 448 191 479 3627 13 14 250 24 17 103 31 854 NA
17 87 408 175 468 3666 16 19 200 77 24 96 22 868 NA
42 68 418 180 439 3627 23 11 235 60 18 107 19 844 1
23 77 423 214 458 3512 24 16 248 12 30 117 30 922 NA
70 106 428 240 467 3583 23 18 270 30 23 141 27 878 NA
45 91 432 208 466 3476 7 13 181 31 17 102 19 870 NA
18 95 467 235 507 3715 21 14 232 18 27 138 27 858 NA
65 113 433 230 474 3542 23 17 226 44 27 111 17 848 NA
29 83 431 195 474 3621 27 15 220 42 20 115 29 897 NA
15 87 434 165 479 3645 21 20 221 21 21 110 23 839 NA
43 78 401 204 403 3351 9 14 200 28 15 121 24 872 NA
36 84 394 207 444 3373 24 16 300 27 25 140 25 846 NA
45 79 411 203 448 3566 17 18 202 42 19 123 26 835 NA
12 76 422 165 453 3682 18 19 278 17 18 119 22 941 NA
79 97 439 98 443 3524 14 13 229 30 22 127 23 881 NA
100 94 461 130 498 3735 3 15 199 6 28 55 23 884 NA
13 67 450 164 480 3669 27 22 299 44 14 103 26 882 1
37 89 430 200 488 3820 17 11 270 45 21 117 25 901 NA
31 94 407 183 429 3712 11 7 216 32 9 115 24 914 NA
22 83 406 167 473 3630 6 12 172 18 26 56 25 858 NA
69 75 395 189 438 3545 13 21 271 49 12 103 22 837 NA
38 100 407 214 469 3762 26 4 232 62 14 115 21 880 NA
37 101 438 214 481 3822 13 10 199 23 22 109 19 864 NA
22 82 397 212 472 3625 11 25 255 35 23 128 24 905 NA
52 103 401 207 448 3626 17 13 243 14 18 122 17 861 NA
40 99 415 219 497 3480 25 19 187 43 23 104 22 891 NA
84 110 457 241 510 3675 14 10 255 30 28 127 27 929 NA
72 68 425 163 475 3684 17 14 215 44 19 113 24 851 1
41 110 410 203 437 3494 20 12 260 47 27 118 30 877 NA
60 52 447 214 479 3663 17 18 191 38 29 116 20 874 NA
15 81 444 189 490 3719 10 9 264 29 20 114 28 893 NA
23 76 405 204 446 3690 16 16 156 33 15 127 27 857 NA
83 82 412 165 465 3389 10 21 226 44 19 117 14 899 NA
11 92 433 198 486 3790 29 17 262 65 21 137 11 902 NA
23 87 448 176 472 3523 8 13 245 18 17 126 27 860 NA
80 87 431 229 470 3694 22 19 252 27 21 103 22 848 NA
27 82 424 187 460 3705 15 17 256 39 23 125 25 890 NA
57 98 446 201 465 3557 23 15 219 21 24 111 24 899 1
76 120 435 256 476 3471 16 22 230 27 16 117 27 874 NA
8 92 424 159 474 3516 18 17 265 33 23 136 29 828 1
16 101 450 199 516 3851 22 12 260 64 25 120 27 885 NA
66 88 440 181 466 3603 14 23 227 61 16 126 25 849 NA
48 74 435 171 439 3716 31 21 291 67 22 126 25 895 1
16 84 426 184 463 3799 18 8 225 80 25 135 20 894 NA
45 85 406 156 439 3671 10 6 215 59 14 104 24 907 NA
6 86 389 201 438 3707 36 18 227 54 27 116 30 891 NA
74 122 454 254 495 3669 8 15 226 33 24 118 26 820 1
9 65 409 166 451 3603 20 15 216 96 19 103 22 894 1
81 89 396 186 449 3523 21 18 254 60 23 122 21 823 NA
7 105 448 208 450 3579 23 19 275 48 28 121 21 906 NA
97 103 423 227 464 3671 17 14 199 24 23 116 29 832 NA
86 104 408 106 468 3516 21 22 221 20 25 111 29 875 NA
7 70 428 179 454 3657 28 18 244 31 22 116 25 891 NA
6 100 417 193 437 3744 17 9 266 31 30 112 28 869 1
20 105 417 226 505 3658 22 17 257 27 26 115 22 905 NA
17 69 389 148 411 3746 23 11 233 37 17 108 27 849 NA
40 62 420 140 451 3540 25 17 276 70 24 101 25 845 NA
41 112 427 208 434 3651 12 7 163 38 24 138 23 887 NA
9 84 415 168 468 3685 15 11 226 25 25 102 27 870 NA
25 87 428 199 470 3469 22 16 202 18 22 120 30 856 NA
45 68 397 169 455 3548 18 13 204 11 27 104 23 867 1
48 88 415 198 446 3650 12 11 272 88 20 117 14 873 1
28 85 407 182 442 3648 13 20 196 114 19 116 28 863 NA
86 114 472 254 517 3684 38 15 258 41 25 110 21 835 NA
21 107 438 206 474 3421 35 15 267 73 23 129 20 885 NA
76 95 410 188 460 3398 15 5 224 29 20 105 21 851 NA
58 76 410 225 439 3769 9 12 230 27 20 117 16 858 NA
74 90 389 214 419 3636 11 13 292 69 25 109 12 902 NA
34 79 427 169 459 3693 19 11 191 39 16 123 26 873 NA
28 78 387 185 400 3725 5 19 217 82 22 107 25 855 NA
52 90 430 223 236 3628 29 14 278 34 14 111 23 861 NA
11 103 434 190 448 3819 18 13 236 10 20 131 21 908 NA
43 97 426 230 479 3732 14 17 290 36 27 105 17 885 NA
50 101 434 221 479 3638 28 27 286 75 8 97 32 899 NA
34 72 448 178 464 3647 9 14 232 20 17 121 9 848 NA
37 86 395 199 449 3405 15 16 248 58 20 106 21 838 NA
18 75 403 183 485 3523 25 22 226 28 22 118 21 910 NA
5 62 413 162 436 3578 7 13 318 123 23 110 30 885 NA
47 92 424 213 473 3708 15 17 321 39 30 128 15 861 NA
86 97 420 224 492 3647 11 21 260 92 26 96 22 887 NA
