"kdkd" "kukd" "kuku" "pkd" "pku" "pp" "tdkd" "tdku" "tdp" "tdtd" "tukd" "tup" "tutd" "tutu" "tuku"
57 85 442 200 508 3533 16 23 232 13 34 121 19 844 NA
43 81 410 177 444 3731 19 17 214 57 26 125 27 908 NA
70 91 417 197 478 3722 31 12 209 37 11 124 29 865 NA
19 62 381 170 419 3772 14 10 255 28 17 113 32 915 NA
29 98 435 207 494 3616 14 12 238 21 16 114 23 830 NA
24 109 430 203 479 3333 29 17 222 22 31 125 23 830 1
42 81 425 179 479 3631 36 11 263 43 25 61 25 876 NA
49 109 455 245 510 3494 11 11 174 82 22 109 18 879 NA
11 75 449 184 450 3676 20 17 219 59 23 53 25 914 NA
47 91 426 201 467 3730 10 20 186 90 19 107 25 853 NA
30 91 415 165 437 3585 21 14 211 94 27 109 24 862 NA
49 98 424 197 481 3767 14 21 256 47 17 108 14 864 1
11 78 415 172 467 3565 18 16 210 55 19 120 13 844 NA
30 109 443 204 488 3704 11 14 240 26 31 109 22 825 NA
25 88 432 169 459 3854 30 14 223 48 21 117 24 912 1
11 84 429 230 477 3609 30 19 253 18 20 103 23 907 NA
32 73 450 201 487 3552 10 12 259 32 20 109 16 884 1
57 109 438 225 486 3312 5 10 245 21 25 123 33 928 NA
42 86 448 205 483 3737 14 12 233 9 17 130 22 892 1
56 105 425 202 463 3664 37 12 297 29 18 120 24 908 NA
36 96 412 193 454 3752 21 17 238 36 22 124 22 897 NA
29 80 398 166 431 3544 14 12 261 30 37 106 20 888 NA
94 95 417 219 456 3736 15 13 252 43 26 111 27 894 NA
82 113 451 213 476 3629 20 22 285 55 26 124 20 846 NA
27 71 443 182 490 3878 13 24 270 36 28 114 28 854 NA
47 93 457 195 482 3697 20 16 298 118 16 114 30 835 NA
17 100 460 197 498 3440 17 9 201 70 30 123 30 856 NA
67 115 466 254 485 3306 18 14 243 32 33 126 30 867 NA
39 100 408 185 468 3743 16 15 266 45 23 117 14 917 NA
80 122 427 284 463 3644 24 26 233 53 25 112 23 844 NA
32 72 381 79 403 3590 5 12 237 72 17 117 19 879 NA
55 105 441 223 483 3314 31 14 213 28 26 123 25 907 NA
3 69 408 170 458 3644 22 20 250 22 19 103 31 820 NA
11 70 418 120 452 3538 22 8 260 73 21 129 26 857 NA
61 107 424 230 437 3470 12 17 332 48 20 110 21 860 NA
43 63 361 171 401 3591 12 12 283 28 22 115 23 835 NA
32 84 431 190 498 3730 21 15 249 99 19 121 16 884 NA
77 79 414 209 458 3619 16 19 285 32 17 54 16 886 NA
102 87 435 216 478 3681 11 17 224 41 22 117 19 826 NA
10 83 417 182 435 3587 13 13 241 42 23 120 8 844 NA
27 81 406 211 456 3434 17 6 263 41 18 103 23 859 NA
42 81 399 174 442 3847 33 22 230 80 21 128 30 856 1
65 80 366 181 421 3659 8 16 277 52 19 103 27 833 NA
35 79 436 182 468 3751 17 16 271 30 23 116 34 889 NA
75 91 418 224 436 3748 10 9 306 54 29 54 31 902 NA
NA 71 421 170 470 3782 15 7 182 105 41 122 19 898 NA
24 76 421 176 469 3694 6 8 283 36 27 127 15 875 NA
18 76 426 150 463 3813 12 10 257 40 19 120 26 895 1
9 59 371 162 403 3700 8 13 238 42 22 112 24 885 NA
8 82 420 182 458 3787 19 19 216 19 18 118 26 868 NA
37 93 421 206 477 3523 18 16 281 72 30 154 23 902 NA
69 73 394 204 410 3848 18 3 226 26 18 127 18 878 1
55 92 420 197 460 3462 24 17 266 58 22 129 28 900 NA
12 80 450 173 522 3706 15 19 232 66 21 118 29 885 NA
16 84 372 219 414 3367 7 11 224 22 24 105 24 847 NA
34 77 378 150 425 3525 9 21 232 57 21 114 19 927 NA
39 66 421 170 437 3773 14 18 291 56 18 123 23 870 NA
18 82 403 180 434 3842 16 10 210 35 19 123 27 834 NA
27 77 382 150 412 3412 16 16 246 31 15 122 23 907 NA
61 107 433 209 464 3651 11 12 263 25 18 116 28 875 NA
45 99 430 193 495 3663 22 18 242 73 22 107 20 901 1
64 107 406 214 455 3553 11 12 223 83 24 114 19 856 NA
103 100 439 248 484 3831 11 16 284 21 24 128 28 915 NA
51 92 425 198 474 3634 17 17 229 41 28 121 27 824 NA
61 107 449 195 462 3625 8 21 283 66 23 118 23 831 NA
14 91 423 199 470 3597 27 11 290 34 27 108 18 857 NA
40 85 408 197 445 3369 21 11 245 62 20 126 20 844 NA
24 72 405 157 416 3692 14 13 215 59 19 129 25 909 NA
47 105 428 193 457 3540 17 11 233 70 30 125 32 847 NA
86 109 446 233 473 3651 17 12 278 31 30 121 35 924 1
34 80 417 176 454 3673 17 11 264 34 15 107 15 841 NA
3 85 460 177 501 3424 11 13 239 70 26 118 19 961 NA
87 97 425 211 458 3451 21 17 197 50 24 117 19 902 NA
86 95 438 241 472 3684 23 12 253 33 9 93 24 942 NA
57 108 436 216 483 3515 17 13 218 83 31 125 21 856 NA
6 66 424 179 483 3588 11 17 236 79 21 119 29 944 NA
50 76 412 195 458 3292 6 9 260 40 26 127 24 897 NA
30 90 401 178 431 3615 26 26 235 42 25 118 21 865 NA
16 64 425 155 459 3433 24 15 218 85 29 134 29 885 NA
22 92 399 191 446 3767 17 23 270 61 21 120 28 900 NA
34 83 403 212 445 3710 8 13 259 18 26 116 22 930 NA
7 95 423 191 449 3622 9 8 216 50 26 105 24 909 NA
89 109 466 255 534 3729 8 21 213 59 33 107 28 874 NA
42 82 394 212 441 3559 13 8 241 36 18 129 31 865 1
4 76 428 188 438 3899 16 21 210 36 26 127 29 885 NA
72 109 455 232 503 3895 17 5 218 92 15 113 27 840 NA
50 77 414 215 439 3679 16 22 242 43 30 101 26 915 NA
56 82 420 189 486 3745 10 16 141 46 17 58 24 891 NA
92 110 429 244 475 3794 15 20 252 74 23 119 17 836 NA
56 79 455 204 473 3713 19 19 308 13 14 105 23 823 NA
22 42 403 183 452 3298 29 11 251 31 5 100 22 857 NA
82 62 401 160 438 3751 13 5 261 61 22 123 36 929 NA
28 79 397 194 449 3680 13 14 222 49 19 96 27 875 NA
23 98 449 215 481 3540 18 13 218 12 20 113 25 857 NA
20 78 423 185 457 3647 14 21 243 51 21 123 25 836 NA
75 83 389 190 458 3617 15 17 255 18 17 113 29 817 NA
17 78 452 207 488 3794 13 15 240 14 24 54 20 850 NA
60 95 406 221 427 3490 32 19 214 30 24 122 28 821 NA
12 112 424 193 461 3554 38 17 243 54 22 115 29 866 1
31 57 407 200 451 3653 15 7 281 18 16 109 32 853 1
