"kdkd" "kukd" "kuku" "pkd" "pku" "pp" "tdkd" "tdku" "tdp" "tdtd" "tukd" "tup" "tutd" "tutu" "tuku"
35 111 309 88 250 476 13 5 57 13 4 31 14 77 NA
43 104 296 92 294 499 12 9 57 9 8 28 24 71 NA
46 62 298 100 267 509 10 16 65 22 12 32 17 83 NA
42 97 285 74 252 440 8 9 76 15 8 17 14 62 NA
29 101 319 84 274 468 3 8 77 23 9 25 17 52 NA
32 45 268 84 235 487 3 10 76 17 8 26 8 60 NA
25 114 308 65 265 465 10 1 73 20 8 29 8 88 NA
42 119 322 83 261 478 6 5 65 29 7 27 23 81 NA
38 98 330 64 250 433 7 5 86 14 6 27 18 60 NA
28 106 277 96 241 507 9 4 50 9 5 24 12 51 NA
22 91 303 72 270 486 3 10 60 14 8 14 18 75 NA
47 113 342 88 321 512 12 5 68 11 11 20 18 80 NA
35 100 299 91 203 401 12 16 63 16 6 31 9 63 NA
44 122 326 74 244 507 7 7 60 7 8 22 4 47 NA
13 75 301 59 244 466 7 2 67 23 10 19 12 62 NA
50 133 273 97 219 488 9 3 71 17 10 30 11 65 NA
77 127 324 81 229 483 15 15 56 21 10 21 18 72 NA
25 117 336 76 251 476 16 3 61 16 6 33 11 100 NA
28 81 311 63 267 442 7 16 72 15 4 32 17 71 NA
21 116 337 67 295 519 25 8 55 13 5 21 6 66 NA
27 105 294 83 291 480 5 10 63 17 5 21 11 82 NA
17 79 264 97 212 482 4 5 63 18 1 25 6 75 NA
61 147 286 87 251 443 16 16 51 14 3 27 16 77 NA
24 115 257 83 201 418 11 12 63 15 5 21 9 59 NA
44 127 296 97 315 469 15 3 56 13 7 28 19 62 NA
30 108 310 97 268 477 3 9 59 15 8 30 13 65 NA
32 98 270 97 279 445 14 8 53 10 9 22 25 61 NA
34 95 309 78 232 456 17 17 83 15 8 35 17 76 NA
27 101 309 99 319 500 13 9 73 8 19 48 13 54 NA
48 103 372 92 251 438 15 7 62 22 11 35 8 78 1
58 123 296 136 298 505 7 8 68 11 15 35 12 70 NA
25 110 333 82 271 491 10 1 72 26 8 14 13 68 NA
26 81 270 64 213 516 1 12 51 22 4 20 11 72 NA
51 146 363 77 276 450 8 10 63 16 9 19 11 75 NA
27 93 267 93 228 444 11 7 52 24 10 24 14 80 NA
26 92 321 75 263 488 13 7 70 20 14 23 19 62 NA
27 99 313 66 287 448 4 9 76 13 8 19 14 78 NA
43 118 337 65 221 408 3 3 58 17 3 13 19 65 NA
41 134 257 107 262 540 16 1 57 11 7 23 11 56 NA
43 111 297 74 293 565 2 6 69 7 5 21 10 77 NA
28 86 316 67 261 467 7 5 60 19 2 32 19 82 NA
31 93 324 81 297 546 12 NA 76 14 6 14 17 85 NA
55 112 397 80 344 514 13 5 73 10 5 26 12 52 NA
45 110 290 83 270 432 14 7 60 27 9 33 21 75 NA
29 110 380 37 275 469 11 7 71 8 10 35 10 73 NA
20 114 295 36 238 457 17 17 66 12 11 32 21 69 NA
31 106 332 67 258 512 20 9 56 14 7 44 15 103 NA
19 121 289 86 291 443 6 14 67 7 5 31 6 55 NA
44 117 289 76 230 503 6 13 58 15 9 23 20 85 NA
41 112 312 102 286 466 17 9 72 11 12 27 16 65 NA
57 131 319 70 209 392 12 2 41 16 7 25 8 90 NA
15 93 326 81 331 464 5 5 84 10 10 35 22 71 NA
36 125 334 83 253 456 19 12 77 12 7 18 7 74 NA
27 100 235 88 219 527 13 9 102 10 11 24 11 71 NA
69 132 345 79 271 467 6 4 48 10 11 31 10 70 NA
39 118 369 86 291 541 27 14 73 20 8 28 9 70 NA
31 115 351 71 292 478 8 3 47 7 10 21 16 81 NA
38 104 336 97 251 450 5 6 70 11 4 16 10 61 NA
36 82 316 86 257 536 9 7 60 21 10 21 14 80 NA
24 94 291 69 258 501 19 11 78 14 5 22 23 92 NA
37 110 350 85 313 482 1 3 83 10 12 31 18 61 NA
46 117 352 97 305 464 7 15 56 14 8 40 10 73 NA
26 81 279 96 214 446 11 8 65 15 6 26 23 64 NA
47 104 285 85 269 486 15 13 78 8 8 14 18 79 NA
36 115 309 70 311 505 5 10 50 12 7 14 16 61 NA
24 115 292 96 270 440 8 3 59 7 4 31 14 56 NA
30 52 322 87 249 499 23 11 75 17 10 15 12 57 NA
35 75 274 75 267 437 12 6 75 16 8 27 16 76 NA
29 104 287 60 250 468 5 1 56 15 5 32 8 67 NA
25 108 330 89 312 539 17 13 76 17 11 26 13 72 NA
32 73 281 77 258 475 4 8 57 8 14 28 10 43 NA
31 104 314 81 254 498 6 11 82 7 12 26 6 67 NA
42 108 333 84 271 483 12 19 77 11 12 29 21 78 NA
18 93 322 77 294 508 4 7 57 24 6 21 15 86 NA
74 136 338 90 266 471 11 4 63 11 7 20 15 72 NA
34 86 219 81 223 452 8 5 51 21 11 27 19 53 NA
39 117 271 79 270 516 16 16 75 17 11 16 14 67 NA
33 132 329 74 258 408 2 5 58 19 13 27 18 62 NA
31 119 332 79 244 447 10 9 73 17 7 21 13 55 NA
30 109 301 116 251 506 17 10 81 12 8 23 12 68 NA
35 109 312 41 281 437 18 7 58 16 2 29 17 60 NA
20 94 311 75 240 469 20 8 61 9 12 33 21 92 NA
40 102 313 77 304 432 9 7 57 15 9 25 12 68 NA
27 89 266 90 213 450 13 3 58 15 8 21 4 71 NA
23 87 294 61 267 417 6 5 55 14 3 23 18 56 NA
28 85 299 70 262 479 2 5 60 14 12 29 8 76 NA
16 90 289 75 253 460 11 6 61 17 5 15 19 94 NA
36 92 320 75 205 430 17 11 61 13 9 19 6 62 NA
36 115 293 97 225 488 3 5 75 25 5 41 15 57 NA
37 59 318 75 210 511 6 4 70 24 17 11 14 76 NA
37 106 277 100 277 515 8 3 55 7 12 24 11 68 NA
41 97 284 80 224 429 14 4 52 15 9 12 15 58 NA
36 112 351 68 305 570 7 3 65 23 11 19 28 67 NA
46 135 352 91 313 496 13 8 105 28 6 26 20 92 NA
43 115 292 84 234 437 4 10 47 24 5 13 16 63 NA
19 104 278 77 235 422 11 7 41 24 8 21 7 69 NA
41 102 296 93 256 477 17 9 60 25 8 15 13 57 NA
36 97 328 88 298 453 8 16 75 12 4 37 10 66 NA
44 107 312 69 226 447 16 9 55 19 6 32 9 81 NA
48 110 282 85 246 484 7 5 59 15 10 12 9 85 NA
