"kdkd" "kukd" "kuku" "pkd" "pku" "pp" "tdkd" "tdku" "tdp" "tdtd" "tukd" "tuku" "tup" "tutd" "tutu"
2 6 66 47 103 344 6 2 32 1 3 2 13 1 130
3 17 67 25 89 359 8 1 35 14 11 NA 30 5 153
14 34 98 34 91 362 2 1 34 10 10 NA 21 5 169
2 31 91 47 95 376 1 1 26 NA 3 NA 21 1 161
1 13 86 29 79 355 1 1 38 NA 12 1 24 3 148
18 20 66 51 86 377 6 NA 41 11 6 NA 25 3 156
4 20 76 37 109 356 3 1 36 1 9 NA 23 1 152
5 17 93 40 51 396 15 1 52 3 11 NA 12 4 172
13 27 77 44 87 358 5 NA 35 10 9 NA 33 3 144
20 36 91 51 95 358 3 3 32 7 5 NA 25 4 158
9 18 75 35 67 341 7 1 35 17 7 NA 29 6 178
3 12 79 46 81 384 2 NA 32 2 13 NA 21 3 143
9 21 92 19 105 353 5 2 30 1 3 NA 28 3 140
14 30 84 47 45 371 7 3 41 14 9 NA 23 2 147
13 19 87 48 102 386 NA NA 29 4 7 NA 23 3 159
12 19 76 54 97 359 4 3 33 NA 4 NA 24 7 163
5 13 86 44 50 384 3 1 38 6 6 NA 25 3 156
17 25 90 43 89 313 4 1 35 10 6 NA 19 1 158
4 16 63 54 98 355 NA NA 25 3 1 NA 13 8 155
34 28 96 48 84 355 1 2 37 13 9 NA 32 4 166
4 15 93 37 101 356 2 4 27 1 4 NA 15 5 164
10 21 82 49 104 389 NA 2 27 1 11 NA 24 3 154
NA 15 88 32 72 374 NA 2 29 13 14 NA 26 3 138
14 21 59 43 96 358 1 1 43 4 5 NA 25 5 142
12 23 85 43 102 371 2 1 37 6 2 NA 31 8 180
1 10 78 39 81 376 1 3 43 1 3 NA 34 7 175
14 21 81 39 107 343 3 2 25 4 5 NA 33 4 151
16 39 82 46 102 366 1 NA 36 7 2 NA 32 5 158
NA 22 84 18 93 357 1 1 56 11 7 NA 28 2 142
11 24 97 42 103 352 3 NA 25 14 8 NA 28 8 172
16 20 68 54 99 368 NA NA 34 3 11 NA 32 2 112
3 23 79 45 99 375 3 NA 31 10 10 NA 19 7 176
9 19 78 49 123 383 1 2 30 17 5 NA 23 10 143
10 30 104 34 97 335 NA 1 31 9 6 NA 31 5 178
13 30 83 36 110 393 3 1 38 17 11 NA 22 NA 149
6 23 70 44 100 352 2 1 33 10 7 NA 33 13 167
18 23 76 47 90 361 6 1 37 10 3 NA 24 1 149
NA 15 63 52 82 380 2 1 22 2 7 NA 20 5 149
20 15 97 39 105 364 2 NA 44 5 8 NA 28 7 171
25 35 86 55 50 377 NA 1 40 5 6 NA 11 5 144
12 17 79 44 88 395 NA 3 35 NA 6 NA 18 3 156
10 16 85 37 93 363 1 NA 40 21 13 NA 18 3 145
10 26 82 47 110 387 3 NA 43 2 14 NA 33 5 173
1 16 80 45 106 391 5 2 28 5 6 NA 26 3 170
6 17 76 55 96 358 NA NA 28 NA 3 NA 24 1 145
2 15 98 36 99 328 5 5 39 1 5 NA 34 3 147
17 32 90 42 128 379 3 NA 25 NA 1 NA 17 2 154
4 12 51 32 92 327 1 1 20 1 NA NA 11 3 150
2 24 65 35 94 382 9 2 34 2 6 NA 39 3 151
7 22 87 48 79 386 1 1 24 2 10 NA 32 8 151
4 18 67 46 101 364 3 1 37 NA 2 NA 32 7 167
1 16 77 43 86 379 NA 1 37 13 5 NA 30 3 134
4 33 88 29 85 345 1 1 39 9 5 NA 32 5 134
4 25 73 35 88 342 5 4 29 14 8 NA 14 3 152
1 24 80 42 107 406 NA 1 27 1 9 NA 13 1 157
4 16 77 47 79 330 2 2 22 12 1 NA 16 3 171
7 8 82 44 109 382 1 1 31 NA 6 NA 32 1 176
12 25 81 36 109 382 4 2 29 5 7 NA 13 6 160
20 20 85 48 88 373 NA 1 33 4 14 NA 33 3 137
5 21 82 53 88 374 NA 4 31 4 8 NA 17 8 150
4 23 77 49 110 327 NA NA 32 14 13 NA 26 6 179
14 31 81 40 85 370 2 7 34 5 8 NA 19 5 158
8 18 87 37 94 320 1 NA 35 2 8 NA 30 1 152
4 17 68 42 85 341 12 2 41 12 13 NA 18 5 130
14 28 87 38 90 359 1 2 36 14 7 NA 26 5 150
8 23 71 30 75 348 10 2 50 5 7 NA 24 2 155
9 15 78 41 93 374 8 3 36 9 6 NA 27 NA 135
18 22 78 43 108 395 1 1 28 NA 4 NA 25 3 131
10 12 85 46 123 378 NA 2 32 9 5 NA 11 4 134
8 25 93 45 103 355 3 1 41 NA 9 NA 25 2 160
7 25 76 43 46 344 2 5 31 17 18 NA 26 1 164
17 25 81 48 99 380 7 3 25 8 7 NA 27 7 160
33 34 78 59 122 392 NA 1 24 7 4 NA 26 3 159
5 8 86 44 101 367 2 1 30 NA 3 NA 21 7 156
22 24 82 67 87 382 3 1 20 5 10 NA 24 5 161
2 22 80 40 93 336 3 3 28 NA 8 NA 21 5 164
2 20 83 46 101 390 2 1 25 17 7 NA 20 6 135
6 18 88 18 66 408 NA 3 28 3 7 NA 24 7 152
38 36 85 48 96 370 7 1 34 22 8 NA 28 3 154
23 21 76 57 105 349 2 3 27 3 6 NA 31 2 158
NA 30 102 19 82 338 8 1 39 9 11 NA 22 6 173
1 13 86 41 101 375 1 NA 34 4 11 NA 26 1 138
9 21 87 42 101 368 NA 2 24 1 3 NA 25 7 142
30 38 103 54 104 381 1 1 18 10 4 NA 23 1 152
10 22 74 31 85 333 6 1 35 1 6 NA 20 3 182
5 20 73 56 100 385 1 2 30 1 9 NA 25 NA 159
18 27 83 34 47 359 NA 2 33 NA 10 NA 29 2 167
4 6 78 32 87 431 7 3 37 7 5 NA 20 4 168
23 24 91 49 114 383 NA NA 37 7 6 NA 29 2 144
16 27 81 19 102 363 1 3 30 3 3 NA 22 1 151
5 31 85 33 96 353 NA NA 40 1 7 NA 25 3 141
2 15 89 52 104 344 1 3 24 14 10 NA 29 2 155
3 22 93 47 118 397 3 2 33 6 4 NA 28 NA 140
11 28 91 40 59 351 NA 6 28 4 5 NA 26 4 132
11 30 82 42 109 373 1 2 27 1 6 NA 18 3 151
20 26 100 51 96 388 3 1 32 4 11 NA 31 6 120
13 21 77 44 41 361 1 2 44 3 4 NA 23 5 147
13 29 82 39 80 361 2 1 36 NA 2 1 23 1 158
2 26 71 34 98 386 5 2 26 14 1 NA 24 2 150
NA 10 73 45 115 355 1 1 11 17 6 NA 30 1 126
