"kdkd" "kukd" "kuku" "pkd" "pku" "pp" "tdkd" "tdku" "tdp" "tdtd" "tukd" "tup" "tutd" "tutu" "tuku"
27 120 532 236 645 2344 14 9 250 119 59 199 40 1131 NA
38 117 511 275 644 2485 21 27 284 43 60 196 43 1101 NA
64 121 529 251 655 2392 23 20 291 24 34 179 33 1120 NA
81 105 551 271 639 2299 17 17 296 47 55 202 31 1092 1
20 131 507 311 646 2379 29 13 239 98 58 191 37 922 NA
56 130 625 234 763 2392 28 15 252 52 38 188 35 1077 1
65 162 536 269 700 2396 6 5 261 42 38 175 28 1019 NA
24 98 521 249 614 2341 17 16 251 33 39 212 38 1074 NA
44 127 538 269 720 2423 19 18 263 46 20 175 28 1012 1
34 126 531 281 680 2376 39 7 284 101 53 165 46 1040 2
51 110 576 224 671 2344 26 11 285 29 45 208 39 1149 NA
23 122 563 262 753 2372 41 12 261 82 56 215 15 1086 2
8 90 525 219 708 2314 32 18 274 40 48 184 43 1041 NA
34 103 567 219 696 2278 39 13 299 49 65 184 39 1017 3
35 123 568 252 656 2385 26 4 265 84 39 162 56 1055 NA
27 106 542 205 698 2535 16 17 256 56 53 154 40 1045 2
12 100 538 234 692 2308 40 16 258 99 35 152 46 1217 NA
36 94 518 235 606 2204 24 16 280 61 51 168 53 999 NA
22 118 542 239 696 2311 47 12 279 26 45 215 50 1107 NA
35 115 612 252 603 2312 27 11 259 85 42 173 44 1077 NA
11 104 517 246 610 2384 22 10 256 112 22 200 41 1086 1
44 118 543 261 634 2364 40 21 289 36 53 175 34 992 2
44 118 492 277 741 2345 23 25 257 74 49 191 57 1096 NA
43 123 540 222 667 2366 10 18 301 84 41 210 50 1117 1
45 116 518 117 651 2357 28 20 261 43 35 182 48 1063 NA
49 101 550 247 684 2324 24 11 256 59 44 211 35 1043 2
64 122 482 248 658 2366 31 19 300 86 57 187 42 1124 1
30 116 479 233 688 2479 20 13 235 44 50 196 40 1101 3
23 109 528 238 635 2259 21 10 284 62 39 197 45 1074 3
30 116 514 256 690 2374 10 9 271 49 48 172 36 1056 NA
31 120 561 254 654 2351 28 12 256 42 49 198 38 1015 1
14 96 599 283 644 2498 20 25 257 27 59 165 40 1144 1
37 102 481 251 731 2322 24 15 285 44 64 173 45 1074 NA
16 101 528 212 670 2291 23 8 270 23 44 184 44 1038 1
81 157 599 280 709 2291 33 28 285 40 40 154 34 1051 NA
68 124 541 255 558 2325 43 12 268 57 43 167 26 1093 NA
43 137 544 246 736 2331 31 16 238 68 42 210 52 1147 1
31 92 557 226 673 2482 26 18 262 94 15 185 23 1063 NA
52 119 497 262 640 2267 33 7 286 36 51 174 42 1048 NA
56 111 520 244 718 2341 39 13 265 46 55 185 49 1158 NA
20 88 527 240 618 2445 19 21 273 50 33 198 57 1026 NA
25 124 502 291 611 2392 49 13 223 50 50 159 50 1033 1
61 119 498 295 653 2453 43 22 145 51 49 178 28 1125 NA
71 142 518 281 649 2401 36 10 232 27 55 187 59 1012 1
73 149 527 225 640 2346 28 15 273 45 44 191 38 1005 1
12 96 503 255 631 2292 12 7 260 34 18 238 59 1080 NA
31 123 589 204 657 2218 26 27 253 80 46 195 50 1129 5
28 123 531 290 680 2415 40 17 278 58 57 185 35 1181 1
24 111 541 221 713 2346 22 13 283 70 45 178 56 1049 NA
13 79 527 246 646 2340 36 18 243 49 49 161 38 1101 NA
31 135 543 261 711 2308 39 14 265 79 29 166 37 1140 1
41 132 542 240 675 2428 13 13 349 99 41 219 49 1051 NA
23 115 571 199 667 2374 29 11 245 43 36 188 58 1041 NA
44 97 544 289 642 2272 18 15 281 67 43 183 58 1017 NA
27 122 541 217 575 2338 13 14 286 137 56 164 30 1092 1
28 95 565 199 641 2264 16 16 217 67 50 189 41 1094 NA
27 121 516 282 621 2334 35 19 276 74 34 192 45 1058 1
33 49 557 220 645 2223 20 3 254 35 52 175 30 1138 NA
22 117 531 257 647 2438 31 10 236 67 45 142 18 1112 NA
81 128 551 220 662 2394 34 15 250 68 44 196 49 1009 1
81 92 533 273 598 2268 22 14 274 36 40 139 26 1091 NA
33 116 477 244 578 2428 27 10 288 45 47 174 36 1183 NA
25 146 585 287 716 2336 22 25 253 47 56 210 35 1153 NA
24 100 555 253 695 2362 20 8 301 68 50 179 54 1073 NA
49 115 564 239 653 2118 24 22 286 92 43 161 57 1112 NA
37 136 588 246 717 2412 54 8 241 83 51 220 41 1039 NA
17 125 513 251 650 2314 32 21 266 28 37 186 52 1123 NA
53 125 448 224 611 2283 17 19 241 34 58 185 45 1069 NA
54 102 487 199 623 2278 9 10 282 39 33 178 47 1079 NA
62 118 453 252 627 2447 27 7 236 23 23 191 43 1152 NA
24 125 488 253 679 2296 12 5 262 31 41 181 38 1078 NA
32 86 551 232 645 2388 15 8 256 43 35 182 45 1051 NA
21 83 502 255 639 2371 36 22 282 40 39 167 40 1083 1
36 119 569 254 738 2431 46 15 292 66 48 172 43 1001 1
39 127 524 261 677 2345 33 6 260 75 44 191 50 1079 NA
26 124 504 212 599 2380 52 19 256 30 35 201 52 1098 NA
55 133 559 229 687 2421 20 12 276 44 45 179 39 1047 NA
52 126 546 250 664 2350 21 16 283 56 41 212 35 979 NA
17 106 484 241 572 2354 49 14 252 59 25 177 31 1101 NA
63 142 545 272 693 2359 29 17 310 36 51 174 37 976 NA
12 106 501 253 607 2376 50 11 253 41 45 198 48 1052 3
24 123 540 220 748 2398 39 16 242 56 43 167 23 1081 NA
33 128 515 252 635 2283 10 11 258 48 47 151 49 1117 NA
30 107 509 231 632 2349 24 18 267 86 47 160 57 1045 NA
39 119 538 283 681 2405 26 13 245 69 37 188 36 1071 1
28 104 537 279 685 2299 20 16 254 82 44 185 37 1106 NA
25 147 613 266 616 2291 27 20 240 44 40 175 39 1052 3
12 102 571 221 694 2301 46 19 340 47 58 190 48 1033 NA
42 133 548 241 683 2429 22 14 286 38 45 169 34 1049 NA
24 105 492 251 615 2366 18 7 283 39 44 203 38 1047 NA
66 137 535 255 622 2285 18 10 249 91 36 196 56 1081 NA
16 105 582 210 685 2343 41 13 317 44 42 210 36 1119 NA
36 105 562 249 708 2333 18 10 254 27 39 178 41 1114 1
27 92 533 226 609 2381 16 8 241 47 60 159 56 1021 1
70 152 553 280 713 2384 36 13 266 105 74 207 37 975 NA
25 120 558 254 708 2273 24 16 278 60 35 205 48 1161 NA
11 97 562 272 698 2343 26 7 260 45 54 169 40 1095 NA
37 91 511 238 613 2320 28 7 213 54 70 187 37 1030 NA
25 96 554 274 726 2317 27 7 256 29 42 177 40 1136 NA
12 117 521 227 658 2287 11 16 226 67 45 200 55 1079 1
