"kdkd" "kukd" "kuku" "pkd" "pku" "pp" "tdkd" "tdku" "tdp" "tdtd" "tukd" "tup" "tutd" "tutu" "tuku"
44 130 640 305 751 2757 40 29 376 126 42 266 61 1396 NA
51 145 712 269 778 2845 70 17 374 65 53 219 56 1497 NA
35 138 655 316 804 2971 32 21 371 71 60 206 40 1480 1
24 124 682 267 833 2903 36 28 339 111 59 247 66 1363 1
14 124 632 279 804 2860 30 8 329 189 67 222 56 1344 NA
25 165 713 347 905 3023 23 17 350 46 57 282 55 1381 NA
35 142 687 331 967 2968 54 19 352 56 43 269 41 1460 NA
62 162 676 303 796 2986 72 25 380 94 45 214 47 1460 NA
31 148 658 367 897 2974 46 18 356 80 65 210 42 1429 NA
45 125 616 255 786 2858 29 26 326 98 53 222 64 1396 NA
43 142 647 291 902 2932 25 14 299 79 44 219 68 1355 NA
48 148 613 289 813 2926 75 15 369 156 61 238 59 1301 2
93 168 667 349 856 2939 24 21 311 115 56 223 51 1501 1
36 113 650 329 784 2820 37 8 340 77 65 240 61 1397 NA
48 131 752 323 898 2829 46 17 358 91 66 208 57 1382 NA
30 129 612 296 798 2967 51 30 345 88 85 208 70 1300 NA
51 143 652 328 834 2997 41 13 291 72 58 218 56 1475 1
19 137 644 286 760 3037 43 18 338 103 69 236 53 1407 NA
38 141 668 302 703 2894 28 24 322 63 68 248 51 1487 NA
45 139 729 322 943 2856 47 14 373 48 43 258 55 1414 NA
66 133 650 284 777 2927 45 20 373 27 61 240 44 1310 1
42 104 670 304 821 2972 32 23 384 34 51 212 61 1477 NA
39 126 722 329 807 2860 50 25 352 55 71 234 61 1432 3
41 160 685 326 924 2961 44 25 378 69 49 234 75 1432 NA
47 104 676 289 881 2822 15 15 365 77 75 232 57 1374 1
23 129 646 317 842 2871 54 20 372 65 52 267 46 1346 NA
37 80 749 325 863 3028 20 22 368 21 59 227 44 1289 NA
56 116 692 297 835 2923 33 23 353 119 70 248 60 1376 NA
27 144 669 317 844 2884 49 18 375 62 57 239 50 1483 1
56 133 680 262 858 2939 30 8 354 69 59 258 56 1435 1
18 150 628 340 768 2801 33 19 369 69 52 262 66 1435 1
60 121 653 308 816 3149 28 13 367 94 54 234 45 1463 3
43 146 631 300 805 2847 45 27 344 102 72 257 66 1351 1
66 80 654 289 793 2986 28 22 303 38 66 232 55 1382 NA
25 151 696 279 858 2964 31 38 324 28 70 239 57 1405 5
23 124 662 295 669 2929 14 8 295 50 53 223 58 1297 NA
25 145 655 320 802 2801 32 30 330 118 48 256 60 1388 NA
38 116 664 244 769 2909 36 16 326 79 40 265 56 1418 2
63 137 711 303 925 2872 26 33 409 65 53 269 67 1300 1
82 146 752 298 415 2961 17 17 328 49 52 229 41 1388 2
57 124 702 307 847 2863 39 22 329 77 45 218 54 1479 1
38 112 640 299 830 3001 39 19 360 43 62 252 82 1462 NA
13 128 628 291 750 2840 59 16 338 85 72 249 32 1355 2
25 144 635 297 878 2897 33 26 412 68 61 238 44 1278 NA
71 138 659 291 846 2841 44 22 335 121 66 217 57 1424 NA
41 114 681 289 837 2996 30 17 357 111 44 114 52 1389 1
22 131 643 295 854 2952 19 17 377 59 65 230 60 1412 NA
49 175 755 299 959 2916 47 28 345 51 42 222 48 1415 NA
33 78 662 299 418 2895 22 14 384 63 45 264 60 1476 NA
26 163 670 328 810 2820 37 22 389 80 52 245 49 1376 1
19 125 644 280 792 2899 40 24 364 110 64 201 70 1388 1
56 123 671 321 861 2892 45 17 379 75 57 230 59 1326 NA
65 137 725 300 845 3017 68 24 393 78 57 209 45 1327 3
49 166 662 122 857 2939 10 18 347 40 64 222 62 1415 3
37 153 680 314 850 2833 39 28 326 104 53 222 58 1385 2
35 120 685 287 895 3003 30 24 355 148 52 234 39 1387 NA
43 131 660 290 839 2894 53 24 320 82 63 234 65 1415 NA
57 127 647 325 848 2932 48 23 351 34 55 213 48 1231 NA
69 160 648 302 816 2859 36 25 381 72 61 244 58 1410 NA
27 136 630 288 405 2805 38 19 349 60 65 235 42 1435 2
67 177 608 316 766 2989 36 21 313 115 76 242 63 1292 NA
31 149 612 281 803 2834 56 18 400 56 81 231 48 1404 1
53 144 685 277 829 2924 43 26 360 68 49 237 63 1412 2
31 154 697 293 917 2940 36 14 356 60 46 220 70 1318 1
16 158 698 318 953 2974 34 14 328 122 43 261 52 1274 2
43 161 627 313 763 2844 49 25 329 55 52 275 69 1414 NA
55 153 718 267 864 2918 22 19 343 82 57 239 21 1451 NA
61 173 727 283 897 2900 49 9 355 91 56 253 64 1352 1
45 147 644 303 866 2912 29 15 346 62 64 254 69 1400 NA
18 142 734 298 786 2927 30 21 337 199 49 243 46 1306 1
61 162 642 342 780 2984 60 25 409 107 51 298 64 1357 NA
31 74 685 294 839 2903 35 22 340 103 61 232 57 1471 1
37 121 701 298 761 2729 17 30 333 66 55 259 61 1346 1
36 183 721 349 937 2907 30 20 404 62 66 251 56 1236 1
47 132 709 288 849 2764 59 24 294 97 37 212 64 1506 NA
87 167 778 309 845 2909 49 12 367 58 84 243 45 1516 1
17 149 669 308 759 2852 52 9 364 32 57 234 71 1357 NA
16 64 662 301 792 2874 27 22 367 81 69 119 63 1365 5
57 150 625 299 808 2828 15 15 360 109 61 275 53 1438 NA
29 120 638 286 831 2933 30 11 336 72 70 230 70 1413 NA
26 175 612 334 752 2806 32 22 344 64 56 195 60 1404 NA
35 132 670 256 911 2954 46 33 372 102 65 225 50 1388 NA
36 136 645 285 847 3000 32 27 322 92 56 236 45 1410 1
78 137 706 300 836 2841 64 27 372 113 63 118 70 1407 1
30 150 676 277 751 2963 47 12 330 62 68 215 58 1316 1
56 147 653 325 876 3002 46 12 387 73 63 224 46 1423 NA
46 155 675 325 921 2913 32 25 393 86 51 255 67 1420 1
56 161 712 317 823 2935 38 17 338 143 76 264 70 1290 1
18 116 721 271 803 2890 45 23 362 125 50 213 54 1419 1
49 149 725 274 962 2944 39 14 349 51 65 237 51 1389 NA
55 158 655 330 842 2776 41 9 371 59 72 241 65 1460 1
55 143 707 274 785 2916 45 21 352 54 65 250 77 1479 1
45 135 675 295 848 2866 33 17 356 145 60 269 70 1484 NA
36 156 676 295 836 2852 42 23 350 81 52 236 49 1499 1
41 157 698 326 881 2886 32 24 327 68 47 273 40 1539 1
23 138 701 292 881 2982 17 21 363 59 38 227 58 1465 2
33 137 614 300 839 2891 40 25 416 71 66 229 36 1345 1
17 126 622 306 847 3006 50 32 368 117 51 226 68 1362 NA
33 136 711 309 889 2924 51 21 346 36 60 239 54 1376 1
51 144 699 287 823 3018 40 20 318 184 60 255 66 1392 1
