"kdkd" "kukd" "kuku" "pkd" "pku" "pp" "tdkd" "tdku" "tdp" "tdtd" "tukd" "tup" "tutd" "tutu" "tuku"
84 229 1045 502 1291 4822 40 34 529 142 110 462 75 2870 NA
53 269 1129 456 1475 4898 53 17 594 178 91 501 86 2735 NA
52 180 1085 460 1434 4927 64 33 636 170 102 468 108 2828 NA
37 195 1088 438 1239 4838 54 29 639 244 90 441 105 2763 NA
40 203 1161 464 1481 5060 69 39 634 135 82 421 96 2754 1
78 209 1008 446 1296 4891 56 34 636 251 92 453 100 2758 1
49 206 1187 402 1468 4827 53 44 692 178 86 439 91 2816 NA
61 208 1176 407 1482 4806 54 26 625 166 114 528 127 2716 2
40 192 1194 538 1437 4957 50 26 655 191 115 459 109 2780 2
45 219 1232 501 1566 4965 46 41 656 175 86 426 75 2952 1
67 265 1194 519 1433 4925 73 40 672 199 96 478 93 2763 NA
31 215 1170 462 1392 4817 57 57 634 160 78 422 105 2581 5
72 267 1251 478 1385 4951 61 51 615 119 115 498 130 2963 4
58 206 1044 457 1327 4917 90 50 609 182 104 464 130 2946 NA
48 190 1130 470 1354 4800 58 53 590 169 80 480 80 2871 1
58 232 1206 425 1529 4900 45 36 609 131 105 434 98 2862 1
53 205 1166 480 1413 5000 60 13 565 180 90 477 89 2792 1
65 211 1123 468 1402 4845 74 22 611 166 96 408 98 2781 2
23 223 1246 465 1387 4880 55 45 620 184 103 445 87 2838 1
60 214 1117 480 1476 4961 54 39 584 314 103 449 84 2935 NA
43 222 1096 431 1510 4875 64 30 578 154 103 460 107 2811 4
26 188 1061 448 1441 4952 63 23 661 162 99 423 80 2853 1
92 215 1106 467 1332 4854 76 25 592 175 111 429 89 2710 2
57 259 1123 457 1425 4898 45 38 692 143 114 495 114 2853 2
43 199 1083 451 1349 4910 66 48 658 129 115 386 81 2923 1
71 237 1117 461 1324 4751 45 29 642 109 95 420 82 2827 NA
64 228 1102 484 1485 4949 40 28 578 157 94 412 82 2991 3
57 181 1095 510 1350 4692 92 41 635 153 108 446 108 2663 NA
39 258 1190 486 1553 5071 45 42 655 100 88 472 128 2608 1
44 99 1088 449 1336 4821 60 42 577 157 98 372 134 2730 1
32 235 1200 492 1555 4980 50 33 625 256 81 440 103 2981 NA
54 198 1121 477 1473 5126 46 28 624 191 105 488 107 2732 1
45 229 973 413 1412 5177 77 39 627 129 69 448 108 2761 NA
64 223 1189 505 1471 5022 51 34 626 176 89 434 102 2657 1
64 206 1041 452 1405 5025 113 37 640 94 95 457 122 2656 NA
68 232 1160 478 1444 4989 61 44 602 119 95 443 102 2757 3
36 237 1117 455 1489 5011 60 35 585 89 108 438 113 2900 3
58 216 1097 505 1423 4796 72 23 600 163 90 479 94 2680 3
33 238 1089 530 1457 4997 60 36 618 174 113 463 80 2862 3
29 207 1034 507 1412 5017 62 42 621 156 97 423 90 2896 2
52 208 1109 448 1615 4890 36 47 584 186 95 480 51 2913 1
49 224 1076 445 1445 4828 39 29 566 168 100 246 88 2925 NA
48 220 1178 468 1432 4833 37 40 578 196 87 384 102 2815 1
82 215 1158 493 1431 5035 54 36 622 116 100 395 85 2932 NA
68 124 1258 459 1633 5093 25 38 668 201 105 461 113 2738 NA
46 205 1212 465 1370 4982 65 29 581 120 102 471 71 2839 1
51 212 1140 453 1383 4855 55 32 606 174 103 456 95 2898 1
37 202 1110 461 1409 4937 57 37 632 132 97 473 96 2783 1
54 181 1132 456 1475 5002 50 51 625 182 114 458 121 2662 2
63 220 1156 447 1332 4948 37 38 657 214 74 479 76 2768 4
74 210 1089 488 1321 4827 84 41 600 123 89 454 113 2804 1
86 209 1180 444 1441 5004 31 40 585 208 41 392 107 2919 1
65 193 1054 475 1375 4810 69 27 636 196 83 389 100 2840 3
42 212 1201 441 1471 4872 54 17 617 248 94 475 106 2767 NA
73 200 1142 458 1384 4865 42 35 593 169 94 388 82 2555 1
35 130 1149 471 1504 4973 47 30 554 107 116 445 105 2993 1
27 203 1026 497 1283 4914 80 29 617 193 102 438 106 3039 1
39 99 1136 474 1444 4905 44 38 639 125 91 412 97 2746 NA
85 226 1115 501 1419 4798 66 44 648 171 98 433 116 2973 NA
58 223 1068 429 1373 4752 34 31 660 114 98 204 93 2771 2
56 219 1166 498 1532 4996 49 39 645 239 108 424 93 2746 5
83 223 1176 506 1414 4975 49 34 593 132 117 424 117 2797 6
24 191 1091 464 1540 5074 45 30 658 153 104 466 101 2671 3
34 205 1095 448 1473 4910 35 40 602 122 101 446 107 2880 5
64 210 1165 445 1311 4828 71 29 666 151 83 448 71 2799 NA
47 179 1176 428 1475 4895 80 53 643 117 77 453 95 2681 NA
37 206 1165 467 1445 4907 61 39 642 191 91 444 100 2758 1
26 228 1176 458 1464 4939 42 33 611 161 120 430 89 2834 NA
68 205 1065 440 1452 4855 38 42 592 172 122 455 97 2605 1
49 212 1042 422 1340 4801 55 26 638 150 119 464 112 2930 1
29 215 1143 506 1440 4839 65 30 679 122 105 419 98 2799 1
96 209 1094 484 1453 4927 56 19 605 143 96 427 109 2901 1
59 221 1150 472 1422 4960 56 41 634 124 111 467 78 2806 1
70 246 1003 459 1347 5019 37 42 608 135 115 480 118 2620 4
37 197 1142 434 1357 4830 60 29 592 174 93 445 67 2796 NA
49 217 1167 421 1501 4836 54 36 568 117 126 480 47 2914 NA
70 185 1178 491 1482 4869 50 28 576 156 101 422 94 2792 NA
69 241 1155 455 1561 4952 45 28 561 131 102 376 104 2771 3
47 217 1117 488 1386 4922 61 32 661 220 97 422 102 2903 NA
29 221 1081 498 1337 4947 59 31 615 189 92 496 83 2822 NA
90 245 1215 529 1514 4971 44 27 555 93 116 449 91 2901 1
74 221 1114 494 1387 5060 38 13 650 163 104 420 77 2888 1
73 213 1065 472 1430 4926 59 41 619 228 95 451 100 2799 NA
20 187 1006 403 1296 4827 35 24 661 131 93 446 109 2778 2
36 218 1209 456 1571 4965 48 28 612 172 101 511 84 2750 NA
57 212 1081 453 1432 4969 57 38 642 96 108 453 100 2782 NA
59 206 1186 480 1375 4941 57 34 581 128 88 414 99 2909 NA
56 96 1295 469 1611 4819 56 34 599 174 104 437 90 2740 5
57 236 1099 495 1473 4777 88 19 649 143 94 520 90 2760 NA
64 222 1168 459 1468 5126 35 41 620 129 101 477 102 2854 4
33 240 1196 538 1387 4881 61 39 654 132 94 414 91 2813 1
53 208 1125 465 1410 4813 51 38 689 222 99 438 92 2709 NA
50 191 1143 421 1501 5106 58 49 645 154 100 438 113 2781 4
40 228 1067 451 1369 4995 67 29 624 129 118 443 110 2730 NA
42 199 1121 503 1480 4958 89 35 680 150 113 479 98 2754 NA
83 249 1092 515 1450 4901 34 18 629 138 88 419 70 2761 1
29 226 1198 402 1424 4877 50 33 631 176 101 499 92 2836 12
53 208 1121 467 1339 4858 38 29 659 172 85 452 103 2913 1
80 227 1170 449 1460 4780 63 31 599 142 112 440 84 2803 1
78 199 1147 428 1411 4902 48 30 643 92 107 417 90 2908 2
