"kdkd" "kukd" "kuku" "pkd" "pku" "pp" "tdkd" "tdku" "tdp" "tdtd" "tukd" "tup" "tutd" "tutu" "tuku"
170 219 1064 482 1168 9180 36 37 577 102 53 294 60 2252 NA
67 223 1099 490 1169 8989 44 42 667 113 55 289 70 2196 NA
106 215 1016 474 1096 8920 47 46 647 160 54 312 55 2185 1
99 208 991 495 1128 9183 44 30 628 107 59 307 56 2176 NA
123 219 1077 464 1197 9125 45 39 628 101 63 295 63 2205 1
96 224 1088 468 1180 9061 53 45 564 94 53 298 67 2201 1
91 242 1095 480 1169 9136 64 47 576 69 62 299 58 2158 1
54 189 1070 416 1153 9081 41 41 560 102 55 303 49 2229 1
87 232 1059 502 1180 9325 44 42 565 58 65 292 66 2179 NA
116 219 1072 446 1152 8920 49 43 556 127 56 290 64 2147 1
62 220 1107 483 1187 9336 47 44 637 98 55 312 55 2209 1
86 225 1087 505 1171 9055 62 42 666 90 54 292 59 2161 NA
87 214 1038 440 1159 8762 16 35 536 75 48 275 62 2156 1
91 218 1032 505 1148 8870 50 42 552 108 58 278 64 2150 NA
101 220 1076 486 1186 9013 48 34 601 129 65 313 59 2219 NA
87 208 1048 509 1165 9147 36 40 589 54 61 296 61 2239 NA
47 222 1070 491 1173 9040 49 38 567 117 58 314 58 2197 NA
162 241 1071 521 1201 9458 55 42 704 135 62 151 64 2190 NA
179 241 1089 258 1176 9386 42 39 562 77 56 285 62 2138 NA
82 230 1050 530 1105 9212 40 34 557 110 63 308 33 2211 NA
152 236 1073 546 1156 9237 37 43 609 155 58 304 67 2220 1
143 223 1081 544 1187 9408 25 51 593 144 50 322 71 2224 NA
92 222 1075 517 1171 9162 40 39 574 123 59 291 59 2221 1
44 227 1051 487 1150 9039 51 41 599 83 53 305 66 2131 1
89 198 1046 505 1134 8997 44 43 611 64 56 293 46 2239 1
132 221 1074 491 1155 8985 51 30 629 148 51 283 67 2198 1
115 232 1040 472 1143 9060 48 46 473 126 59 298 70 2241 NA
103 199 1076 493 1187 9145 34 31 603 73 61 288 60 2166 NA
109 219 1057 510 1149 8771 43 36 569 87 57 301 61 2218 NA
60 204 1071 449 1150 8772 53 38 472 97 56 287 64 2157 NA
114 210 1028 472 1147 8957 39 39 610 125 53 281 67 2183 NA
74 222 1065 501 1161 9249 41 28 579 106 52 303 55 2179 NA
108 188 1010 469 1104 8622 42 45 587 75 56 281 58 2165 NA
42 237 1024 495 1156 8838 44 34 676 148 63 290 53 2155 NA
113 198 1047 432 1118 8965 39 36 509 159 49 311 59 2195 1
91 230 1056 482 1159 8898 59 43 590 77 41 277 68 2170 NA
133 247 1075 541 1156 9125 30 43 602 59 53 279 59 2162 1
108 225 1038 499 1169 8977 39 35 569 75 45 285 55 2145 NA
110 207 1049 570 1155 9353 36 34 579 83 61 293 55 2211 NA
148 220 1061 522 1178 8805 36 31 607 129 28 292 63 2201 NA
135 203 1028 475 1136 8900 42 49 677 201 49 304 67 2117 1
102 224 1086 502 1153 9077 38 47 573 184 53 143 28 2185 1
111 227 1082 538 1184 8587 41 43 579 126 62 321 60 2225 1
77 211 1056 503 1143 9043 21 46 507 75 48 280 66 2192 1
85 230 1054 507 1154 9204 47 38 615 60 55 302 58 2177 NA
116 243 1079 493 1170 8858 21 35 549 81 57 290 32 2138 1
98 210 1033 483 1141 9022 49 32 576 118 61 276 63 2144 NA
112 233 1070 544 1162 9322 39 44 553 157 57 290 58 2276 NA
135 194 973 476 1093 9167 41 43 655 89 26 290 59 2229 1
88 247 1074 520 1172 9096 65 35 669 114 58 284 71 2185 1
110 226 1034 493 1131 9016 26 30 557 139 46 265 54 2218 1
124 204 1032 519 1157 9102 12 25 560 156 65 321 56 2167 NA
149 225 1082 530 1187 9336 55 44 631 149 52 306 64 2226 NA
91 223 1054 488 1148 9139 51 28 599 157 56 286 65 2220 1
113 226 1021 496 1137 9173 50 40 643 109 48 299 51 2184 1
147 210 1021 461 1100 9264 45 31 576 106 65 303 44 2225 NA
94 218 1047 473 1159 9116 40 37 591 136 54 287 54 2202 1
129 226 1042 507 1197 9177 47 33 540 192 28 297 67 2127 NA
132 218 1068 494 1179 9424 48 40 664 80 55 290 62 2185 NA
92 214 1032 518 564 9021 36 41 642 54 56 296 59 2198 1
99 222 1016 503 1085 9090 27 28 586 124 73 287 56 2250 NA
141 245 1063 545 1190 9093 34 35 653 179 46 286 62 2215 NA
130 205 1075 497 1200 9014 47 37 539 179 56 300 59 2182 NA
104 217 1048 456 1131 9323 27 45 617 106 52 294 79 2157 1
144 202 1071 499 1162 9295 37 38 584 82 59 314 62 2191 NA
69 245 1102 540 1146 9257 54 33 664 96 58 286 65 2238 1
40 223 1094 471 1198 8999 44 50 611 85 55 297 64 2169 NA
124 222 1078 529 1166 9061 54 40 566 65 60 315 71 2164 NA
73 202 991 454 1088 8914 38 32 578 142 63 294 61 2200 NA
147 247 1072 535 1212 9210 36 40 606 61 58 283 69 2154 1
102 214 1034 461 1125 9019 35 42 574 90 53 296 61 2180 NA
124 219 1056 557 1141 8926 57 48 614 112 55 299 60 2219 1
145 203 1055 489 1137 8456 40 41 623 100 50 280 60 2268 1
124 211 1057 490 1179 8997 42 39 569 117 51 295 66 2215 1
118 243 1093 542 1186 9035 34 29 529 84 52 295 56 2214 1
141 208 1052 500 1155 9022 50 33 584 77 57 296 61 2206 1
102 219 1002 492 1084 8976 46 33 646 169 56 271 61 2165 NA
109 226 1026 509 1093 8665 42 28 559 108 56 267 61 2097 1
115 200 1040 499 1133 9024 45 30 609 137 56 309 70 2176 NA
133 237 1089 538 1193 9426 50 45 596 126 49 278 64 2224 1
101 217 1095 459 1172 8934 17 43 494 82 54 318 63 2238 1
107 218 1096 505 1197 8991 47 30 637 147 59 150 56 2158 NA
103 229 1050 494 1135 8967 37 38 603 114 50 269 61 2170 NA
146 233 1035 560 1120 8923 52 29 596 171 60 319 68 2225 NA
85 240 1097 499 1199 9337 58 37 593 142 69 316 60 2266 NA
60 230 1063 442 1166 9118 51 39 617 81 58 312 53 2191 1
76 186 1042 448 1135 9145 39 37 507 104 58 280 71 2261 NA
110 210 1064 498 1156 9063 28 49 646 144 54 277 68 2192 NA
153 215 1012 496 1125 9141 35 46 583 99 53 281 59 2217 NA
81 201 1023 449 1088 9030 37 48 565 71 51 303 65 2174 1
85 212 1079 434 1128 9049 50 46 603 161 60 296 64 2201 1
128 248 1090 541 1200 9255 22 41 661 115 63 299 62 2148 1
91 215 1041 485 1148 9202 45 29 594 82 57 279 57 2150 1
115 206 1061 452 1151 9108 19 37 629 64 53 282 67 2187 1
126 218 1060 511 1153 9082 28 30 591 121 50 285 60 2225 NA
115 210 983 515 1103 8976 42 35 530 96 52 275 60 2098 NA
111 241 1091 472 1231 9318 59 39 554 109 64 303 61 2225 1
107 200 1063 445 1124 9013 44 36 595 117 52 286 59 2201 NA
111 248 1061 585 1122 9315 36 27 603 116 59 267 64 2200 NA
93 215 1057 474 1148 9027 40 33 608 106 62 301 59 2226 1
