"kdkd" "kukd" "kuku" "pkd" "pku" "pp" "tdkd" "tdku" "tdp" "tdtd" "tukd" "tuku" "tup" "tutd" "tutu"
222 470 2317 1035 2514 18635 97 82 1304 237 130 1 701 146 5503
221 473 2355 1028 2568 18614 94 80 1253 252 118 1 690 142 5481
210 473 2345 1064 2567 18606 93 83 1285 238 130 1 669 138 5520
230 465 2314 1038 2545 18678 92 81 1262 251 136 1 706 148 5496
219 471 2327 1038 2534 18549 93 81 1276 252 133 1 692 147 5487
221 467 2331 1042 2546 18627 130 77 1298 380 133 2 682 145 5505
219 470 2344 1014 2567 18663 90 78 1267 264 136 1 682 153 5535
231 488 2373 1088 2589 18673 107 82 1271 241 145 1 696 139 5472
229 473 2328 1061 2546 18707 99 84 1295 255 146 3 688 141 5497
219 470 2336 1026 2540 18737 89 84 1266 251 134 2 677 147 5448
220 465 2310 1038 2541 18571 90 79 1252 241 141 1 699 142 5494
220 475 2354 1036 2556 18647 103 80 1272 271 148 1 694 145 5527
221 478 2342 1044 2544 18626 93 81 1277 270 131 1 667 140 5460
215 464 2352 1044 2566 18569 92 80 1298 250 130 1 685 141 5487
219 453 2284 1042 2486 18676 90 82 1259 234 130 1 697 143 5445
219 473 2348 1033 2532 18587 102 81 1276 249 129 1 692 145 5439
217 483 2344 1035 2550 18580 91 78 1265 244 136 2 695 138 5518
222 475 2307 1037 2548 18738 96 80 1282 240 138 1 701 139 5471
215 465 2308 1039 2524 18652 91 77 1271 236 143 1 700 141 5478
188 464 2316 1034 2531 18533 96 79 1290 235 126 1 695 152 5506
215 481 2355 1044 2587 18683 92 79 1279 242 129 3 686 144 5479
229 474 2330 1046 2544 18682 92 78 1265 257 135 1 671 146 5449
223 479 2307 1064 2533 18641 48 81 1269 249 127 1 703 142 5531
214 489 2372 1044 2600 18675 90 83 1281 262 136 1 679 151 5449
216 470 2335 1039 2519 18534 92 79 1276 276 133 3 666 142 5468
214 471 2313 1063 2555 18566 113 81 1265 246 133 1 684 132 5518
223 470 2324 1050 2524 18587 101 80 1287 237 136 1 694 142 5476
219 477 2326 1063 2554 18629 89 82 1281 246 138 1 677 148 5487
217 459 2291 1036 2534 18606 99 78 1291 257 134 1 678 145 5467
220 470 2330 1043 2562 18702 97 80 1296 254 135 1 701 138 5508
218 474 2361 1057 2549 18588 104 82 1274 270 133 2 699 146 5490
220 477 2322 1044 2556 18676 94 82 1277 249 129 2 683 156 5506
223 465 2334 1070 2572 18655 112 82 1292 250 134 1 673 147 5522
243 475 2321 1059 2524 18652 95 81 1292 242 138 1 706 147 5411
215 472 2340 1051 2557 18605 109 80 1283 250 135 1 706 145 5432
226 482 2325 1055 2519 18774 94 76 1262 251 138 1 692 143 5468
214 477 2360 1041 2570 18670 94 80 1296 246 148 1 673 138 5463
205 472 2320 1046 2558 18718 90 80 1263 270 130 1 681 139 5406
222 468 2339 1047 2563 18572 94 80 1257 237 135 1 699 143 5431
221 470 2353 1051 2566 18686 93 84 1261 242 131 2 696 143 5481
216 462 2336 1024 2583 18671 97 82 1290 255 130 2 674 145 5466
222 480 2345 1037 2592 18642 49 82 1289 251 130 3 674 147 5479
223 466 2315 1032 2518 18679 90 81 1252 252 138 2 693 140 5476
214 458 2338 1061 2575 18684 90 80 1284 255 139 2 686 140 5467
230 477 2345 1050 2584 18626 94 78 1275 239 139 1 688 142 5451
219 471 2325 1080 2532 18685 89 79 1270 275 132 1 673 142 5468
216 458 2314 1064 2543 18671 99 81 1278 261 134 2 692 147 5407
220 464 2302 1035 2523 18585 91 82 1288 262 133 1 708 148 5463
215 475 2346 1048 2592 18686 94 82 1248 240 131 1 678 143 5441
216 488 2363 1065 2597 18742 49 79 1293 255 135 2 692 156 5490
225 476 2324 1055 2542 18639 89 83 1249 250 154 2 691 138 5535
221 466 2334 1038 2546 18609 93 78 1269 252 136 1 696 151 5519
218 482 2310 1053 2526 18638 90 78 1295 247 140 3 698 150 5414
220 471 2312 1037 2550 18656 97 81 1280 236 121 1 677 139 5450
217 469 2331 1038 2558 18616 92 83 1274 231 138 1 702 148 5521
215 465 2361 1033 2581 18684 97 83 1288 243 131 1 692 144 5435
216 465 2316 1043 2534 18710 93 83 1329 263 139 2 686 152 5515
218 462 2330 1026 2554 18612 120 88 1284 266 132 1 690 144 5490
219 475 2338 1047 2541 18613 91 78 1292 239 152 4 694 150 5469
221 478 2363 1051 2543 18638 97 82 1306 253 136 1 680 141 5469
223 472 2340 1041 2580 18581 94 81 1284 225 138 1 694 143 5485
228 456 2316 1036 2551 18640 88 77 1265 237 134 3 685 141 5448
234 463 2318 1045 2538 18619 94 87 1300 253 133 1 690 144 5459
219 458 2312 1035 2525 18544 97 82 1283 262 137 1 693 146 5467
222 466 2310 1053 2520 18664 94 80 1263 251 127 2 683 149 5434
225 460 2282 1038 2551 18526 95 81 1257 240 132 1 690 152 5483
216 481 2348 1054 2568 18657 89 80 1270 248 136 2 687 152 5478
219 474 2350 1040 2578 18566 97 81 1295 285 136 1 698 149 5491
231 474 2335 1052 2566 18651 91 80 1275 248 130 1 673 140 5438
219 480 2332 1043 2558 18732 89 81 1265 244 137 1 690 136 5458
226 485 2338 1073 2556 18557 91 87 1277 253 147 1 723 143 5447
217 464 2333 1055 2538 18608 96 81 1272 249 138 1 681 145 5487
212 473 2362 1015 2587 18628 96 81 1310 252 128 1 692 147 5473
214 469 2346 1036 2547 18687 92 84 1272 259 136 1 693 146 5437
224 470 2327 1037 2550 18650 91 79 1284 261 135 1 704 149 5495
218 484 2317 1046 2555 18621 88 86 1261 243 135 1 695 140 5414
226 465 2309 1028 2541 18536 103 81 1278 236 130 2 697 146 5475
219 462 2324 1042 2572 18637 98 79 1309 244 138 1 675 143 5469
215 470 2337 1050 2561 18713 91 82 1281 243 135 1 689 143 5444
215 463 2319 1039 2533 18663 89 80 1272 252 141 1 696 134 5447
212 458 2327 1039 2545 18607 89 79 1274 256 135 1 683 139 5506
227 480 2327 1057 2536 18640 95 79 1270 240 141 1 698 143 5510
224 476 2319 1054 2544 18684 95 82 1282 235 127 1 674 142 5468
211 466 2325 1012 2529 18584 95 84 1250 247 141 1 341 141 5486
219 469 2359 1050 2559 18630 94 79 1272 263 138 1 692 149 5478
215 476 2354 1032 2583 18662 91 79 1268 253 132 1 677 145 5478
215 464 2300 1029 2534 18642 88 76 1264 238 134 2 683 149 5525
217 479 2340 1050 2572 18652 106 83 1280 285 133 2 687 145 5447
221 479 2346 1055 2578 18624 91 78 1276 261 135 2 684 143 5501
220 467 2334 1046 2557 18580 88 82 1286 243 135 1 683 134 5432
216 475 2335 1035 2576 18670 94 87 1270 240 140 2 680 147 5559
215 459 2329 1034 2537 18651 91 83 1271 269 133 1 672 142 5439
228 479 2370 1046 2582 18686 101 85 1293 251 129 1 699 151 5419
216 480 2346 1055 2557 18645 98 81 1267 245 136 1 678 143 5487
229 474 2321 1033 2552 18679 99 86 1287 254 144 3 688 149 5453
214 465 2335 1057 2557 18640 97 79 1276 257 127 2 686 151 5505
230 475 2312 1068 2532 18642 102 80 1286 248 130 1 692 145 5500
218 481 2336 1036 2552 18749 88 78 1275 226 141 2 675 144 5455
229 475 2310 1056 2523 18722 96 78 1262 272 138 3 683 155 5456
221 480 2350 1068 2562 18682 95 81 1279 251 138 1 682 144 5452
