"kdkd" "kukd" "kuku" "pkd" "pku" "pp" "tdkd" "tdku" "tdp" "tdtd" "tukd" "tuku" "tup" "tutd" "tutu"
58 118 607 303 671 5563 23 27 392 36 31 1 193 45 1331
73 141 638 294 711 5522 14 21 273 39 32 1 159 34 1309
49 119 591 241 645 5766 12 16 285 26 33 NA 158 32 1343
46 136 677 292 748 5575 29 19 320 99 41 1 183 36 1332
77 158 646 321 725 5283 30 24 420 54 41 NA 189 37 1281
84 140 635 274 686 5670 27 19 313 64 14 NA 153 42 1313
27 103 612 264 649 5436 31 25 383 102 37 NA 170 34 1308
81 131 632 297 689 5715 39 30 430 33 37 1 188 41 1332
81 56 633 266 690 5295 40 27 348 108 35 NA 165 40 1319
142 149 631 329 674 5561 23 15 372 58 35 NA 170 33 1341
71 125 646 279 719 5812 32 30 314 113 26 NA 169 37 1355
88 124 625 312 666 5294 32 19 406 102 31 NA 175 37 1270
13 128 603 277 644 5527 36 24 444 109 35 NA 171 43 1355
62 162 685 299 765 5500 48 27 298 59 37 NA 184 30 1286
57 124 655 304 705 5398 17 27 336 33 36 NA 187 35 1330
92 150 651 323 688 5503 26 26 336 84 31 1 180 37 1377
85 129 626 296 683 5453 8 21 377 45 29 NA 177 48 1293
93 121 631 295 716 5299 20 24 389 22 30 NA 170 39 1349
31 123 659 231 711 5499 39 28 282 91 31 NA 173 40 1340
58 136 645 326 716 5262 40 19 319 60 34 NA 167 33 1379
99 138 614 289 654 5539 41 27 332 48 22 NA 171 24 1305
83 123 641 292 694 5581 30 17 312 39 37 NA 172 39 1386
39 127 613 303 666 5501 23 28 350 14 33 NA 186 40 1328
122 128 620 329 664 5169 30 24 380 113 32 NA 168 39 1267
106 134 622 282 673 5284 22 27 372 79 32 NA 157 39 1352
54 155 641 273 693 5453 39 22 328 91 31 NA 166 28 1340
58 125 657 276 693 5346 29 22 369 59 38 NA 178 40 1362
49 129 599 304 671 5336 19 23 410 75 30 1 176 37 1321
43 132 661 279 723 5254 32 26 372 121 40 1 185 26 1342
21 152 627 327 334 5183 27 18 368 78 28 NA 169 44 1295
47 120 616 269 672 5405 25 20 347 133 33 1 154 39 1349
47 127 584 271 651 5533 54 22 407 11 36 NA 170 43 1309
73 142 626 289 681 5105 44 35 407 32 31 NA 182 29 1308
75 147 648 287 721 5198 22 20 324 108 29 1 182 44 1317
82 131 646 280 711 5521 37 23 467 41 29 NA 196 36 1331
54 141 672 296 743 5622 34 18 340 28 38 NA 175 35 1334
79 122 625 297 689 5456 20 11 356 46 27 NA 164 37 1323
54 157 651 305 724 5539 38 24 349 24 21 NA 174 40 1338
94 137 642 272 694 5442 27 15 336 44 36 NA 166 46 1252
76 133 660 304 354 5427 25 24 357 59 20 1 163 44 1264
14 118 672 299 707 5287 26 27 410 43 33 NA 164 20 1317
107 129 609 159 670 5398 18 24 372 45 27 1 170 38 1305
57 144 673 293 711 5464 31 23 294 82 42 NA 166 40 1319
63 159 664 328 714 5896 19 18 322 57 38 NA 193 34 1318
39 89 637 244 686 5472 28 23 414 48 38 1 162 33 1348
42 126 623 278 683 5620 20 18 329 51 35 NA 187 26 1337
24 114 635 308 721 5470 13 17 373 56 36 NA 189 18 1362
109 160 652 353 725 5618 26 26 310 33 39 1 159 37 1302
128 133 620 322 673 5302 20 28 337 24 33 NA 164 30 1354
63 125 616 305 677 5459 42 31 370 98 36 NA 175 42 1312
36 144 641 297 700 5520 26 21 444 83 46 NA 188 36 1282
95 130 659 298 726 5591 15 21 357 60 35 NA 165 40 1375
29 141 637 324 697 5112 35 25 352 56 40 NA 186 35 1295
64 126 616 160 690 5237 29 26 383 92 22 NA 171 38 1266
27 131 631 258 701 5406 35 27 363 102 33 NA 176 32 1272
85 161 676 339 731 5473 44 21 318 41 31 1 171 30 1368
119 135 587 328 639 5559 27 19 375 43 23 NA 168 41 1293
108 126 588 309 646 5634 29 13 389 109 29 NA 170 48 1315
85 127 657 297 687 5355 22 13 381 43 26 NA 167 34 1326
32 129 630 277 679 5132 46 26 355 93 34 1 175 38 1321
77 114 601 302 677 5584 40 24 375 36 37 NA 174 33 1315
9 154 699 313 769 5224 40 31 398 65 34 1 165 37 1281
93 138 645 359 688 5470 26 29 374 58 36 NA 174 32 1336
37 118 613 286 682 5569 26 10 340 31 45 NA 181 34 1304
104 136 613 311 668 5428 25 19 370 76 30 NA 191 40 1306
76 138 656 302 745 5644 19 24 371 46 27 1 189 42 1363
104 158 639 353 717 5387 48 27 364 34 33 1 83 39 1329
25 137 620 279 728 5456 56 25 371 40 40 1 175 34 1311
41 131 655 280 694 5649 27 29 343 61 31 NA 169 40 1340
72 136 662 308 744 5546 15 24 445 108 36 1 184 33 1356
41 109 652 270 720 5528 15 29 321 82 37 NA 175 39 1292
85 137 680 295 346 5483 29 20 334 88 40 NA 193 39 1322
99 109 618 269 661 5443 34 22 381 91 33 NA 182 33 1307
55 143 629 328 691 5149 21 26 359 73 40 NA 178 38 1320
88 113 616 239 674 5771 34 24 421 110 31 1 181 18 1301
33 115 642 245 695 5631 33 11 487 25 29 NA 182 35 1327
53 125 612 308 688 5547 21 24 322 78 34 1 174 18 1234
38 116 636 256 696 5428 18 21 375 39 42 NA 190 38 1390
60 112 647 281 704 5509 41 20 349 32 34 NA 175 47 1331
58 130 624 152 722 5550 45 28 316 113 39 NA 173 43 1311
53 132 607 301 662 5262 31 16 413 52 32 NA 184 35 1329
105 142 604 336 675 5826 31 29 333 76 26 1 167 42 1328
33 135 623 271 648 5441 22 8 362 33 34 1 169 38 1320
24 104 617 264 653 5512 25 21 309 84 42 1 153 40 1307
34 143 619 283 670 5536 13 17 312 49 28 NA 189 42 1290
61 127 672 263 735 5680 29 25 369 86 38 NA 161 37 1333
45 130 632 280 685 5518 23 18 323 60 31 NA 170 34 1318
66 124 663 284 733 5574 22 36 421 53 31 NA 188 33 1294
96 137 621 364 672 5282 27 19 350 45 35 1 178 35 1293
54 131 611 256 705 5463 15 19 371 34 32 NA 181 42 1312
65 132 647 315 725 5581 23 30 401 92 32 1 171 40 1324
55 120 628 306 693 5142 27 26 343 67 37 1 178 41 1301
86 130 585 284 621 5453 27 14 396 54 16 NA 187 35 1358
117 128 610 312 686 5341 21 27 365 36 36 NA 186 28 1345
83 156 622 360 702 5463 36 23 333 59 37 1 172 37 1278
57 147 637 269 675 5592 7 20 339 68 43 1 189 31 1380
51 141 598 282 668 5434 29 9 403 58 27 1 170 31 1352
50 138 664 308 695 5403 31 21 359 118 30 NA 185 35 1329
39 131 606 292 660 5585 28 27 342 43 32 NA 193 34 1340
32 147 641 311 699 5429 29 22 369 41 31 NA 176 42 1345
