"kdkd" "kukd" "kuku" "pkd" "pku" "pp" "tdkd" "tdku" "tdp" "tdtd" "tukd" "tuku" "tup" "tutd" "tutu"
37 243 1205 492 1691 5579 90 41 693 208 109 6 470 114 3173
32 122 1281 562 1619 5367 55 23 708 95 116 1 484 160 3060
78 235 1307 465 1642 5612 43 29 688 216 113 4 586 101 3113
88 231 1141 544 1490 5463 41 28 729 117 82 2 465 145 3421
59 262 1183 487 1536 5554 61 52 728 165 147 2 543 109 3020
84 274 1262 556 1491 5354 45 39 730 260 122 1 460 126 3002
71 249 1367 481 1673 5463 56 29 681 195 131 1 554 149 3228
43 221 1315 521 1651 5412 77 31 667 165 122 3 491 142 3099
68 269 1160 568 1458 5645 79 41 677 144 131 6 425 99 3176
114 255 1287 588 1556 5587 64 40 668 201 109 8 458 87 3072
66 218 1296 489 1556 5412 61 26 668 206 134 1 472 91 3140
98 245 1241 517 1670 5412 47 54 641 144 113 5 488 145 3435
83 267 1228 480 1517 5390 72 19 711 116 102 NA 475 90 3148
45 277 1276 549 1491 5431 75 43 674 274 97 1 465 125 3096
31 237 1167 542 1626 5318 48 18 645 119 96 5 245 120 3163
63 274 1264 486 1533 5402 28 48 650 182 109 1 443 111 3065
93 235 1188 559 1493 5551 140 36 757 206 137 1 464 113 3048
38 104 1446 502 1669 5287 55 45 715 128 124 NA 459 128 3052
45 290 1362 514 1664 5353 73 32 715 219 118 2 514 127 3192
58 204 1277 517 1439 5437 49 24 682 220 126 1 448 152 3092
93 268 1319 613 1656 5526 52 45 675 310 138 NA 526 119 3087
38 191 1216 519 1620 5571 51 43 708 171 110 2 477 144 3240
68 244 1270 518 1516 5601 81 25 664 131 91 1 471 146 3069
61 250 1351 529 1695 5516 100 55 650 201 105 1 456 92 3275
64 268 1178 507 1560 5482 60 34 775 175 135 1 469 165 3368
55 247 1235 488 1517 5519 49 28 637 106 93 NA 470 119 3230
43 258 1328 546 1701 5733 83 49 740 198 92 1 509 111 3162
68 212 1308 520 1660 5611 43 41 625 154 93 1 525 114 3128
73 230 1272 524 1609 5570 54 36 725 179 110 4 448 109 3199
85 236 1313 524 1595 5531 77 40 683 198 107 NA 507 142 3059
83 225 1125 549 1529 5467 83 49 647 199 116 NA 473 107 3184
92 248 1284 527 1551 5357 71 38 682 149 96 NA 492 119 3191
29 258 1248 542 1716 5539 58 49 692 113 90 1 453 127 3347
64 242 1266 503 1481 5431 38 41 636 106 120 8 521 141 3142
35 234 1369 499 1527 5574 85 37 653 150 111 2 462 111 3213
77 257 1316 566 1726 5527 54 42 707 138 109 2 498 125 3067
29 230 1056 520 1454 5578 77 52 688 171 125 NA 518 128 3045
35 233 1256 514 1554 5508 78 36 707 168 131 2 440 119 3345
44 294 1229 535 1571 5728 66 23 672 221 104 1 490 130 3009
69 225 1255 507 1614 5223 85 23 709 216 102 1 539 129 3118
49 253 1228 536 1582 5337 96 37 756 120 104 2 513 117 3257
48 212 1318 533 1603 5392 69 47 722 264 147 3 572 128 3173
37 213 1183 458 1587 5522 61 46 751 133 131 2 459 108 3299
59 294 1274 547 1631 5669 70 39 694 110 112 1 551 127 2933
88 257 1171 473 1468 5433 42 44 703 301 140 NA 514 131 3033
70 244 1253 514 1638 5520 76 33 720 147 125 3 484 119 3203
53 209 1186 494 1578 5409 48 30 691 175 92 1 511 114 3231
69 221 1326 557 1490 5403 115 36 676 179 129 NA 505 121 3250
48 211 1196 493 1547 5359 71 36 670 205 101 1 476 103 3427
53 216 1190 483 1525 5488 61 40 668 165 98 NA 483 157 3155
50 255 1329 510 1561 5496 81 34 710 169 105 7 566 128 2971
54 207 1229 506 1562 5461 50 44 600 185 134 NA 471 134 3329
44 229 1141 501 1522 5568 66 33 677 145 126 1 408 119 3384
43 243 1146 533 1613 5425 54 37 619 113 137 12 440 95 3012
90 245 1282 552 1508 5575 49 55 703 209 124 2 490 129 3150
110 243 1259 530 1633 5432 53 51 711 149 104 NA 515 113 3323
61 248 1200 504 1605 5480 86 35 726 164 98 2 539 92 3167
75 224 1258 510 1569 5590 74 49 724 172 99 1 466 174 2976
75 277 1359 512 1599 5539 88 34 708 178 98 1 474 110 3185
48 252 1300 552 1587 5383 45 61 694 124 124 2 587 152 3141
79 274 1336 545 1758 5509 43 46 779 238 144 4 458 130 3125
138 247 1266 547 1643 5647 55 38 713 158 122 NA 530 131 3170
57 245 1219 536 1515 5290 43 42 740 177 107 1 509 119 3114
55 243 1225 517 1619 5491 80 25 628 142 93 1 533 103 3158
29 168 1223 529 1598 5615 31 28 709 149 127 NA 465 145 3116
91 294 1179 553 1487 5671 30 33 638 197 130 NA 482 112 3136
47 116 1235 497 1490 5580 71 31 692 112 118 1 538 140 3159
121 122 1196 592 1489 5494 38 41 726 172 57 2 520 157 3305
91 265 1206 517 1560 5572 95 39 676 212 106 1 446 162 3298
46 283 1239 539 1601 5488 63 43 663 260 98 1 481 85 3204
75 274 1275 535 1640 5382 100 38 662 175 123 4 553 103 3100
46 236 1182 434 1585 5464 84 27 679 252 118 1 499 136 3110
51 216 1380 484 1598 5518 103 44 684 145 133 3 441 161 2978
35 248 1189 486 1516 5414 46 54 667 122 117 4 536 128 3184
48 294 1299 458 1684 5396 49 34 715 166 108 NA 451 117 2942
89 267 1277 559 1655 5483 91 61 745 218 88 NA 512 136 3226
76 249 1249 518 1686 5329 58 39 688 223 95 NA 472 182 3173
67 251 1207 514 1634 5647 72 50 764 151 94 1 464 137 3034
47 243 1134 579 1554 5565 65 33 696 207 116 2 507 107 3189
37 196 1290 490 1669 5350 52 45 689 249 101 3 522 133 3006
30 195 1329 489 1466 5503 49 19 771 177 129 NA 465 125 3241
81 276 1146 494 1353 5465 52 31 643 177 123 NA 438 119 3144
80 243 1109 535 1552 5562 65 25 660 204 102 2 454 150 3036
70 304 1259 533 1779 5353 28 25 681 137 97 5 461 138 3089
68 265 1288 508 1563 5417 93 24 729 216 73 1 516 138 3068
73 233 1275 506 1663 5460 87 39 738 160 123 1 501 96 3202
49 233 1198 497 1522 5380 48 42 720 282 107 1 569 123 3291
75 247 1177 559 1574 5398 57 29 700 210 104 NA 508 126 3295
59 237 1248 536 1521 5344 70 25 710 205 88 NA 491 98 3171
92 252 1248 524 1548 5389 65 47 707 179 111 2 499 126 3240
59 238 1237 463 1517 5297 43 30 581 136 123 NA 495 119 3122
53 275 1283 507 1545 5461 88 24 684 139 115 1 513 143 3125
45 246 1237 563 1557 5404 47 30 728 158 99 NA 466 133 3137
94 221 1281 535 1601 5343 68 39 714 222 109 1 493 136 3198
63 265 1225 521 1494 5555 53 43 755 151 80 3 519 161 3310
56 222 1250 526 1455 5419 62 45 677 161 124 2 446 125 3016
26 278 1406 532 1685 5436 65 37 710 212 107 5 508 130 3089
57 261 1182 488 1608 5539 97 37 695 144 104 NA 514 117 3092
88 275 1303 527 1581 5503 50 15 681 213 114 2 515 114 3104
63 270 1257 513 1622 5569 77 46 705 208 115 3 583 115 3149
