"kdkd" "kukd" "kuku" "pkd" "pku" "pp" "tdkd" "tdku" "tdp" "tdtd" "tukd" "tup" "tutd" "tutu" "tuku"
23 131 630 289 847 2777 34 8 310 104 60 257 57 1307 NA
66 139 674 289 786 2895 41 24 368 105 54 252 51 1310 3
28 151 703 283 880 2809 43 21 339 52 59 184 53 1364 NA
28 142 614 342 799 2856 68 24 363 51 65 228 52 1450 NA
18 146 654 296 880 3001 61 18 337 79 54 277 59 1349 NA
27 127 665 317 807 2862 47 19 357 107 77 268 61 1478 NA
37 120 684 272 845 2958 58 26 383 84 46 241 78 1365 NA
27 120 631 286 842 2930 39 25 330 143 52 245 15 1497 NA
74 154 652 359 860 2957 35 15 333 36 51 257 58 1413 NA
36 123 640 295 801 3092 22 6 350 66 69 222 38 1415 2
45 123 646 314 859 2899 36 21 367 112 52 242 73 1399 NA
51 155 632 324 723 2723 49 27 365 96 76 216 46 1339 NA
32 146 690 274 876 2943 30 28 360 69 52 219 56 1402 NA
42 162 589 378 849 2997 40 19 363 69 58 245 34 1263 NA
66 130 647 278 837 2986 41 14 316 43 63 221 70 1385 1
41 189 692 299 792 2929 46 24 344 41 54 264 66 1402 NA
38 154 673 297 833 2941 55 30 372 62 61 175 51 1357 NA
23 120 649 260 783 3043 34 8 373 69 61 111 56 1348 NA
19 103 671 277 862 2960 36 26 352 152 55 239 45 1350 3
57 149 710 318 830 2823 32 9 349 126 47 223 64 1404 NA
43 124 651 316 827 2952 24 13 381 76 61 220 62 1358 NA
30 176 667 362 772 2699 33 22 357 106 71 253 66 1254 1
65 132 638 294 782 2892 28 15 345 56 57 265 52 1449 NA
53 160 723 289 849 2881 64 23 407 73 65 168 65 1433 NA
47 119 663 307 923 3022 13 18 383 62 30 234 57 1393 NA
41 131 720 276 850 2747 38 34 392 54 54 216 51 1394 2
43 132 643 280 798 2919 30 26 357 113 45 238 65 1520 NA
43 133 666 323 849 2896 28 23 371 119 54 231 65 1278 NA
49 132 612 285 787 3029 42 28 321 62 45 241 46 1541 5
24 97 626 304 782 2830 39 28 387 79 79 224 60 1313 NA
41 129 686 318 849 2874 76 11 367 70 73 274 44 1419 NA
37 129 741 319 961 2961 48 31 346 38 61 210 53 1277 1
72 131 724 257 915 2874 70 19 391 41 61 274 60 1351 NA
64 113 759 333 809 2956 34 13 368 65 56 247 64 1435 NA
42 141 641 316 844 3000 49 33 346 53 53 254 71 1387 NA
20 135 671 306 820 2949 32 19 376 164 68 224 64 1285 1
18 133 696 298 829 2974 46 19 398 31 52 216 43 1411 3
41 138 709 302 825 2948 28 34 328 190 60 272 49 1496 NA
38 135 656 348 859 2904 42 16 380 87 68 111 46 1373 1
20 133 623 310 850 2949 37 29 342 126 65 225 63 1441 1
73 164 640 311 799 2900 27 26 359 71 41 273 55 1299 2
38 149 726 322 862 2820 30 20 353 98 55 190 45 1344 3
44 158 635 322 808 2848 34 13 347 151 43 251 55 1341 NA
58 131 643 272 748 2807 17 8 319 85 62 266 51 1433 NA
38 105 583 270 809 2992 66 25 347 62 60 258 24 1377 NA
36 156 692 300 875 2895 59 25 396 122 49 250 57 1350 NA
63 154 653 271 811 2834 15 15 352 106 58 228 67 1423 NA
43 141 699 310 854 2927 91 19 351 126 59 247 53 1425 1
37 160 749 297 819 2922 38 15 350 108 75 216 72 1287 3
32 175 681 327 851 3014 34 21 399 71 36 256 52 1432 NA
36 140 731 254 955 2823 29 24 346 68 50 223 67 1388 NA
29 155 733 299 842 2879 27 15 353 94 69 244 74 1358 NA
62 180 707 326 881 2908 38 25 386 149 57 223 59 1422 2
38 136 685 265 810 2791 24 24 383 32 57 265 50 1347 NA
32 145 678 318 957 2959 31 12 335 88 48 240 40 1431 1
29 129 682 273 813 2964 33 16 349 63 71 226 54 1390 1
10 136 670 308 842 2925 22 21 347 62 51 307 63 1340 NA
19 132 680 282 867 2853 32 11 382 61 48 215 64 1458 1
58 118 575 308 796 2878 50 21 383 72 66 246 74 1457 NA
15 135 628 293 823 2831 71 23 346 82 64 247 41 1383 NA
26 157 726 313 938 3048 23 17 332 71 56 221 56 1438 NA
46 154 695 300 824 2827 28 21 368 71 65 228 67 1335 NA
43 147 651 332 844 2977 25 16 367 223 52 220 65 1339 NA
30 158 678 317 869 2847 49 14 390 37 33 230 53 1425 1
31 116 660 258 851 2928 16 21 309 87 56 247 45 1395 NA
21 125 634 274 764 2927 24 11 377 50 59 212 61 1388 1
28 138 704 322 912 2899 40 9 371 78 61 209 47 1382 1
27 131 675 295 892 2992 51 10 345 31 56 232 49 1381 NA
36 141 620 289 845 2916 37 5 367 142 53 205 63 1439 NA
42 114 600 276 770 2902 29 21 327 79 61 245 44 1385 NA
42 161 682 299 714 2822 11 22 326 82 54 254 59 1417 1
69 148 712 319 838 2945 35 33 356 68 64 257 47 1416 NA
39 106 613 317 792 2922 36 21 295 114 48 193 66 1398 1
44 117 677 305 823 2952 48 20 373 72 71 229 71 1302 NA
26 133 654 305 935 2860 22 29 379 44 57 248 55 1469 NA
33 156 572 263 790 2962 33 17 348 58 49 254 65 1500 NA
62 143 648 297 861 3008 39 26 340 52 61 242 58 1414 1
30 146 703 304 779 2748 53 12 364 77 54 253 61 1371 3
35 153 666 285 832 2836 35 21 339 79 52 228 64 1532 NA
18 140 629 285 756 2781 41 14 372 107 66 242 54 1491 NA
33 126 696 312 749 2805 41 16 369 46 61 237 52 1381 5
50 108 599 293 755 2956 35 10 397 137 60 226 66 1440 2
59 136 685 294 904 2895 28 22 384 68 75 307 69 1307 NA
38 135 675 288 842 2910 34 13 332 83 62 231 55 1389 1
20 105 651 318 911 3044 42 22 307 161 76 219 47 1394 2
19 126 688 283 820 2922 28 16 376 76 52 267 53 1447 NA
28 123 673 313 808 2896 44 20 330 151 66 222 58 1375 4
29 148 600 314 746 2872 32 17 329 92 54 221 55 1363 1
28 140 729 317 822 2866 68 17 401 46 65 221 47 1315 NA
37 163 616 294 756 2822 19 23 337 111 57 215 63 1352 1
30 133 683 296 807 2901 24 19 362 92 57 242 48 1368 3
46 124 663 286 817 2897 67 18 347 67 69 245 32 1351 NA
33 151 684 268 803 2864 44 22 373 105 80 227 42 1404 1
29 153 746 305 957 2812 25 13 321 45 53 230 58 1403 NA
27 77 700 282 821 2888 21 11 349 128 49 219 52 1412 2
35 123 603 301 764 2869 47 19 327 116 61 234 57 1398 NA
53 143 644 340 893 2909 25 25 345 134 68 244 48 1365 1
48 107 675 317 986 2947 35 10 351 156 43 278 69 1445 NA
32 94 682 308 821 2968 41 22 355 46 69 220 60 1431 2
38 137 654 278 854 2805 23 16 343 66 85 233 70 1444 1
