"kdkd" "kukd" "kuku" "pkd" "pku" "pp" "tdkd" "tdku" "tdp" "tdtd" "tukd" "tup" "tutd" "tutu" "tuku"
10 174 911 295 1047 3220 43 41 441 87 56 234 74 1070 NA
71 182 904 355 1223 3325 16 21 386 92 57 219 80 1023 1
37 170 811 323 1060 3231 90 40 458 69 56 279 49 991 NA
48 203 816 357 1012 3212 49 9 394 100 74 252 62 1048 NA
44 209 861 359 1146 3174 35 25 434 61 52 251 58 1118 1
53 192 957 378 1080 3192 45 36 392 107 72 215 64 998 2
42 178 865 368 1233 3316 13 11 368 53 44 251 83 1124 1
42 155 868 371 1036 3326 38 17 430 66 70 253 66 1031 1
33 196 758 324 967 3297 23 33 376 111 57 247 53 1093 1
42 180 860 324 1109 3218 41 21 408 88 65 238 49 1040 3
45 154 821 318 1127 3119 55 37 383 54 41 239 65 902 NA
37 167 793 359 1101 3089 50 26 359 45 75 254 57 992 NA
76 160 899 358 1141 3311 15 16 413 71 63 223 65 1069 1
26 180 800 352 1115 3268 38 16 406 63 57 213 63 1087 NA
84 164 881 379 1144 3320 35 34 399 48 73 256 49 1117 NA
53 184 835 340 1028 3047 38 26 372 71 56 213 74 1058 1
78 214 872 354 1119 3146 27 32 391 123 81 243 44 1047 1
43 170 795 346 994 3249 38 28 362 83 63 211 62 955 3
25 169 952 325 1120 3026 58 27 408 80 53 230 69 1000 NA
16 182 979 306 1175 3230 46 33 386 85 67 221 49 1088 1
36 128 896 330 1181 3496 44 25 405 75 52 255 69 1125 NA
29 180 925 341 1087 3159 18 30 341 64 53 249 51 1083 1
41 190 905 339 960 3039 32 29 357 103 71 223 70 1027 1
45 165 877 326 983 3190 26 21 392 80 52 223 68 1011 2
27 156 908 327 1053 3117 26 15 345 46 68 244 54 978 3
34 139 917 324 1126 3189 35 32 399 86 69 222 45 1115 NA
33 163 821 353 1065 3323 39 25 458 83 58 203 47 1017 1
31 165 927 337 1065 3055 51 34 361 108 57 232 58 953 NA
32 171 815 349 1129 3241 40 38 370 70 63 266 72 1041 1
37 87 999 375 1108 3164 22 26 326 89 70 239 60 959 NA
62 181 857 326 1151 3027 27 19 368 87 66 273 56 970 6
76 195 895 342 1103 3312 21 23 345 73 46 250 55 1067 1
51 188 794 372 1074 3186 53 15 408 115 47 237 32 1072 1
37 172 845 376 1094 3312 30 23 396 90 86 245 60 1041 NA
62 178 837 354 1100 3278 37 21 400 99 68 247 70 1063 NA
57 216 928 411 1130 3190 38 16 389 93 60 276 75 1082 3
30 171 855 352 1122 3279 34 15 378 91 49 230 44 975 2
31 192 843 383 1056 3080 36 22 335 68 38 209 58 1084 2
15 140 866 298 1105 3180 56 21 434 56 59 200 76 1025 NA
39 141 837 328 1090 3272 27 11 374 57 39 254 61 1022 4
42 215 925 359 984 3197 37 18 382 88 62 210 63 1036 NA
53 166 775 341 956 3204 47 28 413 61 54 238 38 1016 1
60 168 884 409 1085 3205 23 28 408 114 51 226 76 1077 2
32 185 902 329 1198 3175 39 12 362 74 62 235 56 1028 1
44 156 833 335 1018 3066 45 31 424 48 52 250 50 962 3
55 180 899 355 1097 3204 67 28 371 41 73 175 53 1016 1
43 172 815 344 1073 3282 60 28 399 84 66 250 64 1062 1
44 179 854 325 1099 3222 35 7 351 45 61 214 64 1062 2
108 188 895 337 1065 3241 26 26 395 43 76 221 46 1014 NA
21 208 880 327 1056 3168 38 33 376 44 81 187 69 994 1
38 185 757 355 1047 3203 61 19 358 103 59 251 49 1077 4
98 177 852 412 1105 3249 35 33 384 77 64 224 60 976 2
24 152 844 375 969 3120 44 30 424 51 60 219 58 1056 NA
77 197 878 379 1091 3232 34 15 412 53 79 177 64 993 1
64 170 879 308 1109 2981 29 17 368 97 70 258 75 1012 NA
69 157 826 388 1002 3296 52 23 405 74 59 226 61 989 1
44 165 854 317 1077 3146 20 29 361 77 82 209 63 1033 NA
60 194 842 368 1118 3267 29 26 358 53 80 286 69 1009 NA
33 169 841 365 1046 3142 20 27 414 72 63 244 63 999 1
32 204 871 379 1189 3115 46 14 414 67 53 196 46 1027 1
34 158 800 359 1166 3330 47 15 399 71 51 239 50 1071 NA
21 165 871 317 1085 3081 35 25 451 86 57 257 54 979 2
80 183 938 314 978 3126 47 23 424 86 63 239 56 1025 NA
23 166 860 404 1091 3304 31 9 355 86 58 181 43 1026 NA
51 90 929 329 1122 3081 36 18 352 77 44 248 45 1082 NA
73 185 853 178 1052 3252 26 11 376 81 60 206 61 1154 NA
98 182 852 348 989 3107 35 34 433 54 57 231 54 1038 2
81 216 904 380 1096 3234 41 21 358 90 55 214 67 1011 NA
28 194 819 348 1085 3267 60 25 385 52 51 237 57 1030 2
23 170 834 297 1121 3077 18 27 362 76 50 227 67 973 NA
74 178 839 413 1109 3177 32 26 369 92 61 232 31 995 2
31 142 761 314 1085 3363 37 17 390 88 63 250 51 908 1
49 171 848 323 997 3118 40 15 409 92 55 245 72 1111 7
31 160 857 336 1008 3063 42 15 409 73 66 236 48 1086 4
56 188 854 327 1037 3367 34 24 341 77 65 247 64 1071 1
54 180 899 345 1124 3148 64 14 405 62 64 222 58 989 NA
64 219 960 333 1085 3158 31 16 424 54 71 222 65 1096 NA
42 177 908 335 1084 3169 29 39 356 77 32 226 64 1075 1
30 146 908 357 1199 3199 29 24 402 47 53 211 44 931 2
70 173 895 320 1005 3202 41 29 423 105 70 240 53 1081 1
38 179 873 355 1029 3249 20 35 449 83 64 255 61 991 NA
62 210 927 348 1052 3222 21 32 396 84 69 241 61 1020 1
36 156 839 303 1059 3184 25 21 362 63 58 256 49 1052 1
28 177 893 361 1076 3198 39 28 389 111 56 200 63 1050 NA
33 162 875 307 1128 3151 23 21 407 93 59 211 58 958 1
54 158 858 342 996 3141 63 24 374 59 53 222 53 1053 1
25 165 843 323 1113 3216 43 17 443 87 54 210 67 1010 NA
47 196 855 342 1074 3178 45 20 402 66 66 226 56 1019 NA
44 173 880 308 1149 3225 43 22 426 99 50 252 61 1014 NA
25 167 833 334 1145 3116 20 20 379 115 36 230 79 1041 NA
82 138 862 340 1087 3197 37 32 371 59 59 203 61 980 2
46 152 833 344 1043 3061 33 23 364 97 66 240 52 1120 1
37 153 863 341 967 3230 35 25 375 75 51 262 43 1000 NA
30 166 914 322 1112 3316 36 29 404 84 67 215 57 1076 1
28 159 857 312 1070 3126 46 25 403 77 73 217 63 986 2
77 154 906 307 1124 3110 38 24 397 89 49 223 49 1053 NA
20 168 864 327 1129 3085 47 24 393 54 61 250 60 975 1
84 189 1016 355 1192 3267 34 27 361 70 58 217 58 1017 1
25 137 834 330 1050 3307 38 22 443 89 71 234 72 1034 NA
55 164 921 353 1148 3328 51 30 421 102 54 226 41 1088 NA
