"kdkd" "kukd" "kuku" "pkd" "pku" "pp" "tdkd" "tdku" "tdp" "tdtd" "tukd" "tuku" "tup" "tutd" "tutu"
24 191 1143 475 1315 5141 68 35 609 261 111 1 432 106 2795
80 239 1183 556 1547 5088 57 45 637 201 104 1 452 108 2746
85 281 1137 516 1350 4981 52 33 635 185 99 1 396 101 2964
62 253 1110 514 1439 5192 56 42 638 209 86 NA 419 130 2734
33 259 1019 469 1242 5049 48 26 653 161 109 NA 398 120 2638
47 238 1268 535 1666 5195 64 39 675 112 106 3 224 94 2717
42 249 1192 485 1460 5169 68 42 556 145 135 NA 451 106 2848
86 211 1297 506 1598 4983 63 54 629 122 81 1 468 118 2631
43 199 1183 487 1441 5081 53 18 644 142 99 1 447 116 2700
47 257 1157 447 1545 5186 72 45 651 201 83 1 380 115 2857
63 251 1181 496 1426 4999 49 33 691 136 108 1 414 122 2846
87 259 1106 520 1508 5143 79 61 672 224 120 NA 412 120 2878
64 212 1184 502 1444 5082 84 48 678 152 90 2 469 129 2680
46 248 1062 463 1419 5093 73 47 634 149 100 1 497 113 2696
65 209 1183 474 1481 5080 73 59 661 149 112 1 475 139 2863
86 238 1124 504 1554 5084 66 24 624 219 87 2 422 98 2922
30 228 1148 454 1296 4911 75 40 737 109 100 7 459 98 2837
48 251 1128 505 1466 5127 62 38 628 112 105 2 444 135 2627
47 224 1162 492 1528 5163 77 47 701 184 113 NA 466 123 2692
104 243 1068 484 1404 5120 62 15 604 190 122 1 491 104 2674
65 237 1234 446 1576 5073 79 41 669 256 100 3 454 145 2844
45 188 1140 480 1520 5085 61 31 717 111 103 1 457 120 2834
52 261 1225 510 1526 4995 53 19 647 210 93 3 512 129 2886
52 231 1222 483 1479 5164 73 47 662 253 111 3 439 61 2804
33 240 959 495 1258 5087 59 37 635 245 100 1 436 108 2825
65 270 1195 492 1425 5221 49 30 630 217 112 2 443 121 2877
39 224 1139 495 1414 5185 59 25 688 203 79 NA 384 142 2900
91 228 1169 487 1460 5055 60 12 629 201 106 2 481 120 2768
60 232 1054 489 1412 5319 63 41 677 178 123 1 475 116 2700
127 245 1163 501 1528 5133 71 28 651 89 72 3 462 134 2897
48 246 1206 559 1487 5005 64 39 676 194 118 1 434 101 2936
62 228 1254 498 1430 4988 46 40 613 137 93 1 470 112 2916
50 217 1121 501 1571 5160 66 44 647 224 98 1 447 124 3089
73 219 1143 549 1513 5024 57 19 622 141 119 1 420 98 2794
18 192 1131 433 1505 5038 59 44 681 172 96 NA 437 100 2855
87 279 1167 507 1406 5073 117 43 727 183 85 1 411 127 2902
45 221 1130 558 1468 5159 69 23 650 100 67 1 414 124 2708
123 248 1213 512 1669 5169 94 47 626 182 98 1 498 142 2836
38 216 1085 505 1486 5011 61 33 595 188 101 6 449 125 2705
35 223 1053 427 1368 4909 63 59 640 222 97 8 438 157 2835
33 215 1244 468 1545 5093 51 26 597 181 91 NA 515 114 2980
56 252 1104 522 1504 5062 52 25 634 232 125 NA 456 113 3069
58 260 1137 473 1565 5077 45 37 597 204 96 5 437 111 2832
51 246 1183 482 1427 4883 61 26 675 173 95 1 430 99 2934
80 235 1144 465 1537 5128 59 30 617 225 94 3 398 118 2918
83 220 1234 467 1537 4901 107 30 693 174 108 1 406 126 2926
47 244 1164 482 1486 4998 64 54 618 177 106 1 468 139 2940
71 226 1189 470 1408 4977 56 24 601 171 100 1 496 92 2688
47 183 1144 508 1611 5189 25 37 625 146 90 NA 420 125 2906
24 246 1275 452 821 5102 58 53 667 167 95 NA 493 118 2888
75 284 1136 475 1478 5174 60 40 646 131 106 3 505 110 2833
30 222 1091 445 1488 4956 108 28 650 152 99 3 433 135 2964
31 197 1256 469 1515 5188 54 31 632 154 95 3 400 107 2793
62 215 1236 448 1519 5101 64 31 609 195 104 1 482 100 2877
65 236 1257 476 1405 4997 77 44 685 127 110 3 438 93 2998
47 201 1108 454 1362 4934 56 42 627 148 114 9 428 108 2816
73 224 1124 475 1370 5178 48 28 596 219 94 2 434 116 2758
59 236 1103 534 1529 5031 74 61 665 180 104 5 436 92 2743
100 229 1175 533 1495 4988 51 35 702 144 92 NA 474 88 2929
40 203 1178 455 1428 5026 53 36 604 260 79 4 419 110 2865
59 219 1168 456 1467 5020 61 42 640 134 109 1 518 130 2987
63 257 1056 512 1466 5256 63 21 596 199 78 1 446 144 2848
56 235 1205 434 1425 5057 55 30 671 198 137 3 455 119 2806
55 251 1061 473 1295 4962 45 43 677 154 100 NA 451 120 2860
50 218 1136 421 1387 5123 35 13 624 101 129 4 457 118 2721
73 277 1247 460 1441 5018 51 45 626 272 81 NA 412 102 2680
60 200 1219 542 1569 4874 73 37 688 121 103 2 478 158 2842
51 243 1260 495 1499 5241 55 39 634 110 111 1 494 91 2904
48 230 1238 464 1534 5156 58 36 641 191 130 NA 503 105 2617
39 104 1058 493 1511 5129 56 40 669 180 100 3 436 121 2811
53 233 1111 443 1488 5052 51 50 691 139 108 4 520 103 2894
37 244 1223 562 1436 5105 46 37 627 255 121 2 404 100 2669
42 209 1180 430 1384 4886 64 38 701 149 102 1 489 104 2853
52 169 1092 468 1427 4965 66 45 643 182 100 NA 500 125 3041
88 203 1131 469 1471 4915 51 35 714 232 114 NA 442 123 2936
47 190 1163 440 1502 4933 66 45 647 296 121 1 433 125 2737
59 256 1117 468 1383 5194 55 40 637 160 90 1 433 83 2961
59 231 1177 463 1556 5008 62 36 648 190 98 1 454 117 2839
35 245 1217 513 1469 5047 72 44 635 124 110 1 402 102 2764
61 226 1146 506 1486 5115 36 48 667 233 97 3 455 144 2872
32 97 1106 466 1343 4970 68 26 616 206 76 1 449 126 2995
64 235 1134 485 1389 5197 105 50 663 146 137 NA 453 108 2812
45 224 1079 450 1397 5087 56 39 717 146 105 8 477 109 2823
29 193 1053 471 1363 4949 54 35 643 232 94 3 476 116 2826
62 210 1117 481 1449 4944 58 34 609 164 109 2 505 106 2979
29 220 1189 437 1398 5079 73 42 596 176 105 1 426 155 2764
31 234 1083 480 1357 4962 54 52 641 220 104 5 408 111 2809
44 206 1180 442 1443 5232 56 35 680 81 92 3 445 131 2792
52 231 1148 443 1413 5041 59 21 674 147 86 4 446 118 2668
33 202 1167 500 1427 5066 49 35 637 228 120 1 434 105 2923
69 208 1048 463 1329 4946 54 28 627 166 104 2 453 132 2779
54 202 1135 491 1390 5131 68 44 662 196 115 2 395 127 2808
34 236 1227 440 1472 4947 52 39 635 236 95 1 410 114 2835
52 255 1190 534 1516 5073 47 37 671 118 91 1 481 104 2690
114 242 1200 525 1617 5046 52 39 704 99 102 1 488 115 2876
36 207 1126 452 1348 4876 78 48 715 208 108 3 457 121 2778
43 253 1074 497 1460 5198 52 47 702 233 84 1 454 116 2853
31 208 1052 444 1504 5077 59 44 663 108 82 1 480 110 2597
50 235 1218 546 1472 5003 55 40 696 146 115 8 428 97 2840
49 200 1205 499 1503 5009 60 20 671 147 92 NA 473 116 2950
