"kdkd" "kukd" "kuku" "pkd" "pku" "pp" "tdkd" "tdku" "tdp" "tdtd" "tukd" "tuku" "tup" "tutd" "tutu"
105 254 1276 572 1356 10680 50 56 713 97 64 1 365 74 2663
71 260 1295 550 1426 10675 46 51 755 122 62 1 332 80 2581
72 256 1251 579 1353 10955 45 53 746 117 64 1 353 75 2637
155 291 1268 599 1389 10949 78 54 715 120 68 1 345 30 2640
164 258 1231 598 1335 10982 49 36 782 107 63 1 365 76 2679
138 282 1325 600 1439 11097 54 47 713 101 66 1 370 68 2611
143 291 1298 629 1412 11121 75 49 746 100 61 NA 357 73 2640
96 270 1275 583 1389 11059 57 49 724 109 71 1 349 62 2596
90 255 1307 578 1404 10877 54 46 708 128 69 1 344 75 2591
91 276 1274 557 1395 10590 57 48 685 171 65 NA 359 67 2635
120 281 1311 600 1420 11104 52 47 657 162 70 NA 370 83 2644
99 248 1235 580 1363 10897 56 51 678 164 76 1 374 81 2637
139 269 1283 605 1394 10515 38 52 685 97 73 1 355 80 2673
140 278 1294 602 1407 10744 52 49 780 130 70 NA 355 86 2653
173 280 1299 630 1459 10981 52 44 792 116 63 1 339 71 2629
119 254 1227 592 1335 10809 44 46 678 117 61 1 365 62 2686
175 295 1227 634 1353 10920 51 21 724 122 60 1 346 72 2645
144 258 1248 612 1376 10565 51 45 668 161 80 1 359 77 2607
110 249 1240 569 1315 11082 32 40 665 135 60 1 345 79 2610
121 257 1284 604 1400 11073 67 54 723 168 55 1 336 77 2631
177 302 1270 647 1390 10737 50 37 741 136 72 NA 371 80 2649
154 265 1323 604 1408 11094 49 48 703 174 63 NA 343 79 2674
168 271 1238 616 1333 10979 53 38 716 108 63 1 350 69 2665
112 281 1325 634 1437 10815 55 51 746 122 66 1 353 79 2633
163 267 1244 566 1381 10830 45 29 723 176 74 NA 346 64 2667
90 253 1237 546 1351 10786 49 50 734 123 73 NA 342 80 2665
109 266 1236 594 1354 10918 49 54 724 103 75 NA 344 73 2652
145 271 1292 624 1413 10884 26 52 682 92 66 1 353 68 2609
131 276 1244 583 1360 10998 63 36 686 109 63 NA 360 74 2690
153 280 1277 686 1412 10943 59 40 645 167 71 1 358 73 2653
136 265 1245 592 1348 10843 55 45 688 176 67 1 347 78 2607
87 254 1268 542 1330 10794 19 49 767 167 69 NA 357 78 2648
100 251 1232 622 1361 10870 51 48 752 147 81 1 355 74 2578
125 265 1307 595 1417 10870 52 41 742 175 66 NA 338 70 2660
126 259 1304 590 1424 10675 50 46 810 162 62 1 367 74 2604
155 288 1265 642 1389 10714 62 50 686 100 73 1 352 71 2627
135 254 1291 586 1425 10902 61 60 715 126 66 NA 356 73 2564
124 253 1297 533 1416 10802 54 36 771 117 71 NA 349 79 2597
92 280 1272 598 1389 11104 36 44 752 167 74 1 367 70 2610
93 250 1274 592 1391 10942 70 52 728 141 59 1 338 71 2698
81 269 1276 583 1388 10787 72 50 774 96 61 1 338 71 2623
152 261 1298 581 1415 10874 52 37 709 158 70 NA 348 73 2641
92 262 1320 590 1441 11192 50 52 755 104 66 NA 338 70 2679
86 260 1281 587 1401 10996 53 40 805 106 76 1 368 31 2616
148 274 1275 653 1397 10832 63 49 750 134 63 NA 346 66 2574
133 266 1279 599 1415 10930 67 44 662 172 72 1 353 72 2609
68 257 1257 585 1340 10707 62 52 727 182 75 1 365 73 2617
162 262 1232 612 1337 10925 49 48 781 159 71 1 342 82 2587
118 258 1246 577 1362 11063 57 52 800 108 75 1 376 76 2689
112 251 1254 570 1377 10831 66 51 709 170 65 1 341 73 2644
144 261 1250 551 1351 10867 48 48 763 126 68 NA 332 37 2612
92 260 1253 610 1351 10809 55 41 728 195 67 1 345 75 2565
104 267 1289 577 1439 10868 35 49 693 185 66 NA 335 70 2655
100 256 1230 574 1349 10875 52 42 761 110 57 NA 342 84 2672
129 263 1279 594 1401 11054 37 45 720 184 54 1 331 72 2649
127 252 1252 546 1379 10738 43 48 753 85 70 1 356 35 2632
118 277 1269 646 1417 11184 61 49 737 168 57 1 360 72 2546
155 289 1284 655 1380 10596 52 39 756 120 76 NA 347 65 2633
204 288 1321 644 1455 11028 42 38 659 117 62 1 368 82 2576
124 253 1295 605 1415 10638 44 52 686 105 68 1 358 73 2619
102 250 1247 585 1374 10702 46 42 660 118 69 1 358 82 2663
136 253 1299 573 1430 10815 28 40 751 112 65 1 347 73 2665
182 244 1304 615 1390 11072 51 43 740 153 62 1 338 66 2639
191 272 1261 639 1371 10681 53 52 709 144 69 1 352 69 2619
155 278 1294 608 1430 10971 60 57 688 167 61 1 362 35 2694
162 288 1330 598 1443 10910 23 48 747 107 65 NA 323 72 2653
127 257 1241 624 1365 10907 51 42 726 123 76 1 356 73 2627
105 256 1262 622 1381 10844 67 48 659 152 63 1 346 74 2575
150 275 1234 628 1356 10681 45 39 738 106 80 NA 353 74 2631
162 269 1254 620 1381 10694 52 32 754 170 69 1 371 66 2638
142 277 1252 636 1356 10954 41 29 698 78 78 1 361 80 2590
83 237 1243 506 1369 10912 38 50 680 58 62 1 349 77 2586
72 272 1255 577 1384 10911 52 48 672 83 73 1 365 63 2588
66 271 1230 568 1341 10795 48 45 695 164 65 1 343 75 2645
152 270 1279 623 1393 10983 55 47 696 177 70 1 357 71 2632
83 249 1208 545 1300 10905 44 46 735 154 65 NA 334 80 2649
74 231 1238 566 1388 10835 44 42 757 150 63 1 347 74 2660
149 273 1287 620 1409 10882 45 43 681 158 63 1 367 76 2683
133 253 1255 560 1378 10752 48 39 658 104 60 1 350 72 2666
126 287 1252 582 1369 10681 37 34 699 161 69 1 363 64 2653
114 265 1268 585 1356 10851 46 47 732 146 69 NA 358 76 2638
106 261 1258 558 1358 11029 37 42 744 165 62 NA 362 70 2651
152 261 1254 601 1361 11105 46 38 690 101 63 1 327 68 2614
149 259 1280 587 1392 11221 54 44 772 162 66 1 362 86 2624
117 257 1283 589 1383 10858 54 56 716 174 55 1 344 80 2652
92 280 1261 579 1367 10798 72 49 719 178 67 NA 350 69 2676
71 250 1283 559 1368 10658 49 44 826 192 74 NA 345 76 2601
116 216 1255 546 1347 10834 57 49 732 160 71 1 337 76 2606
111 267 1292 549 1425 10989 46 45 728 94 56 NA 365 71 2625
138 270 1324 604 1453 11244 57 54 778 158 64 1 345 84 2635
161 283 1297 633 1429 10901 74 45 727 133 65 NA 322 76 2642
125 279 1290 576 1416 10461 53 44 746 126 62 NA 350 74 2607
183 271 1232 622 1349 10626 58 36 732 133 68 1 334 71 2569
157 276 1307 623 1429 10813 70 48 792 117 76 1 374 80 2663
154 264 1306 592 1430 10947 57 44 729 75 57 NA 352 73 2661
104 272 1259 578 1378 10733 29 50 711 118 68 1 363 75 2615
133 238 1221 504 1335 10889 44 41 726 149 74 1 356 75 2634
115 241 1247 531 1373 10892 54 39 680 150 71 1 347 68 2618
126 248 1290 607 1396 10855 56 42 684 119 64 NA 362 68 2667
105 284 1286 624 1375 10719 57 42 703 148 70 1 360 77 2647
