"kdkd" "kukd" "kuku" "pkd" "pku" "pp" "tdkd" "tdku" "tdp" "tdtd" "tukd" "tuku" "tup" "tutd" "tutu"
9 111 609 302 1014 3500 12 18 344 18 54 2 317 68 1534
11 101 577 270 987 3496 15 21 365 17 44 1 291 68 1487
10 90 636 249 906 3543 16 17 334 15 58 4 310 74 1450
8 95 584 233 868 3461 23 23 358 24 31 1 296 53 1569
6 86 606 236 1015 3544 20 28 342 20 55 0 300 63 1529
10 91 556 271 942 3497 13 11 312 7 48 NA 316 71 1625
5 88 594 249 955 3566 6 14 354 12 61 3 273 44 1431
14 73 580 279 1021 3478 17 25 341 11 39 0 348 71 1771
8 100 593 240 944 3522 27 26 366 17 54 NA 308 55 1607
10 91 528 220 940 3376 14 21 328 15 61 2 313 93 1425
17 102 610 261 977 3530 14 18 370 17 58 NA 318 30 1641
11 100 545 234 886 3476 14 17 323 17 64 NA 320 82 1593
8 81 600 236 1007 3533 11 9 370 11 45 0 323 76 1471
13 117 512 269 911 3528 15 22 371 17 63 5 277 73 1567
6 109 573 266 888 3493 19 22 336 14 57 2 313 36 1607
14 99 517 250 977 3509 14 22 340 10 53 2 301 55 1554
8 104 595 265 1013 3613 14 24 180 23 30 3 323 76 1581
10 86 583 253 960 3586 19 29 372 24 50 NA 336 61 1555
14 100 561 299 1017 3459 15 24 337 18 51 NA 339 53 1525
12 92 610 275 946 3412 12 18 316 24 69 2 308 70 1496
10 95 565 259 875 3556 16 6 340 23 65 NA 374 60 1427
10 86 586 242 927 3449 11 17 370 15 60 1 349 24 1553
17 97 657 258 1090 3515 10 25 344 16 62 NA 366 88 1671
12 112 616 259 955 3407 21 20 329 18 47 1 296 76 1494
13 84 558 237 1087 3445 12 28 338 15 62 3 372 71 1578
8 101 565 241 859 3410 17 16 354 8 48 0 324 84 1664
13 114 604 256 811 3494 14 19 356 23 44 1 391 67 1590
11 95 640 256 991 3666 13 8 365 8 57 0 300 68 1616
4 71 608 270 1025 3642 12 16 338 22 58 NA 266 74 1524
9 99 596 271 989 3516 12 20 370 22 52 1 265 69 1583
11 104 605 278 1005 3452 14 14 344 15 50 6 326 92 1483
8 116 626 247 977 3470 16 19 337 15 52 1 336 73 1512
9 86 631 251 1129 3673 16 19 339 15 45 NA 354 71 1577
10 101 559 223 979 3375 20 29 345 14 74 0 325 78 1518
11 93 599 238 981 3651 25 17 362 26 40 NA 337 57 1582
11 49 608 264 932 3483 22 27 349 22 49 NA 324 70 1360
10 114 725 237 1030 3383 11 23 354 18 47 0 298 81 1535
12 112 606 247 923 3493 11 23 384 12 50 0 317 48 1501
18 88 575 228 966 3392 13 23 399 13 49 1 286 36 1625
6 101 580 247 978 3609 18 12 329 17 53 NA 292 56 1559
11 107 646 274 959 3461 19 29 353 11 65 1 306 50 1517
10 91 551 254 854 3343 19 21 332 12 63 0 333 78 1572
12 105 569 237 999 3377 7 13 330 11 49 0 291 70 1564
16 48 582 272 880 3380 17 18 333 17 69 0 314 77 1526
11 89 587 255 942 3550 15 26 341 14 66 NA 301 61 1548
11 100 601 239 933 3374 11 18 327 18 66 1 291 64 1752
8 90 643 241 995 3423 16 28 357 15 46 NA 341 54 1550
13 94 600 244 1123 3550 23 25 329 18 65 0 291 70 1447
8 109 651 277 963 3434 21 34 331 13 46 NA 277 58 1599
11 110 539 262 1044 3521 14 10 368 28 56 NA 303 98 1407
20 124 568 253 947 3484 13 17 327 9 44 NA 323 55 1617
7 111 645 255 1008 3571 14 21 365 14 48 4 348 74 1570
9 107 637 258 943 3442 11 23 346 14 41 1 323 74 1526
12 110 667 251 1201 3623 12 21 339 13 46 3 322 61 1598
13 80 531 272 974 3518 15 16 353 27 54 1 342 61 1616
11 98 490 254 942 3525 17 15 373 20 41 NA 310 68 1508
15 91 586 244 1058 3553 11 27 332 15 56 NA 344 87 1540
14 87 607 218 906 3483 10 21 328 14 47 1 270 62 1548
12 98 586 253 859 3427 17 12 349 17 57 2 298 82 1695
9 80 615 262 962 3448 16 20 332 21 52 1 361 43 1387
15 88 663 261 936 3476 14 20 337 13 44 1 357 65 1547
11 100 630 251 930 3536 16 16 357 10 52 3 277 79 1510
11 101 594 263 970 3593 16 17 378 13 54 NA 302 73 1567
16 102 551 279 924 3447 9 15 383 16 61 NA 374 79 1533
15 106 548 249 862 3335 21 26 363 26 48 1 320 95 1607
14 76 576 251 906 3422 14 24 332 19 46 1 320 78 1674
10 111 576 242 876 3459 11 11 330 18 52 4 298 70 1430
11 107 587 226 1056 3473 16 22 331 24 60 1 295 75 1513
12 46 521 239 1034 3533 12 12 347 15 62 1 302 71 1448
15 107 586 245 1053 3529 12 18 317 19 43 2 294 49 1685
16 93 562 225 1029 3526 17 32 348 15 53 1 338 59 1674
10 108 639 251 969 3573 9 32 342 20 59 0 335 49 1499
9 90 583 261 982 3492 19 33 377 16 36 7 345 70 1685
12 125 535 249 974 3318 9 15 334 17 48 0 337 68 1647
8 104 585 246 1023 3496 19 19 392 15 44 2 175 66 1590
13 97 550 277 930 3564 18 14 345 17 59 NA 311 74 1481
12 133 604 295 1078 3670 23 20 323 8 65 6 304 68 1674
8 112 559 256 908 3485 14 14 370 21 57 0 326 92 1540
9 81 524 270 1016 3572 7 12 377 16 51 1 305 70 1527
12 106 574 261 999 3457 18 16 344 16 44 1 359 54 1499
12 83 573 259 958 3474 14 21 367 14 27 1 299 69 1623
13 132 660 268 1129 3563 14 17 320 19 57 0 264 64 1475
13 99 638 234 998 3530 25 18 349 18 63 3 333 59 1513
8 93 618 260 934 3458 13 17 357 17 57 8 283 63 1506
10 102 626 251 1062 3506 13 19 342 13 57 1 314 63 1521
3 87 632 235 1020 3555 15 22 368 17 50 1 322 73 1504
4 106 572 248 1025 3473 7 16 308 17 41 0 337 62 1638
19 125 585 250 851 3501 7 25 360 17 57 NA 304 78 1525
12 92 572 244 963 3500 15 23 325 25 57 NA 313 43 1633
15 105 589 275 953 3491 9 10 345 18 44 1 303 85 1500
5 105 633 260 1010 3611 11 12 350 11 39 NA 272 68 1646
15 107 561 235 865 3403 20 24 334 15 44 1 367 53 1614
12 102 635 250 941 3571 22 12 353 16 66 NA 368 62 1632
7 98 542 280 1074 3529 17 20 375 17 42 0 351 55 1527
13 82 517 260 836 3505 10 24 341 25 66 NA 338 60 1672
10 100 598 260 905 3554 22 29 346 11 47 NA 309 59 1560
7 108 554 246 974 3574 18 25 395 19 55 1 319 67 1459
11 84 565 258 952 3549 16 32 334 14 74 2 314 85 1505
9 82 641 235 1020 3491 15 15 293 17 58 1 331 83 1567
12 93 667 265 1204 3499 17 29 340 14 62 6 307 70 1514
