"kdkd" "kukd" "kuku" "pkd" "pku" "pp" "tdkd" "tdku" "tdp" "tdtd" "tukd" "tuku" "tup" "tutd" "tutu"
31 173 1033 426 1330 4698 72 45 604 240 78 1 426 109 2313
151 276 1175 512 1273 4770 47 35 614 170 122 1 347 97 2616
23 195 1050 433 1287 4595 76 39 562 247 86 1 401 123 2483
61 239 1064 440 1401 4610 53 32 590 189 89 3 407 90 2447
45 213 974 406 1279 4578 25 39 635 204 88 2 421 92 2576
50 207 982 458 1277 4706 81 26 602 160 121 2 428 96 2526
51 197 1031 429 1260 4579 47 32 577 192 87 NA 400 95 2469
75 261 1103 471 1348 4655 25 30 579 278 79 1 465 103 2517
46 224 1132 485 1346 4618 70 16 594 134 82 1 332 103 2509
70 200 947 418 620 4744 50 29 575 160 93 1 402 110 2330
40 185 1115 445 1325 4575 72 46 612 202 107 1 376 128 2446
58 195 1077 428 1412 4741 36 34 612 181 92 5 450 122 2539
35 240 1035 417 1448 4589 48 35 564 168 95 1 401 70 2563
55 217 1059 449 1277 4506 64 37 611 155 95 1 387 90 2621
50 247 1048 415 1366 4698 78 41 592 257 102 NA 387 127 2557
50 196 1092 413 1373 4566 55 44 634 100 105 1 346 105 2431
73 256 1133 487 1299 4586 18 28 536 182 101 3 374 121 2516
53 226 1078 469 1255 4637 20 35 620 115 95 2 425 89 2570
50 212 1065 455 1294 4529 43 28 609 128 115 1 367 97 2622
41 199 1112 439 1437 4565 66 42 597 96 105 6 423 122 2532
51 204 1063 527 1401 4714 61 33 643 96 92 NA 371 96 2494
42 210 997 446 1300 4781 48 23 601 118 97 1 389 79 2398
34 181 1147 476 1435 4541 69 37 555 142 100 NA 415 115 2515
47 204 1073 519 1349 4618 65 36 589 106 102 NA 421 96 2338
46 176 1132 441 1479 4565 40 19 574 173 78 5 383 115 2423
45 213 1018 422 1267 4523 55 40 547 159 105 1 448 87 2329
27 170 1056 460 1312 4529 27 23 549 165 71 1 410 107 2501
51 199 1036 475 1303 4629 49 39 606 100 102 NA 385 95 2544
74 228 1056 456 1248 4547 61 38 559 87 75 2 396 98 2543
35 198 1047 484 1276 4684 65 28 618 113 110 NA 423 110 2469
40 188 1000 409 1428 4618 58 23 566 203 89 3 453 100 2446
102 237 1110 487 1389 4537 20 35 565 169 75 NA 446 126 2470
96 194 976 461 1282 4610 47 37 622 192 99 1 405 111 2478
80 199 1117 429 1399 4698 74 44 587 144 112 NA 449 107 2459
39 180 1004 444 1301 4572 59 37 581 112 81 3 358 100 2382
27 178 974 415 1456 4688 44 22 621 104 94 NA 415 79 2560
43 240 1034 470 1220 4468 67 26 568 186 77 3 425 112 2438
90 220 1009 476 1352 4633 29 21 584 96 85 2 393 89 2537
61 196 1192 448 1393 4671 86 35 626 139 103 1 380 71 2582
87 188 1038 459 1169 4722 66 38 649 101 110 NA 455 109 2592
44 215 1072 443 1237 4701 98 35 613 261 120 3 470 104 2480
36 233 1161 452 1346 4464 56 64 546 84 77 1 391 93 2625
40 219 987 484 1316 4635 46 48 549 166 90 3 432 83 2426
67 171 1041 481 1467 4796 41 26 552 210 91 1 405 80 2640
42 218 1058 444 1212 4578 66 45 624 164 95 1 381 102 2493
53 205 1079 450 1489 4754 66 29 602 104 107 1 433 139 2625
40 216 1073 446 1321 4554 41 28 564 93 90 7 411 107 2628
102 236 1002 467 1210 4557 53 28 537 102 106 1 407 94 2648
77 191 1133 467 1407 4752 65 22 586 134 87 NA 404 99 2479
63 211 1049 436 1344 4714 85 44 590 127 92 NA 396 89 2411
71 228 1039 520 1226 4363 53 31 577 179 89 1 366 102 2438
95 242 1007 515 1415 4724 43 37 555 239 90 NA 373 131 2552
60 176 936 425 1316 4581 17 22 632 103 102 2 406 74 2461
42 210 1064 418 1444 4597 79 42 561 161 121 NA 475 96 2506
55 261 997 456 1267 4557 72 35 565 98 88 NA 410 103 2300
54 201 1011 482 1212 4447 47 39 513 189 92 NA 398 100 2557
65 241 1070 467 1434 4643 57 29 564 153 79 2 363 113 2412
37 213 1024 465 1256 4587 57 29 527 149 78 NA 398 113 2426
80 227 1155 454 1389 4603 47 33 544 134 95 NA 413 112 2529
63 268 1102 534 1418 4619 58 23 548 184 94 NA 462 93 2331
81 216 1077 466 1297 4673 69 38 662 184 94 NA 393 78 2389
33 181 1029 461 1447 4718 60 31 548 260 98 2 419 84 2472
67 210 1125 408 1405 4697 60 40 629 229 81 NA 376 102 2451
32 194 1146 416 1305 4539 77 18 597 156 97 3 393 129 2591
59 232 1028 444 1327 4700 48 35 537 149 94 4 410 80 2481
44 209 1073 414 1410 4638 25 36 617 253 104 NA 441 102 2445
36 216 1026 465 1245 4571 72 43 580 166 102 NA 395 74 2416
61 192 1094 439 1382 4619 63 36 568 205 94 NA 408 117 2480
55 221 1111 433 1193 4448 45 17 605 213 94 NA 399 99 2683
52 239 1038 481 1369 4673 37 27 580 181 97 2 381 103 2373
24 167 1019 441 1343 4630 57 34 588 123 97 1 406 100 2476
58 188 1029 462 1408 4711 57 39 581 174 89 2 419 133 2514
36 209 1065 444 1356 4543 44 29 556 139 71 1 420 115 2448
30 174 1104 460 1452 4571 66 51 628 115 95 5 402 80 2518
43 209 981 471 1406 4526 70 23 603 169 92 1 409 84 2482
61 214 1080 416 1259 4583 59 35 658 171 81 NA 435 91 2653
53 209 1013 499 1360 4674 33 33 611 162 83 2 427 113 2508
59 200 1122 421 1534 4782 75 21 680 142 88 7 436 103 2475
42 209 1035 464 1366 4656 49 41 549 212 83 1 402 80 2609
65 199 1035 436 1249 4559 41 46 597 117 94 NA 385 99 2525
53 255 1128 480 1388 4662 79 57 633 269 82 1 414 87 2605
41 269 1117 473 1391 4634 53 31 552 98 109 1 386 96 2272
64 242 1059 454 1378 4919 65 31 633 101 91 7 428 106 2702
53 236 1044 477 1297 4747 42 33 584 145 87 2 336 111 2441
56 220 1059 484 1354 4629 56 26 600 221 102 NA 435 99 2439
64 218 1032 431 1239 4548 54 24 590 107 91 1 392 96 2484
46 203 1138 419 1306 4693 51 39 586 133 97 NA 432 120 2374
49 234 1090 497 1277 4712 71 26 630 127 86 NA 391 101 2576
68 200 985 427 1391 4634 61 48 591 161 95 NA 415 108 2608
27 195 1031 432 1295 4539 57 24 679 102 98 5 382 85 2427
43 205 1065 457 1240 4626 56 29 580 239 102 1 369 107 2552
39 195 1076 436 1469 4722 76 33 577 194 99 2 408 99 2352
49 219 1036 422 1234 4502 54 20 623 114 96 2 433 105 2525
42 188 1036 415 1285 4553 36 28 598 114 105 8 389 87 2587
47 182 1077 420 1353 4473 49 30 570 113 87 NA 379 43 2438
78 181 1036 471 1273 4608 57 34 567 142 105 2 433 121 2435
56 220 1090 462 1405 4634 69 38 516 172 124 NA 387 93 2519
41 247 969 493 1421 4638 50 20 611 294 76 1 384 102 2426
82 223 1086 459 1393 4634 29 18 540 123 107 NA 407 91 2438
68 232 986 449 1323 4703 64 39 567 172 118 NA 405 91 2558
