"kdkd" "kukd" "kuku" "pkd" "pku" "pp" "tdkd" "tdku" "tdp" "tdtd" "tukd" "tup" "tutd" "tutu" "tuku"
70 217 1012 449 1231 4225 53 27 530 179 104 378 90 2472 NA
55 199 1001 187 1187 4404 42 21 549 130 98 322 108 2626 NA
67 155 965 408 1054 4312 55 42 546 173 113 389 73 2568 3
42 187 1034 395 1242 4270 89 36 607 115 108 366 95 2647 NA
70 166 939 369 1302 4487 41 28 537 145 75 418 73 2441 NA
44 172 964 378 1217 4354 48 17 549 175 76 394 116 2579 1
29 168 1037 427 1234 4267 23 21 562 66 74 359 75 2424 NA
48 195 1010 430 1252 4405 39 28 533 146 100 394 92 2588 NA
76 212 1054 447 1350 4271 55 20 550 123 92 409 75 2371 2
67 197 1039 431 1121 4305 61 29 570 126 88 419 67 2554 3
53 187 974 469 1296 4474 59 45 656 120 105 351 92 2536 NA
47 208 1050 365 1303 4391 37 29 621 178 68 383 85 2471 1
55 215 1074 436 1380 4455 63 39 492 163 84 392 95 2418 NA
26 153 959 464 1259 4272 48 29 565 134 85 387 80 2660 NA
17 177 984 387 1261 4441 36 31 507 100 77 383 91 2498 1
48 201 999 401 1163 4450 37 27 521 209 88 416 101 2437 1
44 179 1014 404 1238 4394 29 40 536 115 94 422 109 2469 5
41 200 961 451 1398 4540 30 30 541 164 88 404 89 2550 3
25 170 1054 384 1356 4460 35 31 536 133 100 378 52 2499 NA
51 179 949 437 1191 4492 35 28 574 89 83 421 108 2444 1
25 184 1017 458 1281 4409 62 23 503 169 92 378 100 2683 NA
73 218 1020 456 1284 4347 38 40 596 149 71 404 78 2572 2
37 184 1007 428 1383 4449 39 21 515 193 90 409 94 2592 1
51 183 971 361 1138 4319 62 25 558 98 101 405 69 2476 NA
36 204 977 414 1178 4468 54 44 568 91 69 358 62 2377 NA
50 184 1032 356 1289 4416 40 27 558 101 72 387 70 2597 3
34 198 964 467 1299 4412 40 27 587 116 72 356 63 2505 NA
27 143 1030 392 1265 4492 50 27 527 86 100 403 85 2363 3
39 171 1009 362 1103 4289 37 42 546 233 111 447 78 2503 NA
53 178 1046 437 1326 4276 88 32 554 243 96 440 97 2659 3
70 208 1010 428 1220 4338 70 33 603 111 101 373 87 2557 1
50 173 906 417 1295 4481 49 33 594 119 77 391 71 2473 NA
36 170 1062 416 1255 4261 49 33 537 195 96 447 107 2621 1
66 183 1014 430 1181 4335 40 31 582 179 98 404 106 2476 2
36 192 960 474 1262 4477 72 12 513 150 88 412 81 2486 NA
45 203 985 395 1200 4292 48 27 510 141 83 412 83 2570 NA
46 186 1058 437 1353 4222 35 22 506 138 76 298 87 2399 2
51 83 957 378 1228 4307 24 32 548 184 96 476 100 2455 1
48 178 1032 390 1271 4313 57 34 549 159 84 208 99 2470 4
46 185 1074 386 1319 4370 19 44 570 114 95 440 74 2636 NA
61 213 1030 394 1301 4519 68 36 566 185 93 400 72 2489 1
35 180 961 356 1256 4460 32 23 556 145 85 364 65 2351 1
62 168 1003 404 1264 4407 45 32 533 142 108 340 67 2734 2
86 217 1043 422 1205 4474 51 32 521 201 79 199 91 2497 1
69 185 984 205 1277 4394 50 21 574 102 78 404 75 2436 1
51 214 1087 412 1419 4486 40 37 552 107 89 390 103 2606 NA
43 193 1072 419 1292 4241 44 26 553 161 106 359 75 2511 NA
71 206 1024 445 1207 4359 55 21 491 143 105 369 108 2480 4
23 202 1023 420 1300 4494 41 16 552 110 70 375 103 2612 NA
53 203 1039 422 1309 4252 57 24 495 87 91 397 105 2589 3
75 226 1089 419 1147 4202 60 37 580 176 71 401 102 2432 3
46 220 996 423 1082 4401 37 39 556 140 84 195 64 2576 1
37 203 992 443 1396 4465 58 27 539 159 88 373 69 2374 2
87 200 1005 458 1421 4545 64 33 587 80 90 405 76 2494 1
32 185 1074 428 1277 4303 70 32 540 176 88 408 76 2291 NA
32 183 1043 432 1316 4337 47 25 569 125 81 399 69 2341 3
71 193 973 415 1219 4400 105 34 547 83 88 395 78 2571 NA
59 192 1010 439 1262 4491 30 33 560 171 82 403 105 2540 NA
60 190 943 481 1344 4434 47 37 577 117 82 372 72 2550 1
52 175 980 385 1272 4355 51 37 576 82 90 434 102 2670 1
53 175 1002 398 1168 4173 45 27 549 157 88 424 79 2514 NA
33 174 1045 453 1222 4371 33 30 570 96 92 422 61 2594 NA
28 203 898 392 1183 4231 38 49 546 188 77 383 99 2535 2
63 212 953 455 1277 4665 54 34 537 163 106 417 79 2600 1
42 176 974 378 1246 4430 31 32 562 87 101 407 28 2458 2
62 162 932 214 1224 4621 95 30 599 104 101 365 91 2622 NA
21 165 981 431 1233 4388 71 27 500 111 94 385 88 2612 NA
57 158 1083 362 1325 4557 73 36 568 119 79 390 95 2439 3
45 195 1060 423 1222 4378 49 47 575 123 94 376 83 2421 1
29 185 1034 397 1252 4228 54 32 585 126 82 385 74 2502 4
46 212 1019 425 1332 4446 51 34 579 105 88 411 84 2581 1
51 142 951 391 1120 4167 50 34 590 99 73 430 77 2479 1
75 194 1003 405 1136 4357 58 46 531 165 77 415 98 2634 NA
24 182 1052 361 1312 4468 58 22 553 105 90 382 72 2611 2
22 164 1015 381 1283 4226 72 45 592 125 85 406 77 2594 NA
43 213 1053 408 1192 4291 57 37 546 155 66 422 100 2410 NA
72 156 1014 493 1247 4483 68 34 559 126 86 416 78 2512 2
52 177 957 419 1283 4388 29 23 480 85 112 382 81 2549 NA
62 197 1019 430 1207 4228 31 33 544 131 74 468 72 2400 1
51 220 1014 436 1298 4519 71 39 603 126 77 352 75 2366 NA
50 208 986 442 1205 4101 37 26 545 267 73 405 63 2428 4
37 191 1013 375 1196 4383 32 28 633 150 98 389 96 2396 NA
46 163 1095 405 1405 4563 66 34 585 145 101 435 86 2350 1
54 159 1034 403 1250 4486 44 41 603 176 94 386 107 2662 1
64 187 979 397 1303 4479 48 30 545 173 98 375 71 2584 NA
34 189 960 439 1323 4395 57 21 550 111 93 441 74 2559 3
45 193 958 395 1245 4316 89 15 662 152 89 416 86 2435 1
72 215 930 393 1230 4398 48 35 551 105 97 403 105 2223 2
47 158 1006 398 1235 4350 52 21 561 100 61 424 94 2641 1
51 192 985 414 1211 4430 53 30 557 120 96 397 94 2508 NA
36 170 1032 421 1206 4212 25 36 502 191 104 377 66 2478 1
56 189 998 458 1303 4509 48 12 512 154 89 399 88 2654 2
57 177 973 418 1267 4294 49 36 503 150 81 428 96 2576 NA
56 142 914 387 1127 4372 46 41 531 219 95 371 88 2640 1
25 191 1065 412 1311 4362 61 33 534 105 103 409 60 2554 NA
50 193 933 402 1276 4517 31 37 625 113 94 369 89 2347 5
59 196 1016 419 1132 4288 92 37 548 186 102 364 88 2445 NA
83 202 1018 423 1299 4460 53 29 559 95 96 416 66 2694 1
65 201 875 431 1215 4408 56 35 524 97 92 397 100 2575 NA
59 169 1070 404 1277 4344 43 31 518 107 57 428 106 2440 NA
