"kdkd" "kukd" "kuku" "pkd" "pku" "pp" "tdkd" "tdku" "tdp" "tdtd" "tukd" "tup" "tutd" "tutu" "tuku"
38 115 499 252 597 2322 30 22 272 37 58 194 29 1090 NA
16 100 497 226 706 2245 28 13 253 43 62 194 40 1033 2
14 98 516 239 675 2322 14 12 236 62 20 196 54 1065 NA
26 137 524 278 692 2390 15 13 260 42 45 188 27 998 NA
55 123 478 238 642 2471 15 9 282 43 50 182 42 1055 NA
28 113 552 234 679 2408 28 17 270 86 31 190 39 1098 1
25 127 503 261 635 2371 29 12 299 56 50 218 41 1110 NA
33 143 539 243 652 2388 28 14 237 97 46 208 45 1124 NA
12 140 505 217 707 2267 38 24 274 49 44 185 33 974 NA
32 120 484 235 627 2224 27 15 257 64 36 160 40 1064 NA
49 130 570 238 745 2320 19 10 248 24 68 207 51 1006 1
38 101 554 218 687 2445 21 11 259 31 47 191 55 1047 1
49 113 470 255 705 2478 16 18 256 71 40 184 37 978 NA
26 114 510 254 633 2393 30 21 253 45 65 218 52 1099 2
29 88 478 251 672 2403 19 25 283 36 49 191 37 1139 1
45 97 500 232 672 2471 13 9 241 89 64 212 43 1075 3
52 158 592 267 755 2439 26 12 254 107 19 220 40 1049 NA
35 101 540 250 740 2274 27 20 265 44 45 167 50 1052 NA
11 101 472 272 648 2406 57 20 286 30 44 204 37 1187 3
46 108 514 265 655 2276 26 11 281 49 53 181 40 995 3
26 118 489 266 659 2373 16 18 263 33 56 172 51 1054 1
62 140 595 224 675 2259 32 17 273 58 35 198 52 1106 NA
26 133 496 261 701 2306 21 9 242 37 53 189 31 1086 1
12 102 572 241 681 2235 24 15 239 78 61 146 44 1120 2
17 115 635 239 652 2454 32 16 303 36 37 210 36 1056 5
61 133 551 220 684 2366 33 15 262 73 47 181 52 1033 1
42 132 545 253 687 2370 43 18 229 66 47 184 62 1058 1
31 111 535 230 677 2346 20 17 247 62 36 196 51 1010 NA
40 121 559 253 663 2406 27 14 269 49 54 172 47 1114 NA
28 96 542 302 642 2308 49 22 269 49 34 189 52 1122 1
30 122 572 226 666 2301 18 14 243 21 42 184 52 1069 NA
20 113 548 245 738 2321 35 8 253 27 49 200 58 1027 NA
21 104 517 229 703 2398 17 9 269 50 52 156 40 1009 NA
23 110 537 221 638 2409 25 9 282 73 45 203 43 1072 NA
10 107 521 184 626 2358 56 24 264 48 58 172 65 1096 1
41 134 533 255 668 2392 21 13 249 25 48 200 38 1129 NA
44 110 554 223 715 2391 32 14 272 44 34 182 53 1079 NA
14 116 524 235 655 2283 25 11 266 34 23 184 35 1126 1
37 87 540 245 731 2371 15 21 228 40 51 197 35 1172 1
23 130 554 230 634 2308 19 14 251 55 38 217 46 1088 1
31 121 527 273 655 2307 16 16 237 45 51 164 47 1136 NA
36 137 481 233 702 2337 34 9 260 50 34 168 44 1129 NA
28 111 558 247 659 2370 26 15 262 85 56 185 52 1066 NA
15 114 539 242 643 2296 17 6 286 29 53 193 55 980 1
24 104 537 216 733 2289 24 18 244 59 44 178 44 1071 NA
27 119 506 219 715 2290 19 12 250 65 38 179 57 1078 3
23 120 555 132 579 2083 33 18 251 28 52 214 33 1024 NA
26 108 499 248 700 2316 23 21 302 17 39 194 36 1069 NA
4 98 546 222 688 2370 13 25 301 121 50 168 60 1049 NA
37 112 502 223 594 2389 32 18 286 45 54 217 41 1062 3
44 134 568 268 662 2294 24 11 253 47 48 166 43 1225 1
39 106 522 227 651 2266 34 20 283 63 46 167 49 1091 NA
15 103 473 253 667 2447 38 13 276 66 44 221 39 1013 NA
59 139 553 273 619 2243 40 10 288 41 29 231 50 1124 NA
29 84 577 231 738 2376 25 4 270 82 38 161 44 1056 NA
41 159 513 239 703 2311 32 11 259 49 59 191 49 1050 NA
13 107 503 278 656 2272 28 12 222 50 45 215 18 1129 3
32 102 494 250 664 2271 5 13 203 35 41 175 32 1042 NA
32 101 550 243 625 2290 7 20 278 50 81 209 41 955 NA
24 98 575 265 705 2377 35 7 268 63 47 179 33 1010 NA
37 115 555 233 658 2355 33 12 235 72 46 181 30 994 1
42 114 487 270 741 2440 31 14 266 66 55 166 38 1018 1
42 123 559 117 360 2343 11 12 295 63 53 176 42 1056 1
52 163 537 275 630 2333 22 15 288 56 37 167 51 928 NA
28 136 545 291 631 2430 41 22 290 94 58 158 41 1046 1
25 113 513 239 676 2337 21 12 274 22 39 182 54 1121 NA
36 109 517 252 698 2397 23 24 267 100 58 201 48 984 3
60 104 509 259 656 2333 29 17 286 71 38 207 31 997 NA
19 146 513 266 698 2270 63 15 306 64 49 183 42 1114 3
44 105 508 248 727 2460 37 16 249 92 46 208 67 1080 NA
22 127 580 237 647 2340 29 14 279 84 47 171 46 1036 NA
21 94 547 125 642 2420 22 23 252 26 43 181 34 1080 1
46 102 535 253 635 2394 15 12 280 42 34 187 40 1026 NA
27 92 534 250 687 2243 26 13 293 48 48 181 60 1074 NA
112 122 460 319 650 2213 38 21 224 57 44 176 23 1050 3
34 111 590 285 688 2382 26 19 264 23 42 160 42 1028 1
32 89 527 231 637 2220 21 16 248 50 53 213 32 1045 NA
22 126 513 249 656 2379 29 10 256 78 37 194 55 993 NA
44 114 529 266 649 2300 22 19 293 26 58 222 45 1088 NA
43 129 612 219 696 2382 41 16 227 129 44 168 40 1041 2
17 119 509 243 638 2302 18 14 273 75 44 175 45 1026 NA
11 102 590 235 721 2412 34 24 290 45 60 204 42 957 NA
35 132 550 222 650 2234 41 12 259 190 48 175 40 1047 NA
43 63 474 269 636 2306 20 14 249 60 48 160 41 1130 NA
20 98 618 183 675 2360 16 14 249 31 49 188 33 1099 NA
49 100 566 213 748 2288 33 24 276 64 49 201 30 1109 NA
44 156 540 248 653 2306 60 25 293 91 56 179 47 1091 1
35 123 554 252 688 2503 33 8 250 37 56 159 33 1006 1
30 125 575 207 347 2435 25 19 326 52 42 195 47 1064 1
25 106 513 231 616 2285 20 8 262 54 64 216 43 1040 NA
19 138 558 231 666 2347 34 22 274 43 58 165 41 1038 1
36 127 550 264 707 2405 32 7 299 50 46 204 36 1076 3
21 133 517 260 670 2400 25 14 298 24 52 157 43 1099 1
25 128 545 251 761 2336 24 18 222 24 51 164 30 969 NA
24 109 506 265 650 2474 47 14 250 62 49 201 54 1032 1
20 120 534 296 341 2440 29 25 261 33 32 189 40 1083 2
28 130 541 235 669 2377 26 9 317 63 52 87 18 1048 NA
40 128 515 242 579 2302 31 18 269 40 41 187 41 1111 NA
7 43 483 237 670 2353 12 18 243 37 26 204 42 1086 NA
17 95 471 217 677 2473 42 12 244 37 49 183 34 1046 NA
