"kdkd" "kukd" "kuku" "pkd" "pku" "pp" "tdkd" "tdku" "tdp" "tdtd" "tukd" "tup" "tutd" "tutu" "tuku"
50 90 300 150 396 1441 19 7 154 22 37 100 21 631 NA
8 57 318 168 357 1504 14 8 150 16 31 109 25 619 NA
18 82 317 150 342 1399 10 7 152 27 16 115 24 593 NA
25 65 291 157 406 1381 17 12 154 8 26 108 15 624 NA
35 73 282 159 385 1465 13 5 173 63 24 112 11 676 NA
21 70 315 194 380 1542 22 18 157 8 33 90 19 589 1
61 102 333 147 400 1406 15 7 148 7 15 103 20 567 NA
57 92 307 190 415 1536 10 11 169 42 41 102 36 619 1
10 67 270 137 360 1384 48 11 174 24 24 115 33 625 2
25 84 298 147 399 1483 11 7 149 32 23 97 16 555 1
53 71 306 142 373 1416 18 7 154 32 27 106 25 588 NA
4 54 324 147 388 1404 15 9 138 65 31 109 23 612 NA
27 87 321 176 414 1436 16 5 202 8 20 124 26 592 NA
21 66 349 165 408 1429 9 1 169 21 38 56 26 623 NA
13 67 300 162 383 1450 18 6 180 22 26 130 34 584 1
29 75 360 146 396 1460 5 4 168 17 22 99 49 621 NA
12 83 308 138 404 1408 11 13 155 24 25 102 27 604 1
37 99 358 157 404 1473 29 9 179 20 32 126 31 547 1
20 74 333 168 464 1564 20 13 164 35 29 89 14 584 NA
12 69 289 151 418 1416 27 7 170 22 26 102 15 566 NA
35 69 325 158 398 1442 7 11 159 14 38 84 28 577 NA
29 83 376 183 385 1473 72 7 178 19 29 114 18 584 NA
12 47 279 159 355 1450 21 11 149 22 31 101 35 638 NA
54 100 350 204 392 1436 12 7 167 33 32 109 23 650 NA
25 85 339 157 417 1485 16 6 145 23 35 93 34 533 NA
36 63 323 144 392 1527 8 7 155 30 21 105 15 644 1
6 32 354 158 416 1453 17 6 165 29 24 137 29 648 NA
37 105 325 181 432 1517 21 3 144 18 22 118 28 609 NA
19 84 305 135 374 1435 15 12 143 20 26 95 18 588 NA
4 51 318 130 389 1464 11 4 153 20 25 109 15 611 NA
55 103 372 205 409 1432 38 13 165 10 15 132 16 645 NA
8 86 305 149 395 1423 17 12 139 26 21 132 27 515 NA
45 95 326 169 371 1504 16 10 139 44 26 84 10 572 NA
24 74 313 157 398 1466 25 5 146 25 31 104 24 606 NA
36 82 301 160 387 1441 19 13 140 25 33 111 20 618 NA
16 96 331 160 412 1496 53 8 180 7 33 59 26 583 NA
19 80 369 132 397 1455 5 3 143 30 16 117 28 589 1
21 71 318 174 393 1377 15 9 136 39 32 112 21 595 NA
37 83 352 157 342 1426 12 11 146 27 35 98 19 589 NA
19 78 314 167 406 1531 17 11 133 27 25 105 18 530 NA
14 75 329 174 389 1532 40 9 177 46 41 99 32 556 NA
21 49 351 119 417 1462 22 6 147 31 12 116 19 608 NA
20 100 370 158 399 1429 20 7 148 42 28 106 27 596 NA
9 65 307 168 345 1474 17 7 163 24 35 104 21 576 NA
23 69 309 129 394 1392 25 7 155 16 28 94 24 609 NA
8 52 335 139 333 1395 18 8 148 18 39 102 18 580 1
9 70 327 156 395 1529 20 4 166 37 32 120 27 625 NA
54 84 320 159 392 1381 2 7 138 35 31 104 21 627 NA
29 86 313 156 433 1450 25 7 160 28 32 91 28 576 NA
21 64 325 160 383 1436 17 2 128 31 29 84 26 533 NA
27 53 325 161 392 1471 24 11 148 17 33 131 23 602 1
29 89 307 165 410 1356 12 5 156 45 28 110 19 633 1
28 87 293 138 379 1435 17 6 153 23 17 124 25 582 NA
18 73 339 146 393 1377 20 12 157 96 25 127 20 636 NA
53 83 346 171 401 1378 6 7 164 92 34 81 24 599 NA
31 78 325 117 405 1382 9 6 164 26 45 107 16 520 NA
23 71 337 159 398 1425 37 7 169 19 32 103 18 615 NA
12 78 346 165 447 1478 30 9 190 23 27 100 33 643 NA
25 62 319 167 399 1562 17 10 163 8 13 94 28 655 NA
1 56 318 156 396 1477 17 6 182 8 32 118 20 600 3
17 79 372 140 470 1512 22 12 136 37 40 108 20 601 1
38 88 290 172 395 1287 12 5 150 58 38 95 31 614 NA
12 77 336 156 368 1415 18 12 166 29 25 107 32 599 NA
12 75 346 177 390 1434 9 2 148 16 34 116 32 567 NA
2 70 333 146 390 1569 25 12 162 17 43 107 25 659 NA
29 74 287 149 394 1456 11 10 159 31 34 109 18 613 NA
34 69 327 192 439 1477 7 3 145 34 37 89 24 599 1
20 75 343 137 381 1409 6 1 167 11 27 131 25 608 NA
17 81 306 156 366 1457 18 4 184 23 29 120 25 545 NA
7 34 329 126 434 1450 23 7 148 28 33 123 22 602 NA
12 59 294 159 391 1439 17 12 187 37 33 113 21 667 1
28 59 339 156 433 1470 10 12 169 14 24 64 22 585 1
35 89 287 168 391 1466 12 12 165 29 23 103 20 597 NA
9 79 356 176 425 1470 26 10 142 20 23 100 23 658 NA
15 76 373 138 421 1468 7 6 142 115 35 112 24 650 1
22 79 306 161 424 1468 10 5 165 12 26 122 25 627 NA
30 83 314 189 416 1454 35 8 160 29 32 132 18 568 NA
20 65 299 161 385 1432 19 9 147 12 25 127 13 555 NA
45 80 319 184 433 1460 12 3 150 48 27 111 18 615 NA
20 69 287 159 408 1410 30 13 176 20 20 123 21 574 NA
33 66 317 160 402 1489 33 9 166 35 21 122 15 611 2
21 77 326 144 407 1388 6 14 160 45 39 106 33 662 NA
15 50 279 152 428 1415 22 7 145 5 36 122 25 651 NA
16 49 298 125 361 1470 19 13 169 13 21 116 27 625 NA
12 66 327 75 389 1400 4 11 130 17 31 117 33 591 1
17 82 324 147 444 1522 5 9 165 64 26 96 23 623 NA
33 100 310 168 400 1388 10 3 145 42 21 100 26 610 NA
15 58 312 145 387 1428 11 15 162 6 26 120 32 546 NA
36 56 282 157 411 1461 26 10 168 7 24 110 24 661 NA
18 82 322 162 199 1442 24 4 152 19 26 129 19 610 NA
43 96 296 178 401 1443 15 14 159 31 36 89 26 676 NA
16 48 246 151 342 1483 16 17 175 72 20 114 22 600 NA
5 63 312 129 402 1461 35 4 160 27 37 130 38 620 NA
4 62 335 162 515 1418 6 4 133 37 26 93 22 603 NA
21 66 309 138 426 1402 9 6 128 27 31 122 22 559 NA
23 95 331 135 392 1418 23 14 176 43 26 103 23 595 NA
13 60 326 135 415 1477 8 5 142 38 32 103 13 617 NA
6 75 293 166 172 1397 29 7 116 53 33 88 10 588 1
8 67 335 144 366 1418 10 4 143 34 21 94 22 513 1
27 88 312 198 415 1472 17 3 143 58 15 109 9 605 NA
