"kdkd" "kukd" "kuku" "pkd" "pku" "pp" "tdkd" "tdku" "tdp" "tdtd" "tukd" "tuku" "tup" "tutd" "tutu"
51 239 1505 567 1880 6073 86 43 714 141 157 2 597 136 4156
59 288 1558 556 1779 5882 84 31 776 231 99 2 549 145 4337
58 275 1544 598 1756 6085 62 48 723 249 135 NA 599 127 4204
56 250 1453 602 1899 6181 33 40 724 162 158 3 614 123 4335
61 284 1478 589 1801 6202 86 31 729 207 129 1 613 141 4296
58 287 1418 540 1973 6086 64 35 760 238 161 NA 659 138 4155
70 284 1382 592 1805 5982 63 33 854 188 144 NA 592 140 4073
71 263 1459 566 1703 6179 94 63 732 300 128 NA 594 154 4119
60 247 1556 578 1814 5890 76 43 776 234 126 1 654 140 4183
101 262 1477 542 1742 6157 64 47 745 122 138 5 590 142 4088
73 302 1510 583 1777 6059 65 49 730 256 131 2 591 136 4262
98 226 1406 542 1684 5936 64 65 789 147 136 1 523 140 4151
40 272 1436 553 1764 6066 59 34 772 160 144 NA 628 108 4144
74 138 1438 636 1913 6147 75 50 741 168 98 NA 594 125 4218
73 307 1643 582 1901 6210 83 63 761 226 157 NA 559 122 4137
44 241 1494 550 1857 5988 88 43 782 261 160 2 586 104 4278
88 272 1511 596 1831 6040 76 46 841 197 109 NA 598 117 3970
31 311 1368 565 1695 6078 39 39 699 174 113 1 604 150 4284
35 253 1416 569 1681 6149 83 37 785 166 133 4 565 156 4207
48 226 1499 547 1733 5863 81 53 794 168 110 NA 626 139 4168
68 224 1499 595 1733 6082 98 28 823 164 138 7 613 160 4343
113 255 1406 601 1734 6176 71 47 764 149 138 1 583 147 4187
95 282 1555 518 1850 6252 69 52 730 172 134 NA 648 147 4217
51 306 1508 602 1717 5925 52 57 713 152 139 1 545 127 4199
37 287 1527 590 1702 6091 44 40 722 173 169 1 568 127 3958
88 287 1548 626 1867 5900 69 45 756 190 62 2 588 134 4158
54 260 1474 617 1686 6000 79 45 782 252 155 3 642 122 4041
63 281 1630 564 1845 6092 62 54 815 177 116 1 597 139 4219
71 275 1364 606 1785 6129 68 44 785 189 164 2 609 117 3932
65 281 1506 548 1898 6139 64 50 706 196 135 1 675 119 4042
96 258 1428 669 1697 6072 56 45 794 184 127 1 647 139 4386
72 290 1451 593 1809 6127 61 40 780 148 158 NA 585 121 4269
57 283 1521 558 1842 5865 60 39 798 225 111 3 553 113 4241
65 273 1505 570 1749 6228 67 47 731 240 78 2 634 145 4185
41 262 1374 564 1871 6097 60 37 754 266 139 2 653 148 4179
64 150 1447 590 1878 6256 113 56 884 164 140 NA 592 123 4016
50 274 1451 601 1782 6055 92 46 763 177 135 5 595 128 4194
89 279 1424 576 1746 5986 68 45 837 154 119 NA 613 141 4126
68 260 1532 586 1766 6014 54 58 716 181 150 1 606 134 4161
71 263 1486 605 1760 5967 73 52 773 168 111 1 659 117 4210
71 258 1517 585 1696 6003 51 48 747 164 153 1 568 126 4240
51 288 1367 590 1745 5961 67 49 711 206 153 3 600 153 4162
144 289 1514 594 1881 6029 56 18 757 165 140 NA 607 125 4345
104 250 1428 595 1784 6199 62 63 756 231 146 NA 553 118 4305
48 284 1500 571 1810 5883 65 48 660 152 151 1 538 108 4202
90 265 1505 599 1918 6332 75 48 674 234 128 1 630 77 3885
92 305 1452 671 1867 5930 83 49 740 119 126 1 652 158 4155
68 264 1452 553 1838 5931 70 34 706 216 158 2 593 129 4064
72 265 1401 563 1679 5810 90 30 775 160 135 7 624 114 3932
56 295 1372 589 1807 6219 69 50 760 191 66 3 628 166 4274
46 288 1396 535 1819 6061 68 53 695 160 123 1 681 132 4026
76 261 1474 569 1874 6238 62 42 740 165 152 2 563 150 4176
62 283 1463 626 1893 5928 49 51 759 294 67 1 612 109 4162
82 275 1506 591 1827 5933 68 33 824 202 165 1 679 121 4046
81 258 1339 584 1765 6126 91 44 791 201 120 1 634 141 4124
69 236 1422 562 1750 6088 56 56 788 158 129 NA 625 129 4433
104 287 1420 538 1852 6117 73 41 738 155 160 1 609 167 4292
62 241 1352 476 1631 6033 33 43 881 153 131 2 626 106 4070
68 270 1455 562 1764 6102 85 45 731 334 125 3 617 136 4351
66 261 1410 630 1807 6196 45 37 756 171 141 1 572 124 4181
64 236 1479 530 1749 5984 45 36 703 178 176 3 641 157 4134
88 286 1418 495 1847 6209 53 55 762 201 131 1 620 121 4362
74 278 1452 609 1880 6084 81 47 721 196 133 1 684 59 4279
89 239 1441 583 1737 6047 67 36 754 180 131 2 549 105 4278
93 248 1532 592 1664 5850 65 40 719 310 139 1 615 121 4276
78 267 1402 574 1675 6007 66 42 788 265 160 8 621 109 4304
60 291 1465 541 1922 6153 34 26 689 184 138 4 621 123 4015
92 291 1587 283 1944 6082 80 43 753 130 149 NA 583 98 4241
38 305 1562 665 1994 6085 47 41 702 133 152 1 605 116 4175
42 275 1503 255 2065 6160 53 35 717 189 120 3 639 93 4167
89 312 1486 580 1919 6342 74 16 768 209 138 2 616 138 4137
57 295 1499 599 1725 6014 70 37 707 183 141 NA 632 108 4110
62 300 1436 593 1738 6070 75 59 754 208 137 5 668 129 4206
70 299 1403 594 1769 6082 57 12 734 192 150 NA 669 124 4264
53 206 1444 526 1804 6069 55 45 754 167 113 3 628 138 4195
47 241 1513 555 1805 6101 62 42 732 180 127 1 578 124 4232
61 305 1526 623 1795 5986 53 34 724 272 123 NA 576 152 4062
71 261 1401 582 1828 6082 94 58 734 215 149 3 562 73 4142
92 280 1422 594 1833 6144 66 44 774 216 164 2 694 130 4201
67 310 1461 590 1791 5994 82 49 698 206 131 3 580 120 4133
104 147 1454 601 1818 6081 115 51 785 237 153 2 553 124 4110
47 263 1381 608 1631 6126 74 35 745 213 162 2 559 128 4243
73 323 1397 603 1845 6034 74 45 701 206 123 2 613 126 4173
44 265 1392 555 1845 6159 44 48 750 130 138 2 656 110 4256
59 254 1439 555 1593 6000 62 59 749 221 131 NA 528 147 4228
72 264 1541 568 1785 5979 61 37 759 239 180 4 583 142 4117
51 270 1493 589 1839 6110 121 37 795 281 147 3 599 118 4119
77 275 1529 577 1738 6105 75 46 699 194 142 3 647 115 4403
80 302 1609 553 1930 6090 65 44 746 163 139 4 618 114 4306
94 281 1442 654 1833 6279 82 37 740 201 122 2 637 156 4280
52 237 1519 573 1896 6098 98 42 779 144 147 1 576 154 4189
48 272 1456 663 1841 6142 57 47 796 195 138 2 621 136 4069
63 281 1513 575 1602 5956 76 63 767 155 126 1 549 108 4214
65 289 1375 578 1642 6078 75 53 742 142 135 NA 648 116 3996
35 289 1529 584 1898 5991 61 39 754 222 152 1 615 119 4361
55 288 1468 565 1779 5869 72 37 703 240 128 2 606 105 4374
66 251 1499 558 1863 5994 80 42 755 262 144 6 672 130 4160
128 302 1557 596 948 6061 92 41 809 227 140 1 619 144 4076
60 235 1612 542 1992 6160 81 43 757 197 141 12 635 106 4298
49 243 1420 503 1781 6113 81 39 756 144 106 1 583 140 3946
