"kdkd" "kukd" "kuku" "pkd" "pku" "pp" "tdkd" "tdku" "tdp" "tdtd" "tukd" "tuku" "tup" "tutd" "tutu"
73 256 1422 581 1801 5750 69 42 743 256 139 1 500 114 3879
70 285 1470 566 1776 5774 70 29 700 90 111 NA 544 57 3838
54 288 1406 580 1739 5821 83 50 727 155 137 1 585 149 3841
75 236 1392 538 1729 6037 67 40 733 266 113 1 602 111 3636
42 232 1391 543 1825 6022 76 40 756 138 118 4 524 142 3909
49 273 1381 503 1707 5881 34 25 695 214 139 1 505 120 3742
59 126 1485 537 1734 6020 54 37 688 134 126 NA 539 140 3777
33 224 1466 583 1820 5919 78 50 726 209 135 NA 592 160 3585
75 266 1464 547 1745 5929 71 29 764 201 111 1 573 118 3986
76 257 1334 537 1746 5981 50 30 679 159 129 2 559 145 3896
60 253 1365 598 1747 5989 80 22 704 158 107 1 576 107 3799
72 282 1397 621 1821 5769 81 40 731 202 145 3 276 124 3873
56 268 1444 520 1726 5868 90 40 719 161 144 3 544 127 3842
61 274 1362 561 1806 5751 86 38 699 191 110 2 595 130 3851
73 252 1482 548 1737 5855 109 47 765 198 144 NA 563 135 3811
50 243 1363 553 1806 5991 76 57 788 125 112 1 556 133 4026
58 277 1334 564 1816 5967 43 18 726 177 135 NA 537 126 3766
48 246 1431 563 1817 5807 68 25 769 220 120 1 545 116 3793
44 247 1325 569 1682 5800 74 54 783 180 118 NA 518 115 3925
68 271 1466 558 1713 5761 53 44 673 203 137 3 588 122 3840
52 288 1313 596 1594 6000 45 55 739 201 123 2 616 98 4018
47 220 1293 523 1680 5924 55 47 749 126 134 NA 542 112 3714
63 265 1349 562 1688 5954 88 59 780 186 118 1 494 104 3981
49 247 1415 556 1840 6026 51 49 736 184 156 1 597 120 3966
80 283 1449 559 1811 5836 56 44 809 101 110 NA 565 107 3891
109 294 1424 574 1721 5743 62 24 748 218 123 3 587 108 3577
45 269 1545 504 1753 5710 57 11 706 207 104 NA 568 132 3680
58 232 1382 586 1763 5775 67 22 760 169 109 3 628 114 3967
57 216 1360 564 1735 6121 80 52 705 252 153 2 517 117 3907
65 273 1383 557 1831 5873 52 22 751 166 118 5 636 106 3831
40 219 1303 518 1593 5995 96 43 783 172 126 7 571 126 3752
51 233 1479 547 1686 5893 81 40 701 113 135 1 575 116 3857
50 257 1436 492 1653 5889 36 40 771 145 111 1 543 133 3836
68 237 1383 542 1774 5622 71 39 705 139 110 1 563 128 3901
61 236 1427 517 1836 6056 68 52 735 200 136 3 587 106 3920
45 242 1307 557 1578 5878 66 49 716 195 134 3 617 129 3898
74 251 1453 552 1874 5973 58 34 663 248 114 3 605 99 3790
104 268 1468 611 1598 5771 70 63 707 191 157 NA 562 126 3981
100 278 1362 563 1646 5773 71 46 738 175 144 NA 615 94 3801
50 269 1450 559 1798 5937 132 43 721 289 133 NA 583 129 3933
52 240 1399 612 1775 5958 85 37 687 178 129 NA 594 161 3850
85 304 1369 601 1792 6082 63 58 763 148 113 2 580 143 3864
67 259 1312 545 1840 5946 32 34 704 134 117 4 549 129 3742
33 269 1401 546 1780 5890 44 51 711 238 134 1 605 129 3945
65 216 1479 541 1690 5832 69 42 702 232 145 3 618 140 3899
61 220 1494 583 1660 5743 46 32 796 147 142 11 555 108 3868
41 237 1418 574 1789 5903 81 53 732 308 148 4 572 114 3815
40 221 1404 554 1710 5799 59 47 724 134 127 1 552 98 3699
72 258 1457 552 1787 5838 69 51 704 264 166 1 553 62 3858
53 264 1483 544 1894 5832 62 29 772 266 137 2 530 133 3774
56 287 1380 553 1700 5707 71 32 765 227 148 2 574 126 3792
66 293 1276 637 1638 6002 70 27 754 244 115 5 580 163 3587
69 293 1446 523 1846 5824 53 57 642 157 116 3 531 134 3928
56 250 1407 514 1806 6004 63 51 677 222 115 1 537 125 3773
45 249 1324 555 1726 5982 61 36 741 111 136 7 594 117 3732
68 285 1418 569 1676 5819 45 35 765 177 149 3 542 148 3873
58 236 1385 562 1729 5788 81 41 726 289 132 NA 578 122 3960
49 224 1435 512 1701 5985 81 43 761 170 156 NA 550 98 3892
61 241 1302 532 1643 5850 61 35 751 224 125 NA 616 143 3859
105 249 1404 543 1852 5788 40 51 695 182 117 4 581 135 3983
50 217 1371 561 1552 5722 67 37 667 230 137 1 563 128 4046
52 316 1420 631 1833 6000 61 36 775 152 116 2 507 86 3763
52 227 1296 513 1713 5883 62 33 671 133 135 NA 535 117 3769
38 258 1395 602 838 5704 56 29 739 155 123 NA 554 140 4040
64 281 1345 575 1661 5827 108 47 731 277 128 NA 639 98 3868
48 290 1352 550 1580 6058 80 40 840 178 111 2 641 118 3792
22 214 1392 539 1726 5845 67 47 687 211 140 1 609 107 3738
34 234 1316 514 1634 5603 37 35 699 214 121 2 559 124 3804
74 240 1413 538 1732 5841 68 41 765 184 149 3 570 117 3815
90 235 1387 541 1941 5682 49 26 652 143 130 1 658 176 3903
70 234 1345 528 1769 6077 66 39 722 250 113 4 545 112 3806
31 258 1381 526 1832 5684 79 39 735 186 133 2 542 125 3814
48 240 1492 549 1814 5800 66 31 711 200 109 2 580 116 3905
60 256 1275 533 1722 5779 62 26 688 147 107 2 576 126 3757
57 208 1328 513 1669 5643 81 22 745 184 97 1 569 109 3681
82 255 1447 594 1694 6005 69 44 754 186 136 6 583 108 3853
33 243 1363 514 1680 5837 84 28 713 190 122 1 558 158 3821
121 239 1295 544 1566 5799 70 48 707 191 124 2 538 140 3852
88 257 1417 564 1704 5874 45 33 736 183 147 NA 563 144 3929
62 222 1256 483 1692 5932 87 32 662 264 130 1 568 117 4048
70 321 1488 573 1629 5745 67 39 708 267 118 2 499 107 3773
49 253 1478 592 1634 5866 36 44 824 174 154 NA 604 109 3748
84 266 1444 588 1744 5733 55 32 729 283 139 2 553 139 3683
59 279 1378 566 1810 6096 48 51 656 164 147 1 590 126 3987
69 259 1413 619 1683 5989 52 43 734 271 143 1 631 98 3886
82 307 1437 639 1898 5965 63 54 721 217 113 NA 582 86 3531
64 287 1372 560 1667 5942 91 57 808 134 113 1 594 132 4041
33 269 1372 537 1689 5689 54 42 706 195 144 1 479 126 3790
87 263 1344 581 1745 5858 80 32 655 197 126 3 589 109 3967
84 254 1370 609 1781 5772 74 40 712 193 114 2 544 139 3846
80 258 1443 569 1631 5567 55 39 702 145 117 3 553 59 3806
55 241 1393 544 1760 5828 116 54 712 180 126 1 558 141 3892
113 256 1389 571 1747 6004 36 24 668 170 127 3 607 111 3879
40 279 1411 624 1768 5667 73 44 727 211 127 2 598 139 3823
56 250 1377 575 1633 5948 70 21 705 156 119 NA 599 135 3909
61 276 1401 555 1792 5886 53 35 730 257 123 2 593 117 3937
57 230 1405 522 1730 5832 109 41 780 145 146 NA 600 97 3725
49 311 1435 600 1701 5705 89 40 680 145 129 NA 587 94 3706
55 248 1372 560 1835 5827 66 55 781 143 112 1 612 126 3865
49 256 1398 537 1660 5828 52 28 746 163 125 11 596 130 3782
