"kdkd" "kukd" "kuku" "pkd" "pku" "pp" "tdkd" "tdku" "tdp" "tdtd" "tukd" "tup" "tutd" "tutu" "tuku"
26 169 825 350 1070 3782 38 14 379 112 87 271 73 1796 NA
47 78 830 376 1092 3822 48 23 455 137 78 337 85 1817 NA
44 151 838 377 998 3491 27 20 410 128 76 305 66 1953 1
22 167 875 351 1042 3706 45 33 467 151 61 150 88 1880 NA
53 237 908 418 1097 3658 39 28 442 113 77 285 74 1848 NA
58 206 837 400 955 3623 103 40 468 89 81 272 53 1895 NA
49 177 784 390 1025 3575 49 20 414 128 76 338 77 1886 3
45 173 842 346 1056 3676 57 30 502 149 73 308 67 1782 3
80 225 963 393 1227 3730 58 36 524 79 74 317 58 1773 1
81 158 794 394 1078 3715 52 27 438 129 76 335 58 2012 NA
31 169 868 366 965 3652 90 31 582 114 68 362 90 1889 4
58 174 801 454 1058 3573 32 33 502 96 82 309 98 1822 NA
37 159 916 348 1177 3647 46 19 414 100 74 300 60 1841 1
63 199 808 430 945 3648 37 34 464 71 73 266 90 2005 1
34 196 761 354 997 3735 62 31 450 99 77 295 63 1865 NA
36 156 899 383 1100 3773 33 23 457 115 71 333 43 1910 NA
57 167 743 398 902 3502 41 27 432 73 79 303 89 1902 4
48 157 904 406 1045 3685 37 22 450 137 78 279 77 1761 1
51 188 871 417 1140 3747 36 33 476 67 77 307 70 1830 NA
40 156 849 402 1090 3730 47 20 485 106 68 343 85 1956 1
67 173 845 383 1083 3705 32 29 528 97 67 277 68 1766 1
45 243 824 390 996 3813 39 24 422 149 85 335 89 1742 1
36 191 895 404 1076 3585 24 20 412 101 76 342 83 1796 2
78 204 820 380 1124 3746 53 32 412 119 64 346 80 1934 1
65 155 857 388 1051 3616 47 26 469 126 81 306 78 1826 NA
43 168 820 360 1017 3677 50 24 475 109 72 332 64 1904 1
37 167 824 334 1031 3658 43 26 452 100 66 372 75 2051 NA
61 186 989 352 1085 3650 50 30 424 114 72 302 90 1817 1
37 167 773 318 1036 3625 48 26 483 158 79 314 41 1856 1
39 187 908 360 1148 3657 47 22 445 153 72 281 69 1835 NA
47 199 858 372 1051 3778 21 26 441 105 38 288 85 2047 NA
50 188 829 380 1026 3665 57 19 459 99 77 361 73 1798 7
64 199 870 361 998 3458 56 19 454 116 92 302 83 1789 3
29 160 842 378 1096 3788 53 23 523 118 93 334 77 1917 1
40 181 848 362 932 3901 27 19 482 162 67 307 66 1810 NA
42 83 726 389 982 3626 56 25 490 77 77 319 83 1922 NA
82 176 829 374 1077 3459 23 47 483 125 88 315 63 1898 NA
71 184 807 373 981 3690 67 31 454 105 72 312 73 1767 NA
57 150 902 351 957 3742 31 33 486 67 94 295 99 1993 NA
86 186 849 377 1060 3519 36 31 520 105 67 305 90 1772 NA
20 191 823 361 1065 3690 34 25 489 42 88 360 86 1857 NA
46 159 778 370 993 3584 41 23 445 86 84 325 76 2001 1
57 158 803 361 1022 3790 61 42 462 98 79 315 99 1994 1
39 183 978 359 1078 3664 37 37 401 79 64 298 75 1865 NA
41 173 835 401 985 3656 49 31 426 134 74 333 67 1967 4
36 180 882 366 1037 3678 60 32 455 77 85 320 33 1918 NA
51 186 877 400 1099 3814 46 27 419 92 77 314 91 1772 3
40 202 890 368 1034 3523 49 39 459 40 84 278 78 1982 NA
56 182 806 368 1055 3611 52 30 425 69 59 324 64 1753 NA
40 192 767 403 1025 3589 36 33 437 116 64 286 91 1843 NA
73 184 868 387 1107 3694 50 18 450 123 73 155 89 2000 NA
41 155 877 364 1000 3638 42 27 470 114 76 319 61 1912 1
32 193 938 358 1170 3728 67 16 441 112 73 297 55 1789 NA
54 187 914 367 1083 3634 41 26 493 91 72 278 75 1850 2
76 166 765 384 983 3669 21 35 444 117 77 289 57 1969 1
87 157 931 378 1058 3637 34 31 503 192 78 330 83 1931 NA
28 170 937 369 1172 3771 39 34 407 134 89 348 72 1833 1
55 154 855 382 1029 3546 39 26 425 90 87 292 67 1859 NA
49 161 835 402 1069 3717 28 28 451 87 81 342 66 1885 1
71 162 801 310 985 3594 48 16 469 178 85 321 67 1893 NA
47 149 862 312 1141 3789 67 11 470 153 73 351 92 1838 1
46 165 770 368 1003 3603 39 41 453 93 98 320 80 1834 1
17 161 913 401 1114 3583 64 20 446 131 60 316 74 1867 1
21 188 843 405 1105 3670 77 21 513 82 68 337 63 2003 1
71 182 822 404 1140 3803 24 29 472 120 89 297 71 1808 1
29 175 919 338 1153 3562 30 29 426 130 72 259 64 1960 1
41 203 824 401 1110 3693 91 36 441 124 75 321 95 1940 NA
30 142 793 323 1070 3594 35 26 396 69 86 306 78 1959 NA
37 176 825 383 966 3467 55 19 457 82 85 284 100 1943 1
20 179 820 374 1037 3652 52 28 430 103 65 348 65 1823 1
31 86 896 341 991 3665 85 30 474 69 84 301 81 1838 1
34 148 874 367 1028 3573 44 28 424 105 69 328 87 2012 NA
47 214 890 369 1030 3719 32 17 457 114 73 307 96 1883 NA
37 211 881 386 1034 3604 57 20 512 58 95 289 101 1877 1
45 200 769 395 1022 3707 62 28 500 102 59 300 55 1961 3
27 163 852 371 1095 3609 33 9 430 71 65 288 59 1933 1
49 181 863 358 990 3739 40 12 485 90 85 312 77 1868 1
15 158 813 365 1028 3643 63 37 441 114 86 289 60 1910 3
54 199 838 368 969 3663 30 31 469 136 66 304 86 1758 NA
48 187 786 379 1042 3762 49 19 428 119 71 376 61 1899 1
50 167 874 355 1164 3666 44 28 457 81 57 315 68 1765 1
64 223 822 375 1078 3654 34 38 452 90 74 313 81 1867 2
52 182 857 370 1005 3585 45 21 465 85 78 298 79 1772 1
39 184 892 351 1103 3487 68 28 466 126 69 338 79 1941 1
22 181 915 382 1015 3580 49 21 462 101 87 304 109 1869 NA
55 104 890 378 1187 3804 55 26 455 99 73 298 68 1948 NA
39 178 852 376 1039 3680 38 28 482 110 69 302 97 1976 NA
40 175 864 385 1039 3636 55 34 490 98 90 330 97 1924 NA
51 208 856 447 913 3660 49 25 477 92 60 385 83 1822 1
31 164 907 360 1064 3696 54 31 468 108 68 318 79 1837 1
39 188 821 407 1058 3739 40 20 464 95 74 331 79 1716 1
29 165 882 343 1074 3740 99 29 482 121 74 300 75 1876 1
47 176 784 369 973 3575 52 26 446 125 91 299 69 1818 4
41 169 896 365 1065 3697 46 29 448 109 75 276 92 1888 NA
62 160 943 381 1103 3651 54 21 422 98 78 324 80 1832 1
70 175 846 384 1052 3699 38 31 474 77 55 321 74 1870 NA
27 170 841 382 1123 3704 27 25 482 84 62 289 68 1731 1
47 141 860 405 560 3723 19 22 437 144 71 303 67 1866 1
81 166 941 355 1148 3675 36 31 446 105 59 271 76 1918 1
41 157 844 392 1098 3735 47 24 442 48 63 311 69 1951 NA
