"kdkd" "kukd" "kuku" "pkd" "pku" "pp" "tdkd" "tdku" "tdp" "tdtd" "tukd" "tuku" "tup" "tutd" "tutu"
28 142 663 302 847 2832 28 18 308 48 47 1 196 70 1383
59 148 719 342 808 2980 27 19 329 88 65 NA 284 54 1456
26 145 715 260 901 3035 25 23 340 56 52 NA 240 41 1294
35 136 640 319 781 2828 69 27 362 138 61 NA 257 57 1400
30 159 681 315 942 2999 59 24 402 104 47 NA 242 52 1384
25 114 672 301 855 2926 37 16 375 173 61 NA 231 58 1424
44 133 645 288 796 2884 25 21 332 64 65 NA 236 58 1336
58 128 645 287 799 2941 61 21 386 82 66 NA 210 65 1357
27 150 658 274 765 2799 20 15 349 118 57 1 252 54 1304
41 189 764 316 856 2898 45 24 319 61 58 1 231 53 1384
35 137 709 309 900 2943 49 9 357 98 51 1 241 74 1469
42 136 625 330 855 2959 45 15 367 56 39 NA 231 59 1300
26 147 706 268 814 2824 37 32 344 75 58 NA 245 51 1418
30 136 652 316 831 2849 28 11 338 73 70 NA 197 66 1406
34 126 678 347 846 2946 28 16 298 83 60 NA 241 65 1440
22 129 670 270 849 2970 55 27 350 100 63 1 139 46 1393
27 134 677 272 899 3007 75 27 404 114 60 NA 234 46 1417
55 145 606 303 766 2936 78 16 357 79 70 NA 231 66 1371
92 153 653 343 866 2843 25 32 328 101 63 NA 241 45 1320
21 137 677 303 778 2854 31 20 374 78 62 1 223 62 1432
15 135 670 285 872 2946 25 25 350 123 62 NA 250 64 1332
44 127 722 261 895 2881 41 22 379 55 60 2 263 67 1354
90 148 649 386 858 2864 58 11 364 112 50 1 270 53 1351
45 124 687 300 810 2812 30 7 322 136 62 2 238 59 1423
21 129 698 305 944 3048 50 22 336 121 47 1 197 56 1326
39 141 660 320 857 2913 48 21 343 90 64 NA 236 47 1408
65 145 735 299 854 2940 28 13 345 86 43 2 225 54 1374
60 152 601 306 798 2748 45 21 341 98 49 2 284 66 1441
29 195 657 345 817 3014 29 9 354 158 54 2 256 52 1317
53 140 719 265 861 2900 36 20 392 94 61 2 234 54 1379
64 134 666 270 770 2841 35 30 313 117 73 1 269 36 1255
20 122 692 260 802 2853 21 14 312 100 52 NA 263 59 1361
57 154 733 313 849 3013 19 23 344 82 50 NA 241 48 1389
25 157 667 297 835 2998 37 30 340 63 69 1 215 48 1334
41 126 703 312 924 2867 76 25 397 84 57 NA 259 40 1363
47 172 656 351 831 2918 23 40 369 93 73 NA 279 65 1424
39 132 637 290 793 2967 42 25 413 67 67 NA 275 51 1472
42 101 680 243 788 2871 31 32 339 60 54 3 228 69 1419
45 128 651 359 807 2908 26 18 351 96 45 NA 192 57 1479
44 157 707 278 901 2857 45 24 349 66 44 NA 205 48 1328
25 161 690 290 871 3066 35 31 362 39 57 1 247 41 1477
34 134 701 281 723 2883 38 15 366 61 49 2 239 76 1343
41 151 734 291 796 2897 51 22 352 103 70 NA 257 30 1358
59 134 677 313 943 2835 30 19 356 69 45 1 235 46 1438
40 137 642 270 843 2888 38 20 336 28 64 2 212 59 1376
16 106 685 283 811 3007 20 28 375 74 63 5 238 62 1515
40 145 706 295 830 2826 53 20 388 58 67 1 234 47 1350
55 152 658 313 796 2918 18 16 379 145 57 NA 277 48 1447
43 167 683 343 845 2980 35 31 338 54 52 1 238 40 1395
46 138 662 310 859 2926 17 12 369 61 65 NA 230 54 1525
66 202 708 341 926 2931 45 17 347 52 45 NA 224 71 1269
31 143 683 326 829 2952 29 13 323 63 67 2 216 57 1419
20 72 676 303 858 2997 32 21 356 51 69 1 244 47 1490
20 137 663 311 916 2781 51 21 353 115 57 NA 228 60 1387
36 164 562 307 776 2924 49 23 366 38 49 NA 229 58 1379
25 153 676 366 815 2952 37 24 352 87 46 2 225 63 1404
52 165 671 306 798 2856 28 22 331 109 66 NA 243 49 1412
24 126 646 314 793 2867 26 21 325 71 38 1 198 48 1405
53 135 648 328 879 2906 39 25 345 61 72 NA 219 64 1394
58 165 707 310 916 3007 74 23 384 86 57 1 242 55 1446
29 136 716 313 808 2827 30 12 392 95 48 NA 252 38 1313
24 104 641 294 774 2938 41 18 352 91 58 1 222 51 1471
25 123 677 277 722 3027 25 12 354 104 57 1 215 44 1296
14 104 645 297 812 2873 38 20 337 68 51 1 269 66 1615
13 132 738 322 895 2965 40 27 386 148 53 NA 228 45 1389
26 122 628 282 823 2929 22 15 309 127 61 NA 271 61 1447
56 177 666 313 877 2775 48 18 347 142 67 1 231 57 1316
35 73 652 345 765 2960 30 15 355 93 53 1 193 54 1516
28 139 729 308 909 2860 17 18 334 27 67 NA 281 82 1411
33 158 711 331 936 2932 47 19 341 140 80 NA 245 67 1404
27 118 684 320 806 2920 47 18 347 66 51 1 215 75 1386
46 114 723 313 959 2955 39 8 362 189 59 1 241 49 1361
22 137 660 299 823 2803 32 15 360 76 68 1 106 69 1386
56 142 619 304 836 2754 52 11 353 80 50 NA 240 55 1441
31 131 684 307 794 2885 26 23 332 86 54 1 221 51 1400
30 155 806 268 894 2836 45 18 312 72 57 NA 240 60 1502
42 143 693 311 812 2899 21 26 343 107 50 NA 251 48 1399
35 146 625 333 784 3092 21 12 340 98 55 4 253 60 1349
33 155 691 282 747 2912 46 29 344 76 57 NA 199 49 1302
58 133 582 325 740 2682 52 17 345 62 82 NA 269 65 1290
32 119 722 311 855 2896 59 23 390 126 44 1 217 46 1506
19 128 675 291 827 2807 19 7 329 122 57 NA 225 47 1432
23 170 771 308 901 2978 42 11 305 73 62 NA 261 57 1343
42 155 735 261 872 2946 39 11 318 67 37 1 242 56 1363
15 144 730 246 781 2811 66 24 334 84 49 NA 245 47 1446
39 183 653 337 808 2902 20 12 310 77 65 NA 244 63 1304
36 110 634 278 733 2889 33 6 346 34 55 NA 242 72 1301
29 139 646 269 767 2849 80 24 355 99 63 1 213 60 1410
27 120 641 298 902 2884 48 11 375 64 72 1 258 43 1409
24 130 679 305 825 2794 43 17 365 40 50 1 250 65 1436
38 149 624 252 745 3018 34 16 367 109 62 NA 210 48 1330
33 164 695 350 752 2928 50 11 379 52 70 NA 199 56 1406
25 155 695 332 959 2949 55 20 355 68 44 1 212 48 1331
38 143 642 274 808 2965 27 19 358 119 54 1 212 55 1456
30 127 639 328 890 2963 75 13 371 77 54 6 258 59 1440
28 166 709 299 919 2886 57 29 322 172 50 1 222 61 1392
48 145 653 333 914 2856 80 21 380 107 54 1 218 56 1400
25 134 650 294 826 2861 22 19 328 44 32 2 279 46 1435
56 141 636 300 854 3010 35 12 319 117 71 NA 233 74 1385
68 143 685 310 989 2818 27 30 354 67 55 1 209 56 1383
