"kdkd" "kukd" "kuku" "pkd" "pku" "pp" "tdkd" "tdku" "tdp" "tdtd" "tukd" "tuku" "tup" "tutd" "tutu"
230 474 2332 1044 2569 18680 90 81 1295 255 141 1 692 148 5456
216 468 2291 1049 2522 18647 95 81 1274 264 134 1 683 140 5490
216 478 2307 1044 2527 18656 102 81 1283 242 129 1 675 140 5460
227 475 2347 1054 2575 18713 94 83 1270 243 127 2 678 145 5508
215 467 2326 1026 2557 18696 99 82 1299 247 134 1 673 144 5526
242 488 2330 1071 2579 18673 90 79 1277 237 137 1 689 143 5516
217 466 2349 1059 2571 18540 93 80 1272 240 142 3 695 147 5446
226 473 2320 1062 2526 18667 96 81 1279 309 130 1 696 141 5492
221 479 2367 1048 2578 18645 94 84 1291 247 128 1 681 141 5486
231 487 2316 1033 2538 18658 93 80 1274 239 139 1 704 142 5476
214 473 2365 1052 2565 18639 92 83 1278 243 134 1 676 150 5463
220 474 2340 1051 2565 18601 112 82 1268 296 142 1 698 143 5409
214 481 2334 1062 2563 18671 94 79 1279 244 132 1 693 155 5486
215 466 2337 1030 2535 18646 89 79 1271 269 134 2 682 152 5492
218 473 2351 1083 2578 18677 103 83 1269 257 134 1 696 142 5562
221 468 2335 1034 2573 18612 95 79 1264 248 130 1 687 153 5544
224 473 2331 1043 2554 18577 88 79 1260 248 149 1 701 142 5538
220 477 2340 1054 2542 18652 97 81 1283 268 137 1 686 153 5508
219 460 2334 1028 2563 18593 90 82 1275 235 135 1 704 151 5461
221 472 2355 1044 2573 18697 88 78 1260 254 136 1 682 137 5455
243 470 2310 1069 2529 18571 92 76 1259 242 141 2 688 149 5501
229 486 2357 1058 2583 18681 96 79 1299 257 137 1 707 145 5486
221 467 2334 1048 2561 18620 94 80 1280 241 133 1 673 144 5480
215 468 2330 1030 2538 18559 93 83 1270 248 134 3 671 153 5515
215 470 2349 1042 2588 18643 93 81 1276 262 128 1 687 143 5432
232 487 2355 1086 2611 18710 93 81 1272 241 141 1 701 145 5417
219 465 2312 1035 2532 18639 92 81 1271 333 136 1 677 143 5488
218 464 2316 1044 2546 18628 94 78 1275 264 135 1 678 143 5469
218 467 2347 1032 2537 18663 101 84 1290 265 131 1 684 143 5503
218 465 2327 1037 2558 18683 88 83 1261 248 138 2 691 141 5478
217 463 2330 1049 2551 18690 95 78 1275 240 133 2 684 140 5480
225 462 2350 1060 2563 18685 116 83 1277 255 133 1 690 144 5474
224 478 2333 1039 2539 18610 88 79 1286 255 127 1 684 145 5550
218 461 2306 1033 2519 18640 93 81 1287 267 134 1 689 142 5470
228 480 2312 1035 2546 18704 100 81 1276 243 138 3 700 144 5526
218 471 2312 1043 2514 18692 96 84 1281 259 140 1 701 143 5506
221 472 2329 1047 2564 18664 92 81 1260 261 132 3 686 151 5436
222 470 2269 1054 2497 18643 99 79 1292 259 143 2 670 138 5454
215 457 2325 1033 2538 18541 97 82 1272 256 126 3 699 147 5470
221 477 2312 1052 2520 18590 100 81 1273 248 153 1 691 139 5570
216 476 2331 1039 2546 18719 99 78 1269 255 132 1 673 146 5532
221 454 2313 1046 2548 18575 99 80 1251 262 119 2 676 150 5495
217 476 2344 1050 2555 18608 91 76 1263 253 128 1 680 142 5512
224 471 2324 1043 2544 18668 90 80 1284 242 136 1 702 146 5475
216 481 2355 1060 2590 18651 97 79 1274 277 142 1 673 153 5455
245 487 2327 1065 2563 18636 100 77 1269 250 142 3 691 140 5447
220 472 2336 1048 2550 18603 92 77 1267 236 128 1 686 143 5475
216 458 2302 1019 2526 18726 90 82 1279 271 135 2 678 137 5479
215 463 2338 1038 2540 18646 97 77 1281 239 137 2 698 146 5485
225 471 2307 1048 2533 18693 95 77 1269 251 151 1 696 149 5486
221 467 2316 1042 2555 18688 91 78 1280 286 135 3 677 143 5504
216 462 2322 1031 2537 18656 95 80 1267 239 130 1 679 140 5512
227 472 2345 1042 2537 18582 98 79 1289 253 139 1 696 143 5517
228 488 2340 1068 2562 18608 96 81 1275 246 128 2 682 138 5526
221 474 2337 1055 2540 18647 103 83 1292 303 134 1 705 154 5487
217 463 2316 1029 2539 18629 93 79 1251 254 143 1 693 148 5485
217 461 2301 1050 2511 18626 97 81 1279 244 127 1 678 147 5547
217 468 2310 1045 2548 18662 50 78 1282 274 142 1 696 144 5435
216 471 2325 1040 2556 18618 94 77 1291 244 139 2 691 145 5505
223 458 2315 1040 2554 18692 93 82 1294 291 128 1 700 137 5511
220 476 2340 1050 2535 18557 90 87 1258 247 135 2 672 149 5411
223 464 2336 1051 2567 18591 97 80 1282 248 132 2 695 148 5506
219 477 2340 1047 2566 18635 92 78 1262 253 136 2 684 141 5484
224 464 2340 1032 2542 18632 96 80 1290 252 137 1 679 150 5477
216 476 2331 1031 2534 18550 92 81 1260 240 137 1 697 146 5507
242 478 2355 1062 2565 18678 94 80 1265 237 128 1 704 150 5436
237 470 2339 1031 2558 18672 91 81 1270 252 137 1 692 172 5484
216 477 2311 1042 2542 18659 49 81 1288 247 133 3 679 153 5468
219 473 2323 1046 2538 18672 97 79 1268 250 140 1 685 153 5459
217 473 2331 1050 2557 18587 89 78 1275 238 129 1 661 143 5499
217 469 2321 1056 2536 18650 146 86 1285 241 134 1 686 152 5435
216 464 2333 1033 2561 18554 89 79 1257 267 139 1 677 139 5382
224 472 2349 1089 2595 18680 91 80 1262 241 133 1 686 149 5501
224 472 2352 1032 2594 18679 91 83 1276 253 134 1 685 144 5448
217 475 2360 1073 2566 18564 92 80 1270 250 137 1 695 147 5451
219 469 2318 1027 2547 18673 91 83 1271 247 137 1 682 151 5511
220 459 2346 1045 2584 18678 90 77 1260 242 131 1 688 148 5476
217 463 2341 1020 2553 18599 93 77 1299 238 135 2 690 144 5447
256 481 2339 1085 2543 18623 90 83 1273 250 137 1 683 152 5513
217 476 2355 1052 2584 18658 97 81 1260 239 139 1 685 146 5447
228 480 2331 1041 2563 18672 56 83 1290 247 129 3 671 142 5466
220 468 2324 1053 2527 18560 93 83 1285 245 135 1 699 149 5434
230 491 2341 1041 2550 18582 92 79 1303 248 138 1 689 142 5485
228 462 2333 1019 2561 18718 109 84 1285 281 142 1 691 149 5487
217 466 2336 1039 2552 18651 97 78 1261 237 144 2 674 148 5509
226 476 2328 1065 2550 18668 98 80 1267 365 141 2 686 143 5437
218 480 2353 1042 2567 18691 90 81 1261 264 133 1 684 141 5503
216 463 2360 1036 2599 18685 101 83 1267 242 138 2 677 144 5415
218 466 2320 1031 2539 18571 93 83 1255 255 146 1 689 150 5526
217 477 2356 1043 2578 18683 90 78 1251 264 133 1 688 136 5379
204 481 2376 1050 2607 18630 47 79 1268 245 145 1 706 137 5477
220 489 2337 1063 2572 18622 102 82 1268 241 144 1 687 151 5459
221 471 2328 1051 2542 18660 89 82 1285 259 141 1 693 152 5438
221 466 2350 1050 2545 18646 90 85 1289 247 131 1 674 154 5470
232 496 2351 1042 2547 18596 90 83 1278 248 125 1 696 151 5503
216 458 2326 1044 2550 18627 94 82 1269 244 134 3 700 149 5438
229 482 2336 1062 2567 18708 95 81 1283 241 142 1 699 139 5501
216 472 2356 1041 2567 18607 92 80 1271 239 136 1 699 148 5522
214 471 2373 1038 2609 18808 99 85 1285 308 131 1 663 142 5506
221 490 2358 1059 2557 18657 90 87 1286 248 122 1 682 141 5468
