"kdkd" "kukd" "kuku" "pkd" "pku" "pp" "tdkd" "tdku" "tdp" "tdtd" "tukd" "tup" "tutd" "tutu" "tuku"
8 39 156 74 211 796 9 12 80 9 17 58 8 297 NA
3 47 190 87 250 801 22 6 105 27 14 54 5 326 NA
17 37 150 107 206 811 7 3 62 14 14 64 7 309 NA
7 25 160 71 192 711 7 1 56 13 8 52 11 293 1
19 34 156 96 184 797 6 NA 67 4 13 21 6 252 1
15 36 157 75 198 785 4 2 58 7 25 63 2 298 NA
21 50 167 94 230 756 7 1 81 2 8 56 5 320 NA
15 56 165 88 184 734 2 1 64 21 16 52 5 291 NA
4 30 160 86 208 718 2 3 72 5 14 66 13 314 NA
24 52 183 90 179 711 5 7 70 4 14 52 11 311 NA
25 52 160 86 92 801 13 6 54 2 17 61 9 293 NA
4 44 169 80 105 765 3 7 73 8 23 52 11 292 NA
13 30 142 66 209 721 4 1 72 8 15 22 12 300 NA
6 44 164 87 228 747 15 5 83 20 15 47 14 301 NA
5 36 177 73 188 743 2 6 66 6 8 39 10 301 NA
6 13 141 93 204 741 8 5 65 7 14 49 15 277 2
31 49 177 89 216 764 5 NA 72 3 7 54 8 279 NA
17 31 170 64 222 795 7 2 59 16 22 54 12 284 NA
27 43 142 95 197 755 NA 2 81 5 9 62 9 297 NA
24 35 163 77 195 775 3 4 53 11 18 50 12 325 NA
13 37 181 87 244 745 2 4 71 6 13 43 13 316 NA
4 33 180 84 241 805 11 10 74 1 19 63 14 329 1
20 60 157 113 212 802 13 1 64 25 17 48 10 295 NA
27 39 188 72 217 837 2 2 63 20 11 56 9 310 NA
20 50 173 103 233 734 5 2 28 11 14 64 12 303 NA
10 30 187 56 220 743 3 5 56 21 17 47 10 307 NA
9 37 182 77 202 700 5 3 61 19 15 57 14 310 NA
5 36 151 66 180 746 3 4 81 4 19 57 11 353 1
21 43 169 72 187 744 3 3 84 69 6 51 12 314 NA
10 28 160 101 194 794 1 5 68 19 10 58 14 336 NA
15 31 155 75 176 734 4 4 74 6 22 63 10 303 1
18 35 173 74 173 762 3 NA 64 7 9 53 12 279 NA
6 44 151 76 190 735 9 3 47 5 18 61 11 257 1
17 33 146 79 181 724 2 7 69 23 16 57 9 283 1
8 42 156 92 179 751 10 6 46 3 18 57 10 297 NA
20 32 160 69 187 674 4 1 54 23 12 51 7 294 NA
32 24 190 68 221 758 5 3 68 5 7 42 9 327 NA
5 46 185 77 242 728 13 1 67 11 20 56 4 320 NA
11 41 169 81 216 723 3 NA 67 8 19 52 3 264 NA
6 42 180 85 228 789 7 5 55 24 12 45 8 280 1
25 35 156 71 200 745 8 3 83 3 15 49 3 323 NA
9 30 153 77 202 725 1 1 47 7 4 46 5 319 NA
13 40 184 81 191 709 14 4 74 4 8 58 14 309 NA
13 20 143 85 214 764 2 3 67 1 17 54 12 280 NA
8 21 152 78 208 711 5 1 75 9 18 49 14 309 NA
15 37 179 74 226 725 2 6 90 12 14 53 12 323 NA
16 27 154 85 205 804 5 4 69 22 15 71 7 310 NA
10 45 160 81 197 795 4 1 58 7 6 59 5 340 NA
13 36 169 73 211 757 7 3 56 6 12 50 8 294 NA
7 39 164 101 218 743 2 4 61 NA 11 40 9 344 NA
24 43 168 98 187 721 15 5 64 19 12 50 8 298 NA
20 53 188 74 208 730 9 1 57 37 15 51 12 286 1
3 43 165 98 217 784 3 3 65 9 11 58 11 286 NA
9 28 150 72 212 755 5 4 85 8 10 52 14 284 NA
4 29 170 75 196 691 12 7 73 2 11 46 17 303 NA
6 18 172 98 178 767 4 4 78 17 9 49 11 282 NA
13 39 157 69 200 757 10 8 63 3 28 45 14 328 NA
8 39 157 75 189 751 1 2 65 10 4 56 12 301 NA
5 25 172 71 223 774 22 8 58 18 18 57 12 286 NA
22 51 161 85 206 765 18 5 93 7 15 53 12 316 NA
5 38 168 115 215 796 4 7 77 5 4 46 11 324 1
4 44 160 88 178 756 7 6 76 16 12 52 11 289 NA
7 44 147 70 184 768 1 4 71 2 26 41 12 309 NA
7 22 131 68 167 696 1 6 62 9 16 61 8 292 NA
13 49 158 96 199 763 3 1 82 6 5 51 7 299 NA
25 52 164 114 178 782 4 2 77 35 13 60 6 296 NA
5 57 153 107 231 766 3 1 89 21 11 70 7 231 NA
3 34 143 66 166 722 1 6 77 12 3 39 7 283 NA
17 17 180 74 191 759 5 1 71 6 7 49 7 291 NA
9 32 159 58 200 725 NA 11 56 15 20 41 2 317 NA
2 18 177 70 183 734 12 7 63 3 18 61 12 288 NA
19 35 156 73 190 700 9 7 71 17 16 54 9 291 NA
12 30 156 100 191 794 36 5 96 50 7 43 12 330 1
14 34 123 57 170 725 4 7 74 9 11 55 7 282 NA
6 34 143 106 197 738 3 4 73 4 18 21 13 336 1
6 28 177 71 231 777 8 2 72 28 16 62 10 335 NA
48 63 165 98 202 730 16 3 88 7 15 50 7 310 NA
11 35 170 77 245 773 3 1 70 15 4 62 11 252 NA
6 19 144 91 189 759 4 9 79 6 9 67 9 339 NA
10 47 183 87 222 726 15 1 64 13 4 38 13 311 NA
12 35 178 89 209 766 26 2 50 10 14 54 7 321 NA
10 33 154 67 163 713 7 1 65 4 15 51 8 313 NA
6 44 149 83 234 730 9 NA 75 2 13 59 6 290 NA
8 18 136 87 85 743 2 1 77 1 11 52 6 308 NA
11 48 149 87 190 754 4 1 68 4 3 63 3 338 NA
2 34 170 68 215 758 11 5 51 28 15 59 15 297 NA
14 43 136 86 187 818 13 7 66 10 16 57 14 323 1
17 47 151 81 198 757 29 6 89 4 11 48 9 323 2
1 22 148 89 203 725 5 9 83 29 11 47 9 305 NA
12 40 177 96 167 740 10 7 85 5 13 62 12 301 NA
10 40 170 83 202 737 3 1 67 8 18 56 4 265 NA
14 43 176 82 203 755 6 8 70 NA 13 61 6 305 NA
13 37 164 79 221 762 11 3 81 15 17 46 8 284 1
15 21 178 93 208 751 8 2 71 7 19 51 19 271 NA
5 23 148 81 213 725 2 2 77 4 20 49 11 264 NA
17 40 150 100 196 777 5 3 65 13 16 50 2 288 NA
9 30 158 88 260 823 11 NA 65 13 9 63 9 279 NA
27 42 156 89 180 720 NA 3 60 4 19 54 12 269 1
9 38 155 71 185 681 5 3 67 9 9 48 9 312 NA
24 26 177 91 228 824 2 3 65 1 14 70 7 256 NA
