"kdkd" "kukd" "kuku" "pkd" "pku" "pp" "tdkd" "tdku" "tdp" "tdtd" "tukd" "tup" "tutd" "tutu" "tuku"
40 153 872 358 1056 3545 41 14 468 70 34 319 90 1902 NA
38 166 782 367 1183 3726 59 32 467 63 82 246 84 1895 2
56 175 892 396 964 3658 70 25 458 131 65 352 87 1780 1
77 163 880 372 992 3681 30 9 422 99 58 322 66 1846 NA
45 135 852 363 1046 3750 49 29 519 118 74 335 84 1848 NA
39 185 842 390 1011 3554 61 33 455 131 100 333 67 1739 NA
72 192 906 409 1075 3600 28 26 458 127 69 325 62 1946 1
18 150 809 333 1058 3671 50 23 489 86 80 312 67 1724 NA
42 177 897 366 1072 3581 62 16 441 133 83 333 82 1836 1
55 198 845 369 1043 3763 46 23 464 88 84 276 78 1826 3
44 186 771 384 955 3407 26 14 510 67 79 252 78 1856 1
43 164 874 418 1054 3682 55 41 447 81 53 275 78 1935 NA
75 176 917 386 1149 3711 27 17 531 163 72 276 77 1883 1
50 216 939 363 1063 3454 83 26 455 140 74 295 76 1805 4
36 195 919 408 1140 3639 43 19 453 119 86 297 73 1827 NA
39 194 815 399 1077 3638 28 22 468 97 72 319 66 1859 NA
40 216 913 393 1152 3634 39 21 475 74 77 321 61 1781 NA
29 145 799 401 1059 3795 41 27 470 102 61 351 65 1972 1
51 184 837 370 1005 3651 69 27 465 87 86 326 64 1862 1
40 151 773 367 1052 3559 30 26 454 80 60 340 70 1904 NA
69 175 854 400 998 3689 26 26 469 125 76 309 74 1794 2
28 184 901 368 1121 3756 44 26 442 98 71 309 79 1902 2
52 194 847 409 1000 3656 51 25 454 122 93 299 100 1784 1
32 171 867 367 1155 3645 28 20 450 90 89 131 95 1850 2
40 148 840 323 904 3831 30 23 514 126 83 309 77 1853 NA
36 196 788 341 1029 3664 54 40 511 75 65 302 69 1816 NA
42 183 770 347 1090 3644 45 29 446 106 97 268 51 1888 1
22 153 869 335 1029 3822 38 33 438 121 91 292 94 1784 NA
39 176 870 377 1104 3708 29 26 504 95 68 323 90 1838 1
47 168 823 442 1010 3655 37 23 450 180 89 368 85 1666 NA
58 165 823 346 1097 3600 56 28 514 119 77 313 84 1952 1
40 143 841 391 1006 3647 64 27 503 235 86 300 79 1844 NA
54 151 813 419 1027 3626 81 20 455 71 84 272 65 1962 1
44 196 827 378 1026 3560 47 27 511 78 66 293 65 1846 1
24 160 901 350 1147 3759 43 17 438 121 71 289 64 1847 2
58 188 873 414 1054 3641 41 33 506 126 86 319 93 1856 NA
42 170 832 356 1087 3907 35 30 411 176 72 295 79 1857 3
41 172 781 379 1060 3669 42 22 460 134 68 270 70 1789 1
52 161 862 388 569 3780 56 26 469 91 65 309 101 2038 NA
23 164 848 388 1059 3738 32 31 401 120 73 317 64 1818 3
45 206 965 375 1068 3681 44 24 436 119 57 279 87 1870 1
33 189 902 359 1114 3731 30 29 447 151 72 296 82 1933 2
84 178 874 393 1001 3424 37 16 427 117 73 277 92 1868 NA
36 165 828 333 1046 3676 58 32 465 138 84 290 87 1886 2
75 207 831 379 1041 3703 51 13 431 132 65 297 79 1853 NA
29 185 769 370 934 3508 39 31 429 126 84 308 68 1915 NA
48 145 870 345 1049 3689 38 18 465 67 70 318 88 1889 1
25 165 834 395 1011 3611 48 31 509 70 64 341 81 1961 NA
25 168 823 361 962 3535 65 23 502 111 79 343 50 1805 1
42 168 898 354 1070 3644 40 26 414 100 70 304 100 1883 NA
33 170 830 385 1038 3518 42 22 503 80 82 270 82 1901 NA
38 216 873 338 1091 3658 23 22 428 131 70 370 95 2060 2
66 191 792 404 1038 3571 40 36 389 150 87 334 67 1759 NA
61 168 842 380 1162 3669 50 20 508 89 93 295 94 1810 NA
43 213 937 402 1133 3786 35 28 431 93 70 312 69 1825 8
76 203 895 409 1135 3679 44 36 490 59 86 302 82 1804 NA
40 172 844 409 1021 3628 48 16 478 139 69 309 62 1917 NA
30 187 859 408 1027 3744 39 27 491 117 60 290 91 1956 2
59 206 878 376 1047 3512 57 23 466 188 97 358 83 1787 NA
48 213 869 377 1053 3588 64 39 449 70 99 322 57 1827 NA
60 179 841 409 1052 3696 57 31 435 130 97 296 82 1841 6
45 178 906 366 1093 3654 38 31 432 144 69 287 94 1966 NA
33 193 907 347 1169 3746 39 27 457 73 90 344 77 1728 1
41 171 896 360 1030 3658 42 20 449 111 60 302 76 1771 NA
51 159 828 385 1091 3663 45 29 470 90 95 298 77 1985 NA
66 185 830 381 1046 3651 39 28 454 94 81 325 73 1923 NA
26 173 826 351 1048 3622 36 29 487 88 84 310 79 1964 1
25 188 864 357 1075 3692 49 34 461 71 52 317 90 1826 1
70 165 766 366 1119 3702 38 35 457 74 75 275 67 1882 NA
18 154 860 331 986 3563 43 30 432 71 90 310 78 1969 1
38 200 864 395 1012 3722 60 28 495 184 66 274 83 1850 NA
50 184 823 368 1025 3677 60 20 501 188 67 268 63 1999 NA
33 191 983 393 1180 3626 37 18 446 120 65 295 84 1951 4
117 202 817 393 992 3862 47 39 419 97 71 321 75 1815 NA
31 202 887 429 1132 3660 59 29 459 121 94 286 84 1893 NA
40 143 807 355 1018 3625 39 25 464 168 96 286 70 1964 NA
24 161 831 342 987 3442 42 21 467 92 96 317 76 1855 NA
58 149 875 408 1024 3499 23 22 480 66 80 290 71 1820 1
38 153 773 379 949 3534 32 17 453 64 65 290 65 1795 NA
44 179 878 362 1140 3646 59 37 429 99 78 305 84 1880 NA
55 210 782 369 901 3713 33 33 475 46 91 313 71 1768 1
50 141 792 364 1065 3644 52 28 420 103 69 289 70 1829 1
71 173 777 322 986 3694 14 21 467 154 66 263 77 1875 1
48 192 875 372 1104 3537 58 39 485 80 44 336 70 1819 1
46 178 889 372 1072 3664 72 29 468 124 90 294 85 1868 1
65 198 845 382 1106 3720 54 23 519 152 75 302 67 1933 3
48 144 856 388 1122 3793 93 24 468 119 68 291 33 1965 NA
36 175 855 333 1102 3792 39 26 444 144 71 313 94 1856 2
37 172 871 361 992 3732 50 23 454 176 66 275 106 1986 NA
41 149 819 360 1070 3603 62 17 458 79 55 350 78 1806 3
57 198 869 366 1043 3613 25 15 415 65 64 317 71 1992 NA
36 178 799 323 989 3713 27 37 442 166 75 347 96 1830 NA
34 218 869 395 1117 3758 51 21 472 91 84 276 73 2006 NA
39 200 799 341 1062 3713 51 30 471 91 91 320 81 1810 4
43 191 780 377 1007 3694 33 29 437 211 78 322 78 1920 NA
54 207 842 407 1143 3744 32 33 510 129 96 345 86 1882 NA
24 168 790 329 978 3662 46 30 504 113 72 348 84 1996 NA
47 203 825 370 997 3404 44 23 446 123 74 297 101 1880 NA
51 168 806 352 1061 3648 88 30 479 57 90 291 72 1776 3
36 177 887 369 1073 3667 49 11 483 116 50 368 79 2032 5
