"kdkd" "kukd" "kuku" "pkd" "pku" "pp" "tdkd" "tdku" "tdp" "tdtd" "tukd" "tuku" "tup" "tutd" "tutu"
5 47 255 104 305 1106 8 10 133 10 10 1 112 21 593
43 63 247 112 306 1072 18 7 154 31 16 1 96 20 665
10 41 251 101 303 1192 5 4 140 32 25 1 100 23 673
16 52 229 91 306 1125 3 2 146 68 16 NA 93 17 656
24 52 251 116 350 1115 5 8 111 57 30 NA 86 27 587
23 32 270 108 300 1104 21 10 137 32 21 NA 114 12 637
10 41 227 107 310 1119 19 7 121 34 27 NA 91 21 664
9 23 285 117 310 1023 7 9 132 25 11 NA 96 19 630
2 52 261 113 291 1093 10 3 135 35 20 NA 108 20 669
5 47 264 88 316 1071 11 6 124 28 15 NA 125 28 572
7 31 291 50 314 1134 7 1 115 21 21 NA 109 20 642
30 46 239 100 303 1137 14 3 150 47 15 NA 103 13 616
21 42 255 103 276 1100 11 4 134 14 19 NA 103 15 626
6 39 245 99 288 1099 13 7 114 18 20 NA 89 29 619
10 33 251 114 314 1100 5 7 114 37 14 1 98 19 628
8 48 232 99 298 1065 8 5 146 55 23 1 81 21 641
44 52 278 114 330 1042 10 14 134 17 19 NA 110 20 643
14 45 256 92 335 1045 17 7 114 26 30 NA 92 20 646
21 49 224 124 297 1144 9 5 153 17 26 1 93 40 621
6 68 264 103 336 1126 11 5 115 17 24 1 109 19 645
9 60 249 112 336 1067 7 13 151 23 29 1 124 22 610
6 66 280 120 363 1186 9 8 130 23 37 NA 52 16 591
14 51 241 101 315 1085 9 2 159 62 11 NA 98 13 624
3 26 233 91 333 1087 5 3 157 13 17 NA 106 18 661
15 57 231 94 323 1100 24 7 152 44 24 NA 126 21 656
7 64 248 121 288 1139 9 7 130 25 9 NA 91 21 615
12 64 297 136 363 1146 18 12 141 84 19 NA 101 21 672
8 53 243 106 325 1138 12 13 127 44 10 2 99 20 644
8 51 255 108 304 1110 7 16 155 57 16 NA 116 27 619
3 25 266 123 323 1115 8 5 141 58 24 NA 112 29 655
4 31 246 91 331 1099 13 9 117 42 17 NA 104 28 663
4 46 274 114 324 1100 18 7 155 41 29 NA 95 18 604
26 38 221 95 261 1054 7 4 144 34 14 1 110 22 676
4 40 241 100 356 1181 8 10 121 32 23 NA 117 14 593
9 48 272 107 321 1125 26 7 133 35 22 NA 103 16 635
6 39 194 85 128 1120 4 9 137 15 15 NA 93 21 582
9 32 216 107 338 1068 19 8 105 22 26 NA 99 23 663
3 34 238 79 294 1060 9 7 135 45 26 NA 125 17 663
12 48 264 98 320 1092 13 3 145 28 23 NA 90 15 589
11 45 264 116 344 1091 7 3 117 17 11 NA 85 22 641
3 47 270 101 295 1054 5 8 116 50 18 NA 96 13 630
13 55 272 99 312 1099 7 5 151 44 30 NA 93 10 658
11 43 235 115 360 1057 13 7 138 65 29 NA 97 21 648
8 36 269 83 326 1093 18 3 162 44 28 NA 90 16 607
15 57 240 93 316 1031 11 10 122 51 26 NA 95 25 600
13 33 231 113 300 1122 12 10 131 21 16 NA 89 18 614
9 54 243 103 309 1174 40 8 162 20 9 1 116 11 633
5 54 259 157 354 1134 18 3 132 51 18 NA 106 20 603
3 41 244 92 300 1058 13 3 134 20 20 NA 88 24 614
4 47 254 99 313 1113 9 8 134 54 30 NA 105 31 607
6 49 238 94 331 1091 7 13 124 26 28 2 85 21 695
9 45 224 118 319 1091 6 11 137 82 24 1 96 13 647
10 28 241 84 318 1067 4 4 140 24 15 NA 103 16 581
18 54 219 92 319 1106 8 8 124 35 25 NA 98 19 661
11 59 225 115 317 1092 13 12 118 48 28 1 97 20 655
6 46 244 97 308 1082 23 9 137 46 7 1 79 17 686
7 36 244 89 315 1145 26 11 153 68 10 1 127 8 590
5 36 239 82 339 1055 8 7 159 23 26 NA 104 16 615
15 42 271 109 326 1119 16 1 123 13 26 1 91 29 637
23 59 254 94 308 1026 13 3 128 19 28 1 109 26 640
9 52 287 118 289 1069 20 5 131 25 27 NA 94 23 583
25 47 299 105 335 1132 28 15 141 16 28 NA 129 25 624
5 30 202 103 311 1138 9 10 151 71 14 NA 107 19 575
13 61 271 91 306 1052 4 9 117 25 16 1 91 16 652
17 43 235 119 313 1101 18 8 128 15 15 NA 111 28 570
6 44 245 94 322 1105 16 9 153 23 22 NA 73 10 630
19 51 310 131 346 1111 33 9 175 52 8 1 79 14 612
13 52 254 102 336 1102 13 11 159 17 18 NA 83 27 537
10 40 273 100 320 1158 10 10 137 23 21 1 60 23 585
16 42 211 110 292 1129 5 9 156 56 19 NA 66 36 626
24 55 254 93 301 1048 21 7 126 23 26 1 107 31 622
5 37 239 95 311 1064 18 7 120 46 17 1 97 23 573
NA 32 248 80 290 1142 28 15 131 70 22 NA 44 18 686
6 40 268 118 290 1124 10 7 136 47 29 NA 84 26 644
25 49 252 109 319 1195 11 2 124 23 17 1 100 22 644
4 31 195 89 297 1104 15 2 136 45 10 NA 101 23 633
2 50 241 104 285 1093 13 4 114 12 25 NA 114 40 617
28 52 241 97 304 1068 25 4 130 21 15 NA 104 19 579
6 51 259 101 309 1058 19 1 173 5 20 1 112 16 615
4 38 233 99 318 1070 19 5 137 52 19 NA 98 16 673
14 51 240 134 326 1116 15 5 129 78 18 NA 57 24 632
28 56 247 112 306 1078 5 2 139 34 21 NA 97 38 644
14 55 222 95 336 1131 2 4 131 76 12 NA 95 29 601
3 40 257 114 343 1112 8 9 146 50 17 NA 83 25 584
7 20 238 97 339 1033 20 4 155 22 17 NA 108 22 640
10 57 239 106 277 1144 10 7 61 37 26 NA 80 23 591
9 44 227 126 304 1092 7 10 198 33 13 1 100 29 618
9 51 231 103 296 1078 23 8 149 24 17 NA 90 22 606
17 40 240 101 279 1115 2 5 124 52 27 NA 90 15 618
21 61 246 122 300 1182 9 8 153 31 11 1 111 13 657
3 47 240 89 309 1086 22 13 128 31 15 1 92 16 701
22 47 293 44 306 1056 12 3 126 35 11 NA 108 27 648
15 36 213 92 314 1113 13 9 140 55 16 NA 90 23 641
6 52 240 114 324 1125 9 14 132 51 22 NA 73 30 613
22 51 248 45 316 1082 8 9 133 32 24 NA 107 32 656
15 52 224 95 282 1084 8 5 117 24 7 NA 101 12 644
6 43 245 97 313 1074 16 3 127 34 25 NA 122 17 680
6 50 244 117 336 1128 6 7 112 34 21 NA 104 16 694
1 40 240 127 315 1083 15 4 170 58 23 1 101 19 636
11 59 280 104 352 1125 8 1 138 20 14 NA 100 23 592
