"kdkd" "kukd" "kuku" "pkd" "pku" "pp" "tdkd" "tdku" "tdp" "tdtd" "tukd" "tup" "tutd" "tutu" "tuku"
22 133 674 266 749 2795 43 11 328 169 69 227 78 1440 NA
24 117 635 292 784 2908 17 14 306 40 54 217 53 1282 NA
24 62 693 273 755 2817 38 7 343 71 61 200 37 1383 1
48 154 731 268 854 2943 34 17 323 91 62 242 57 1279 NA
25 163 637 311 853 2864 41 30 338 62 63 225 54 1462 NA
31 140 712 275 826 2995 40 20 328 86 60 205 63 1382 NA
17 131 643 310 740 2834 89 25 340 67 51 212 44 1335 1
43 146 669 340 818 2858 60 27 372 64 59 222 39 1335 2
21 134 700 314 755 2847 49 13 363 94 71 206 45 1377 NA
29 148 776 313 879 2816 19 9 350 72 58 240 56 1474 NA
34 156 604 366 780 3054 20 20 353 105 68 232 37 1290 2
16 126 623 301 810 2973 31 23 369 101 57 238 50 1342 NA
32 165 718 326 992 2811 35 23 316 95 61 252 59 1386 NA
31 174 742 310 892 2963 44 18 371 102 53 220 46 1348 1
43 121 651 270 815 2801 38 18 340 58 52 245 60 1363 NA
66 128 638 290 813 2814 34 25 358 117 55 249 55 1418 NA
32 151 616 320 734 2968 26 8 383 123 67 248 52 1282 NA
26 143 640 322 874 3025 55 22 343 71 50 241 62 1377 1
19 152 705 327 840 2959 17 14 384 88 54 239 55 1540 NA
26 190 718 300 844 2775 42 13 312 61 62 205 58 1422 2
38 124 669 296 868 2894 87 27 366 115 57 217 73 1472 NA
53 134 667 314 874 2856 40 12 347 52 60 223 63 1328 NA
38 122 583 299 732 2744 69 21 348 111 65 253 47 1416 NA
50 126 593 323 879 2957 52 17 330 120 57 271 52 1424 NA
43 147 693 302 759 2808 41 24 325 42 53 203 62 1393 NA
30 127 633 292 870 3093 31 30 315 56 21 246 50 1558 NA
39 148 720 311 403 2970 24 16 352 64 58 248 44 1397 NA
48 129 691 312 852 2993 55 30 392 120 57 223 56 1391 NA
39 165 741 314 839 2903 40 22 306 179 54 180 58 1299 3
39 124 628 317 771 2833 44 20 361 100 61 214 53 1404 2
47 128 666 306 792 2889 18 22 334 84 62 234 41 1470 NA
39 150 679 282 811 2987 23 25 351 117 61 260 49 1371 NA
22 149 665 293 801 2864 36 23 353 69 50 232 64 1495 NA
53 153 728 277 865 2909 18 23 317 97 63 264 73 1338 NA
31 148 718 321 850 2751 43 15 382 73 56 207 61 1416 1
27 143 633 300 854 2888 36 25 317 103 51 272 56 1398 NA
48 140 640 340 820 2878 45 17 339 79 64 267 50 1450 5
53 169 728 295 886 2754 44 25 345 35 83 178 83 1354 NA
20 155 626 325 855 2985 25 19 348 46 50 248 45 1373 NA
41 133 660 348 827 2961 65 25 364 109 66 229 56 1370 1
38 153 732 330 918 3006 43 15 359 71 64 228 41 1420 NA
41 111 718 303 890 3013 24 15 325 83 37 280 63 1554 1
30 101 616 273 745 2936 30 26 373 67 57 268 58 1385 NA
36 123 620 292 819 2974 63 22 358 44 51 243 76 1407 1
21 109 627 296 932 3019 47 26 365 70 62 242 40 1400 NA
56 158 656 369 816 2809 8 29 319 45 71 217 27 1396 1
46 123 651 275 905 2845 31 25 352 54 62 264 49 1402 NA
34 148 682 304 755 2767 50 7 327 143 55 223 66 1299 NA
53 173 689 333 906 2991 69 19 363 46 73 248 63 1303 NA
89 155 645 351 840 2831 50 19 373 98 70 253 55 1312 2
36 127 650 332 884 3024 33 27 338 85 56 247 69 1426 NA
29 137 641 303 862 2916 37 24 359 104 59 229 52 1373 1
34 142 693 290 771 2924 53 29 350 74 44 215 51 1508 1
96 153 673 341 899 3030 31 14 368 86 72 250 46 1407 1
31 137 683 339 801 2817 42 22 360 107 48 224 61 1353 1
22 149 605 327 740 2934 27 13 356 68 59 262 45 1416 NA
37 109 705 317 860 2935 29 26 345 69 55 206 49 1417 1
50 179 642 290 796 2931 36 20 350 80 59 234 64 1328 NA
29 110 671 291 869 2936 38 27 362 118 62 223 44 1475 1
35 127 649 279 857 2863 31 30 405 83 49 236 63 1399 NA
20 132 702 324 796 2773 50 18 372 61 60 232 45 1375 1
93 186 751 305 909 2970 39 16 377 51 77 191 36 1427 NA
34 152 645 266 868 2923 63 29 339 167 72 234 51 1414 1
60 135 660 289 805 2920 32 17 329 61 57 234 66 1342 NA
15 127 766 304 817 2753 37 18 356 88 73 211 62 1314 NA
45 186 724 286 824 2829 37 27 338 75 59 229 60 1269 NA
44 153 626 272 781 2862 43 19 364 122 59 214 83 1380 NA
27 151 716 272 759 2899 44 31 350 42 47 216 52 1440 1
37 172 679 261 815 2933 48 19 359 45 63 214 54 1437 1
57 170 681 357 861 2963 21 16 325 91 66 259 55 1348 1
32 163 686 323 930 2996 50 24 354 130 55 206 38 1506 NA
52 137 603 287 713 2961 22 22 353 81 61 212 57 1327 NA
39 136 736 270 862 2952 36 8 335 85 55 251 68 1418 1
33 154 681 321 845 2973 31 17 337 130 76 240 56 1498 NA
48 158 729 289 837 2918 34 17 340 77 53 293 57 1406 NA
18 128 689 309 823 2818 88 21 439 79 64 237 29 1436 1
43 132 664 279 760 2876 50 18 355 89 60 235 49 1465 1
26 67 625 300 868 2979 28 26 356 107 49 249 49 1357 NA
22 118 664 323 836 2892 54 27 358 70 55 206 54 1349 1
29 146 651 309 828 3082 37 27 385 62 62 242 72 1440 NA
42 134 674 290 902 2985 71 18 352 134 43 231 53 1426 1
35 144 644 274 787 2872 84 13 382 116 68 242 56 1363 1
40 148 703 316 818 2887 33 24 399 88 50 208 73 1403 NA
60 135 670 306 860 2852 49 30 362 183 46 111 64 1456 1
43 149 742 286 882 2875 48 21 343 94 57 238 59 1253 1
28 153 680 278 846 2779 15 15 335 76 63 191 60 1403 2
69 115 655 267 801 2768 39 25 385 139 64 266 53 1336 NA
46 128 672 314 801 2923 46 22 336 109 40 238 52 1318 NA
36 145 650 350 862 2883 22 25 362 64 69 287 69 1555 1
59 150 644 273 838 2823 49 11 361 81 51 263 64 1315 1
40 164 694 310 899 2968 43 27 377 74 66 242 53 1422 1
54 151 649 321 880 2850 35 16 360 69 71 250 48 1426 2
24 167 722 301 862 2914 25 22 373 78 68 202 50 1404 NA
25 120 688 312 883 2941 37 13 312 67 48 210 31 1405 2
30 149 614 334 877 2946 31 18 303 55 53 206 50 1395 1
51 139 672 281 824 2923 22 25 359 61 58 211 57 1375 1
65 164 680 314 861 2957 29 29 349 94 58 247 53 1317 NA
75 149 654 305 790 2859 41 27 420 84 65 231 65 1515 NA
18 143 668 280 869 2845 50 11 321 35 46 224 42 1344 NA
40 154 642 310 840 2796 36 22 361 41 66 232 47 1339 1
