"kdkd" "kukd" "kuku" "pkd" "pku" "pp" "tdkd" "tdku" "tdp" "tdtd" "tukd" "tuku" "tup" "tutd" "tutu"
54 188 1112 401 1311 4352 63 42 575 211 80 1 387 136 2362
47 170 1117 402 1207 4118 35 38 549 164 84 1 404 106 2589
79 212 994 467 1292 4356 42 26 531 131 74 NA 401 104 2211
41 204 960 432 1282 4403 58 28 584 176 98 2 362 84 2356
92 210 937 452 1268 4415 67 36 576 184 80 2 359 90 2394
61 247 1033 436 1307 4459 86 42 632 193 66 2 376 99 2275
57 243 1022 462 1371 4393 78 44 578 177 67 1 429 75 2291
82 193 984 437 1280 4284 52 28 584 111 97 NA 359 74 2326
75 203 979 458 1318 4326 43 47 524 173 80 NA 329 80 2278
69 226 1080 416 1253 4466 55 31 579 160 59 NA 373 94 2458
26 182 981 420 1315 4474 74 46 556 98 91 NA 370 117 2300
53 211 998 398 1426 4391 58 29 525 175 83 1 380 80 2366
39 205 1010 388 1265 4537 95 46 556 218 86 1 407 88 2294
51 210 1045 504 1340 4334 46 47 521 118 103 4 393 59 2364
61 198 1036 438 1195 4441 49 29 540 119 92 NA 403 111 2284
73 202 1030 420 1249 4326 50 27 556 155 94 1 396 104 2321
25 184 1022 422 1320 4519 49 34 540 185 83 NA 440 85 2396
75 215 1087 480 1379 4419 58 18 548 190 76 NA 412 121 2323
41 216 1016 406 1284 4372 46 41 546 96 94 NA 357 87 2337
49 203 931 457 1274 4424 64 27 630 147 88 1 362 109 2282
82 195 959 445 1124 4463 61 38 536 166 110 1 348 112 2358
89 230 1034 423 1271 4398 84 27 483 113 70 4 403 96 2339
51 190 983 457 1279 4421 23 40 640 162 87 1 406 98 2437
38 173 1052 436 1293 4444 22 41 607 157 87 2 385 138 2303
39 184 1033 383 1297 4476 91 35 591 164 97 NA 357 88 2433
34 214 969 407 1272 4336 45 47 538 110 92 NA 373 86 2238
36 229 969 412 1201 4234 62 44 606 162 103 2 340 81 2407
51 203 995 402 1274 4339 43 24 607 164 96 NA 362 120 2369
68 192 961 396 1213 4270 48 36 521 129 83 5 382 85 2408
64 217 1048 418 1259 4468 69 25 590 185 112 3 400 113 2215
56 190 1078 430 1358 4442 55 25 604 206 68 1 386 136 2279
59 199 956 439 1132 4294 70 42 492 69 97 1 337 89 2306
67 235 1002 455 1267 4447 97 30 578 124 85 1 441 92 2373
57 199 1014 364 1304 4707 39 27 537 135 126 NA 401 84 2466
64 210 1002 463 1223 4399 34 28 572 130 101 NA 367 85 2458
48 202 1022 448 1219 4441 73 41 564 156 103 1 372 94 2343
73 195 1038 434 1325 4370 43 16 561 241 83 1 387 98 2234
45 214 1061 436 1202 4436 60 48 544 123 82 3 359 69 2309
70 221 1013 456 1230 4392 54 32 539 127 100 1 381 82 2290
25 197 1062 197 1197 4303 41 25 585 200 91 NA 395 88 2411
64 167 978 438 1334 4625 53 23 514 179 120 NA 351 98 2359
47 220 1050 384 1233 4326 37 25 574 194 82 NA 385 82 2409
40 243 1028 409 1257 4389 25 33 521 77 83 1 389 68 2493
37 223 944 476 1186 4447 63 52 544 118 86 NA 415 88 2309
67 200 896 419 1185 4358 95 43 553 147 81 NA 398 102 2276
52 192 944 411 1257 4478 54 30 558 158 104 1 363 100 2330
61 229 1041 438 1280 4307 44 45 484 121 93 NA 336 86 2427
65 205 975 412 1269 4502 29 26 507 104 82 1 396 93 2204
63 201 968 439 1096 4263 57 30 498 170 91 2 407 113 2364
36 207 1052 461 1191 4320 39 28 523 157 84 NA 440 92 2296
60 193 1005 448 1153 4290 52 36 539 159 93 6 375 47 2298
35 248 1058 434 1131 4355 53 30 569 104 82 NA 446 94 2459
75 186 997 467 1276 4229 86 37 599 127 85 NA 378 97 2296
39 202 1055 414 1259 4440 33 24 553 133 78 NA 416 107 2418
49 202 979 444 1182 4427 59 24 602 242 115 1 356 50 2292
54 232 948 439 1297 4596 66 35 529 117 100 2 392 95 2575
70 179 1014 436 1280 4225 55 29 556 151 81 3 352 118 2382
31 176 1008 375 1249 4204 49 45 554 105 75 1 360 123 2415
43 221 946 434 1349 4280 85 27 556 124 106 2 316 105 2306
35 170 973 391 1341 4512 42 51 580 161 83 1 367 106 2485
67 200 1079 448 1293 4529 50 32 527 102 93 1 405 49 2294
41 218 909 422 1263 4316 99 46 545 105 90 NA 409 89 2414
37 185 928 434 1278 4394 65 39 558 117 83 3 431 75 2393
54 183 1084 450 1329 4285 80 41 571 160 91 NA 406 114 2316
40 206 914 430 1179 4335 37 29 600 126 71 NA 192 95 2247
41 167 1029 434 1306 4509 44 38 543 118 82 1 400 92 2518
22 213 1103 410 1166 4528 46 35 586 141 88 3 408 96 2376
27 201 1029 439 1300 4342 47 34 542 147 67 NA 363 106 2416
49 257 1040 441 1302 4554 47 42 581 171 96 NA 335 86 2381
48 190 1021 489 1228 4457 59 27 530 130 97 5 343 89 2361
72 183 930 453 1326 4261 27 29 493 154 79 2 455 78 2348
48 226 1032 406 1292 4363 47 36 578 190 109 2 416 106 2193
35 203 1014 433 1218 4254 21 33 557 158 82 2 362 118 2339
42 172 959 360 1102 4185 50 37 533 106 82 3 376 116 2447
62 206 933 388 1190 4350 45 26 542 161 100 NA 380 125 2374
36 203 1007 393 1294 4561 23 25 479 253 110 NA 345 97 2349
48 209 984 414 1258 4541 57 47 527 122 101 1 368 80 2387
70 216 1003 361 1196 4427 73 30 571 176 83 NA 331 103 2457
72 216 985 466 1291 4374 36 41 622 159 77 2 358 93 2268
114 220 1024 465 1336 4451 64 28 629 87 66 3 390 102 2439
74 209 914 436 1188 4413 52 29 540 97 96 NA 351 74 2479
83 218 987 409 1259 4395 36 25 606 146 88 NA 407 114 2375
33 220 1021 467 1223 4511 40 32 565 202 85 2 392 96 2359
58 187 994 429 1180 4491 59 27 549 120 79 NA 373 103 2200
63 237 1021 439 1300 4303 49 32 610 295 96 2 347 121 2344
73 192 991 402 1234 4480 50 47 531 129 106 NA 398 116 2312
48 190 1076 476 1318 4349 51 27 547 95 113 1 357 54 2294
78 203 981 434 1220 4374 30 33 586 221 90 NA 393 97 2266
45 199 1036 451 1216 4421 100 31 550 115 97 1 401 84 2737
31 213 919 456 1246 4548 76 40 513 50 83 NA 384 96 2348
63 222 1032 451 1331 4417 52 24 584 104 83 2 370 70 2408
34 195 908 456 1252 4478 37 41 622 105 87 NA 415 46 2354
52 194 994 410 1229 4515 36 37 521 116 81 2 366 93 2427
57 172 966 463 1221 4212 46 51 580 171 87 1 363 107 2467
81 154 988 400 1296 4450 81 29 579 162 86 1 420 127 2293
42 192 960 433 1200 4345 69 42 568 176 83 2 380 85 2250
46 205 1100 458 1299 4181 38 39 512 141 103 3 378 78 2349
56 186 974 416 1187 4417 35 35 520 104 74 NA 355 85 2405
60 202 1022 410 1292 4446 44 39 519 132 101 NA 391 107 2256
60 171 927 442 1158 4492 75 19 586 119 86 1 409 114 2394
