"kdkd" "kukd" "kuku" "pkd" "pku" "pp" "tdkd" "tdku" "tdp" "tdtd" "tukd" "tup" "tutd" "tutu" "tuku"
23 98 608 221 832 2773 23 30 346 47 64 255 55 1604 NA
26 110 563 229 788 2786 22 7 353 91 61 260 50 1491 NA
8 117 628 253 735 2799 19 15 348 40 73 225 58 1615 NA
57 138 621 292 778 2690 25 19 326 86 45 254 71 1588 NA
42 124 564 263 745 2815 29 10 342 169 40 226 53 1648 1
36 123 584 277 707 2832 28 11 318 141 54 229 43 1481 1
43 129 625 230 771 2672 7 20 339 124 57 262 59 1541 1
28 130 701 297 863 2703 23 24 317 120 54 241 58 1533 NA
39 99 679 227 755 2730 18 15 353 151 43 262 58 1601 NA
36 118 650 226 788 2783 35 30 369 52 49 234 45 1604 NA
13 100 584 242 810 2549 31 18 322 62 50 248 47 1396 1
27 108 586 247 742 2669 25 9 337 78 50 272 37 1582 1
22 107 549 216 681 2721 49 13 355 109 42 249 56 1639 3
16 102 604 237 787 2685 24 11 337 69 49 126 41 1533 NA
17 106 609 301 770 2635 31 16 308 73 83 228 46 1628 NA
48 137 668 324 863 2812 45 23 328 137 49 278 42 1524 NA
27 96 631 239 860 2845 30 26 323 98 44 263 53 1649 1
25 140 648 245 831 2725 27 20 322 85 52 253 50 1603 1
31 119 591 273 777 2705 44 14 310 53 51 224 58 1532 NA
54 102 658 315 847 2758 30 15 335 110 48 281 47 1516 NA
52 111 602 273 752 2713 40 9 341 79 74 241 50 1613 NA
21 114 637 282 755 2684 21 21 352 128 63 286 82 1615 NA
37 113 680 135 890 2826 29 19 362 52 72 278 74 1577 1
37 111 628 280 817 2686 31 21 331 148 51 234 59 1536 NA
25 131 658 284 847 2883 39 15 333 149 62 275 63 1627 1
67 126 558 307 764 2672 25 19 338 56 45 245 51 1549 2
14 104 637 229 811 2792 41 22 350 141 46 262 70 1620 NA
17 72 639 254 780 2818 21 17 384 169 62 235 61 1539 1
33 127 614 291 731 2673 30 13 325 71 63 263 57 1554 NA
24 130 586 267 791 2594 30 13 330 90 55 269 39 1551 1
16 115 621 254 785 2646 23 13 288 101 67 246 49 1502 NA
22 76 595 230 732 2675 24 20 356 69 49 246 56 1490 4
32 89 604 258 709 2702 14 8 363 93 50 245 59 1485 1
30 146 636 281 881 2627 18 13 331 72 43 268 61 1550 NA
10 95 563 230 790 2732 25 10 316 103 27 237 51 1503 NA
29 85 579 203 790 2719 21 28 327 94 68 240 62 1534 NA
44 132 663 306 825 2783 34 8 337 122 62 249 51 1574 NA
11 101 579 220 708 2731 19 17 395 109 49 254 28 1600 NA
48 109 591 261 746 2738 44 11 340 89 52 270 50 1510 NA
24 128 599 244 732 2554 32 15 332 135 77 245 55 1580 1
28 91 567 217 743 2678 81 20 355 91 70 271 52 1611 NA
26 104 597 244 809 2700 56 25 340 94 51 236 52 1602 NA
22 108 660 118 843 2787 30 17 353 160 59 250 51 1560 NA
35 110 601 251 777 2688 20 24 347 87 57 284 61 1588 NA
37 106 638 241 826 2702 9 22 378 133 30 263 52 1579 1
35 130 571 313 726 2722 25 18 287 98 56 278 53 1612 1
43 118 640 247 824 2826 44 24 356 65 52 267 58 1537 2
36 147 672 279 774 2950 46 7 341 112 51 236 59 1693 3
22 109 565 275 779 2719 12 16 305 52 52 290 62 1498 NA
34 101 604 243 734 2678 52 32 393 98 36 239 61 1520 NA
32 119 595 239 825 2708 13 12 350 81 55 256 36 1565 1
23 55 642 274 811 2757 26 20 327 67 56 213 51 1444 1
15 105 632 262 754 2740 29 38 354 118 71 232 47 1622 NA
33 125 663 251 735 2824 47 22 363 66 47 246 58 1583 NA
14 114 650 278 756 2715 20 11 288 207 79 274 57 1566 NA
22 111 693 253 807 2821 30 22 328 128 48 229 63 1643 NA
28 107 613 218 724 2713 37 22 337 72 49 244 62 1481 NA
19 124 678 277 865 2675 13 17 363 59 48 237 53 1582 5
25 121 612 272 784 2755 35 10 341 76 65 245 49 1578 NA
49 113 655 239 769 2744 33 21 346 28 58 136 53 1476 1
41 112 648 266 810 2709 63 22 366 100 61 223 45 1529 NA
26 137 670 289 862 2927 18 20 309 179 60 226 47 1610 NA
47 116 597 261 796 2651 33 23 361 90 51 217 45 1500 1
17 128 578 251 738 2619 18 13 352 54 26 245 52 1546 1
43 122 580 260 805 2682 58 12 401 84 52 229 51 1721 NA
38 124 581 256 744 2674 22 21 348 162 47 229 52 1470 NA
25 134 675 273 830 2795 7 10 344 132 46 295 41 1675 NA
23 114 635 251 344 2874 21 22 333 44 25 262 38 1459 NA
24 105 605 248 735 2596 18 5 156 58 58 197 52 1480 NA
37 137 620 261 739 2778 39 18 354 70 50 259 62 1611 NA
12 90 674 219 750 2543 33 17 359 105 63 223 46 1504 NA
22 120 624 282 759 2875 24 23 369 135 58 242 66 1529 NA
55 125 617 275 829 2772 18 17 341 87 60 243 52 1548 NA
41 143 670 261 776 2668 24 26 343 33 45 290 50 1473 NA
34 117 600 234 783 2733 36 19 339 126 65 238 50 1607 1
17 130 580 249 837 2765 36 13 319 76 55 251 37 1522 NA
40 121 694 284 850 2585 30 27 349 107 46 205 72 1443 NA
34 113 628 272 827 2722 25 10 287 89 52 227 54 1596 1
21 119 620 235 813 2760 20 27 391 153 49 234 57 1645 1
26 129 633 230 762 2863 48 15 288 86 59 271 55 1631 NA
30 127 592 248 870 2617 19 15 348 99 57 261 61 1566 NA
26 128 621 232 766 2723 17 22 347 77 62 237 58 1587 NA
40 147 607 269 770 2634 32 13 332 39 59 226 74 1547 NA
31 102 568 255 746 2643 72 27 356 75 61 246 47 1683 NA
39 66 564 255 742 2745 22 15 372 142 72 212 59 1521 NA
24 121 615 250 786 2676 18 29 346 92 57 239 67 1526 1
35 105 649 247 787 2841 55 29 402 144 63 264 43 1593 NA
24 110 602 294 793 2719 22 25 362 40 33 255 34 1485 2
44 89 586 272 704 2845 56 25 360 70 73 238 51 1601 2
19 116 639 220 830 2739 26 32 375 71 26 228 52 1583 NA
33 122 559 257 739 2677 22 27 324 119 61 263 72 1568 5
35 103 594 253 812 2740 34 23 329 62 77 261 60 1468 NA
34 129 664 274 795 2853 57 26 347 43 52 226 52 1563 1
26 109 562 263 841 2717 42 16 388 101 59 251 70 1559 NA
23 95 597 274 761 2582 31 11 378 92 77 235 59 1649 NA
31 118 652 263 837 2658 32 10 382 67 54 230 61 1427 3
37 121 547 259 756 2830 16 13 342 162 52 239 62 1532 NA
42 90 662 232 778 2669 14 16 378 84 64 253 47 1584 4
23 116 661 272 806 2798 24 29 340 68 57 239 40 1557 NA
36 102 609 275 766 2735 31 27 360 71 60 248 44 1656 1
