"kdkd" "kukd" "kuku" "pkd" "pku" "pp" "tdkd" "tdku" "tdp" "tdtd" "tukd" "tuku" "tup" "tutd" "tutu"
67 261 1207 537 1606 5620 58 41 696 168 144 3 546 97 3487
85 268 1374 582 1664 5789 40 32 697 168 137 1 535 115 3303
120 300 1335 602 1646 5739 49 41 722 231 124 1 513 113 3337
82 264 1365 540 1659 5781 45 32 706 268 114 3 482 79 3479
57 258 1337 517 1555 5576 52 33 686 187 121 1 558 125 3475
41 279 1319 531 1673 5807 56 31 700 160 124 NA 507 102 3469
69 246 1423 545 1603 5583 77 59 654 141 101 1 550 94 3796
75 232 1328 516 1639 5612 47 41 720 119 148 2 492 109 3395
134 258 1321 566 1661 5671 65 40 739 201 128 NA 572 119 3516
43 213 1217 539 1520 5629 60 32 701 127 124 4 562 96 3419
38 126 1437 450 1708 5533 65 17 614 289 136 NA 535 170 3411
60 248 1370 513 1542 5655 42 35 695 131 107 1 504 132 3445
50 211 1366 558 1672 5742 48 41 763 208 128 1 562 120 3870
63 258 1353 526 1753 5819 51 52 671 130 117 1 585 109 3444
153 258 1290 597 1700 5788 35 50 707 184 111 3 482 112 3541
61 240 1284 552 1612 5586 84 44 745 197 102 3 515 118 3588
47 204 1181 524 1420 5844 47 30 680 237 99 1 579 138 3612
54 234 1247 530 1746 5445 38 28 702 203 126 1 508 108 3394
66 211 1316 563 1490 5660 82 34 716 181 122 3 534 121 3562
76 241 1320 546 1573 5739 71 38 692 160 104 NA 541 139 3565
75 233 1178 523 1570 5537 47 41 642 195 123 NA 534 111 3565
53 247 1281 483 1676 5565 71 37 650 203 123 3 593 54 3528
52 212 1276 521 1602 5579 68 21 719 152 136 2 636 129 3346
51 268 1262 550 1626 5788 100 34 638 214 112 5 514 143 3527
81 276 1343 594 1755 5888 69 45 729 169 136 3 531 117 3633
52 243 1348 519 1533 5607 60 27 678 226 108 2 602 102 3327
60 190 1216 485 1623 5685 73 47 702 146 101 1 515 124 3538
70 305 1329 630 1566 5593 59 38 705 206 101 1 587 120 3308
36 200 1443 523 1604 5514 61 50 744 139 119 3 562 129 3522
51 239 1339 503 1798 5482 72 40 736 282 109 1 529 150 3425
76 238 1326 533 1701 5705 85 34 678 207 117 2 560 132 3400
112 310 1299 575 1638 5519 50 39 694 122 113 NA 487 106 3498
56 245 1167 564 1629 5747 52 57 687 132 109 3 565 129 3526
39 265 1393 509 1790 5640 41 39 703 193 110 2 561 88 3347
64 248 1305 497 1794 5715 73 41 774 120 107 NA 543 101 3362
83 222 1237 534 1780 5820 42 47 641 140 111 2 536 48 3312
73 260 1371 497 1650 5464 52 53 712 142 122 5 551 108 3468
36 270 1405 530 1611 5587 65 33 721 152 114 NA 574 128 3395
47 231 1328 524 1616 5677 75 35 718 186 103 7 564 106 3657
67 242 1288 538 1690 5546 87 53 743 237 119 NA 482 125 3577
75 276 1236 568 1483 5495 62 42 699 175 115 3 497 100 3330
115 247 1332 552 1639 5672 65 39 677 214 144 NA 487 82 3441
39 192 1267 515 1484 5710 83 37 739 194 99 1 585 95 3412
55 235 1402 554 1617 5707 84 46 701 212 99 NA 551 99 3459
39 255 1325 520 1783 5662 63 50 781 128 111 NA 524 107 3586
66 268 1305 582 1697 5758 54 37 700 199 123 1 580 108 3411
89 224 1307 566 1627 5573 92 47 701 212 96 NA 507 101 3340
43 198 1375 498 1682 5949 67 39 752 176 134 NA 451 120 3560
69 259 1269 514 1594 5514 48 25 701 243 155 NA 570 134 3322
76 285 1299 563 1665 5531 78 44 736 151 114 NA 548 125 3450
87 201 1269 521 1518 5676 63 37 743 252 111 1 578 97 3660
68 231 1363 538 1627 5607 61 20 742 177 127 3 473 126 3600
54 257 1464 515 1776 5490 56 52 712 289 99 1 511 142 3565
68 256 1295 579 1598 5729 105 41 726 144 125 7 491 105 3551
49 254 1333 523 1624 5745 136 50 791 255 111 1 563 99 3489
61 245 1394 521 1742 5676 81 45 759 161 118 NA 542 112 3435
58 234 1438 558 1669 5819 61 29 660 169 123 1 614 116 3742
67 257 1292 499 1680 5617 70 51 807 234 118 NA 580 134 3623
45 247 1347 557 1637 5734 36 55 680 204 128 NA 588 95 3510
92 252 1476 519 1965 5766 83 37 717 273 109 1 561 95 3596
41 260 1280 525 1722 5655 72 38 654 164 96 NA 592 123 3383
82 208 1236 534 1593 5702 76 33 685 208 129 1 526 124 3356
52 248 1352 513 1671 5798 70 39 676 241 126 NA 593 123 3442
35 188 1345 550 1818 5680 57 47 767 127 118 NA 502 106 3365
41 255 1255 518 1715 5625 73 46 669 186 106 1 540 116 3513
68 269 1354 576 1556 5765 89 60 626 156 128 NA 510 120 3270
48 207 1277 511 1627 5605 63 45 695 149 143 NA 544 134 3359
69 275 1298 535 1657 5758 85 17 710 126 120 3 510 136 3327
53 202 1233 512 1594 5651 79 42 627 212 120 1 490 99 3667
66 261 1297 612 1658 5526 41 48 683 209 145 NA 554 105 3456
56 226 1259 513 1465 5599 60 23 682 118 101 NA 561 115 3371
45 219 1451 528 1789 5708 110 45 724 204 109 NA 518 105 3385
39 278 1444 512 1459 5727 50 40 705 209 103 1 481 126 3307
80 254 1187 553 1641 5652 47 36 711 199 96 3 517 47 3383
110 294 1369 568 1707 5643 61 40 690 239 114 NA 451 107 3585
49 259 1221 577 1583 5656 52 28 754 245 114 NA 529 114 3572
60 237 1398 543 1768 5588 56 40 727 117 105 2 563 122 3568
32 273 1306 494 1715 5833 54 39 790 99 130 NA 506 106 3491
69 267 1257 481 1569 5621 49 50 708 143 104 1 526 83 3437
83 276 1358 592 1912 5780 49 41 718 231 129 1 564 136 3666
138 281 1256 584 1675 5715 81 41 737 147 123 3 275 152 3716
50 242 1472 535 1695 5700 91 31 691 254 124 NA 566 108 3397
78 260 1297 528 1696 5701 46 24 716 185 126 5 490 121 3495
51 248 1337 516 1678 5832 69 39 695 186 106 NA 555 119 3605
59 259 1325 557 1700 5674 29 49 720 283 63 3 537 135 3634
92 269 1255 560 1639 5687 61 48 654 128 124 2 464 113 3542
62 137 1377 539 1800 5723 58 40 608 162 111 2 492 90 3481
60 241 1312 532 1681 5760 71 39 718 220 123 5 550 98 3477
64 281 1357 555 1579 5723 109 38 739 138 99 1 513 102 3564
65 283 1240 539 1597 5627 49 15 671 242 108 1 497 140 3454
84 288 1401 560 1767 5716 39 26 692 222 120 3 541 137 3340
41 215 1278 557 1552 5503 59 35 722 202 121 3 605 128 3331
87 278 1258 537 1726 5742 54 58 664 141 113 7 505 112 3499
60 215 1257 269 1648 5603 86 48 793 225 127 3 529 129 3667
78 250 1209 570 1645 5708 71 42 679 246 121 2 524 85 3525
55 227 1314 534 1734 5692 67 28 711 173 120 NA 544 107 3359
54 218 1278 518 1664 5710 61 39 687 105 98 NA 273 87 3325
60 241 1351 588 1715 5771 99 52 738 175 124 1 490 104 3613
69 205 1356 548 1733 5703 35 48 750 102 134 NA 584 127 3543
71 241 1251 582 1547 5712 97 41 753 158 121 2 496 104 3701
