"kdkd" "kukd" "kuku" "pkd" "pku" "pp" "tdkd" "tdku" "tdp" "tdtd" "tukd" "tuku" "tup" "tutd" "tutu"
18 94 557 202 629 2226 29 14 262 63 51 2 189 37 1120
20 97 485 208 545 2186 12 25 248 78 39 1 180 32 1304
34 92 516 175 632 2147 34 14 310 87 58 1 165 40 1266
36 89 502 226 651 2220 40 19 262 34 44 1 203 33 1265
8 89 441 185 616 2182 38 13 325 36 42 1 194 35 1242
23 92 507 193 643 2096 41 10 290 82 52 2 181 38 1284
10 77 472 177 567 2140 49 20 263 50 40 NA 198 43 1186
17 104 491 209 622 2254 20 11 281 35 40 NA 193 41 1255
44 87 501 230 607 2168 17 12 287 64 35 1 198 49 1213
25 81 481 219 696 2281 27 12 242 70 56 1 166 36 1212
39 104 503 218 643 2176 25 14 275 66 52 NA 234 46 1258
22 95 508 108 586 2113 13 15 241 83 39 NA 209 54 1251
57 103 529 250 615 2203 9 7 305 74 43 1 197 47 1227
14 82 498 183 665 2228 29 9 236 41 30 4 211 46 1179
22 105 517 231 672 2163 21 4 270 102 27 NA 189 53 1302
40 108 528 215 621 2226 28 20 274 71 41 NA 160 35 1247
49 95 435 234 606 2116 15 9 292 43 46 1 217 31 1172
43 90 461 225 614 2236 26 7 294 78 60 2 214 51 1212
27 101 480 209 572 2161 29 18 251 50 22 NA 203 33 1275
12 80 505 192 626 2126 13 15 261 117 31 2 199 42 1307
14 69 527 169 605 2162 44 16 314 94 42 2 211 43 1271
11 82 528 201 622 2245 30 20 303 126 37 2 198 32 1189
40 36 493 242 685 2125 24 20 228 106 40 NA 187 57 1256
13 88 465 236 570 2140 27 22 270 92 41 NA 204 51 1281
8 82 437 180 580 2114 28 16 269 47 43 NA 196 52 1258
16 82 509 218 699 2107 17 20 312 42 46 NA 219 38 1264
11 78 458 208 600 2108 21 11 270 38 55 3 209 51 1301
21 90 396 227 627 2206 14 17 266 77 49 3 176 36 1206
46 90 452 212 643 2207 23 15 241 61 42 NA 235 41 1303
25 119 520 243 607 2206 26 10 291 62 34 NA 159 51 1325
29 92 507 221 682 2128 24 19 273 67 43 NA 182 34 1267
6 81 462 197 680 2207 17 13 253 56 56 1 178 38 1283
15 114 472 218 680 2212 50 23 275 54 33 NA 212 44 1214
6 100 525 196 596 2153 24 24 287 140 46 NA 182 38 1242
22 87 481 190 319 2310 23 18 286 118 42 NA 200 55 1210
11 78 545 204 578 2115 20 19 298 177 47 1 113 44 1187
18 84 516 203 665 2277 19 10 310 117 54 NA 201 52 1231
29 101 502 210 654 2087 13 23 282 52 45 NA 180 43 1286
26 96 485 226 580 2176 21 9 266 157 37 1 194 43 1228
10 95 523 205 643 2193 28 19 278 19 37 1 206 44 1236
17 92 552 205 619 2174 29 9 260 81 19 2 187 39 1239
45 99 527 211 662 2213 17 11 229 75 44 1 204 51 1276
26 89 485 181 588 2098 23 21 296 88 44 6 188 65 1096
44 84 495 219 620 2316 21 17 297 86 53 3 175 36 1319
24 92 499 221 632 2110 29 17 270 63 60 2 180 31 1262
7 101 542 216 611 2068 16 30 296 90 47 1 191 47 1220
45 110 516 254 649 2280 40 18 271 109 67 NA 222 51 1180
14 75 488 201 571 2243 25 20 283 117 44 NA 193 46 1267
15 88 513 183 643 2192 20 9 265 37 40 NA 96 48 1189
41 58 541 216 582 2143 17 20 268 44 51 1 204 31 1299
22 76 487 229 659 2249 31 17 271 43 30 NA 207 39 1328
10 74 451 195 590 2278 17 14 285 52 60 NA 235 43 1276
20 77 477 172 573 2218 24 3 278 148 40 2 199 52 1255
14 71 440 213 630 2080 14 20 273 110 34 NA 203 52 1313
52 49 469 222 536 2155 33 25 325 46 57 NA 192 33 1271
6 70 422 192 554 2254 13 18 278 45 48 1 193 48 1218
12 73 462 178 644 2198 19 16 259 50 53 NA 198 49 1242
20 80 538 199 573 2065 21 21 277 46 39 NA 212 40 1173
64 107 511 196 607 2229 24 10 253 49 35 NA 201 17 1266
14 95 564 221 631 2282 70 26 316 80 44 NA 217 37 1297
28 117 487 177 558 2096 11 15 265 47 46 2 225 39 1272
20 45 574 201 646 2217 20 10 314 27 49 2 205 44 1299
10 108 513 210 625 2155 34 5 275 104 48 NA 202 58 1253
47 98 511 266 688 2212 18 4 287 141 38 NA 237 42 1304
34 97 515 223 703 2089 26 13 245 55 37 1 229 13 1221
18 67 481 183 613 2311 17 21 298 52 33 1 210 46 1266
27 87 499 230 657 2175 23 17 285 22 40 NA 208 48 1256
49 97 485 200 670 2193 26 11 282 78 45 1 185 45 1311
18 84 510 168 648 2186 15 13 292 37 54 1 203 40 1235
42 109 483 213 645 2169 11 14 312 73 47 NA 235 50 1232
15 103 540 209 633 2201 23 15 299 76 34 NA 190 48 1236
31 92 404 196 615 2133 25 5 275 74 28 1 192 40 1249
15 89 487 188 609 2230 19 19 287 52 44 NA 229 46 1255
15 105 467 231 600 2234 28 7 266 71 45 NA 210 64 1312
49 130 474 215 531 2062 63 10 279 35 51 1 201 23 1313
25 106 584 239 658 2271 39 15 282 38 40 1 190 57 1279
17 85 487 215 667 2135 14 21 266 45 42 3 200 54 1314
19 90 475 220 679 2157 32 7 276 46 44 2 200 58 1258
19 104 487 230 649 2169 29 6 286 67 60 1 190 42 1330
10 112 503 241 598 2228 17 15 258 69 43 NA 246 41 1412
7 105 503 193 564 2149 34 19 283 77 28 NA 170 53 1348
50 102 522 197 604 2161 20 12 272 90 54 NA 171 35 1309
15 76 502 177 662 2175 9 9 255 130 32 3 199 45 1417
29 80 516 210 647 2171 18 15 249 72 33 2 93 33 1268
29 113 512 258 687 2216 20 19 283 81 52 NA 195 46 1195
17 89 484 168 617 2197 13 11 265 51 41 NA 178 44 1295
13 105 456 202 553 2129 14 15 261 69 43 NA 193 46 1238
32 99 517 206 608 2213 32 12 282 66 35 1 229 48 1214
25 114 507 228 635 2172 17 13 238 38 20 NA 195 38 1261
22 76 499 186 642 2175 12 13 273 58 51 2 207 42 1288
31 101 484 190 583 2106 35 19 285 58 35 1 215 47 1289
20 99 441 194 638 2206 19 24 255 133 46 NA 185 40 1235
5 89 494 239 642 2238 18 19 254 62 45 NA 182 43 1224
33 100 478 203 587 2169 33 11 289 26 35 1 199 47 1290
31 80 435 188 534 2163 14 9 323 78 37 NA 207 44 1337
23 104 502 248 646 2379 44 13 253 70 39 NA 193 54 1229
55 122 512 213 642 2254 12 17 284 45 64 NA 242 45 1208
5 101 471 193 610 2129 15 25 311 57 38 1 211 38 1206
42 97 481 246 652 2218 28 11 294 72 40 NA 173 39 1277
10 97 557 187 662 2236 29 12 285 56 53 1 184 14 1228
