"kdkd" "kukd" "kuku" "pkd" "pku" "pp" "tdkd" "tdku" "tdp" "tdtd" "tukd" "tuku" "tup" "tutd" "tutu"
189 289 1455 655 1568 12626 57 47 865 174 73 1 407 81 3094
129 290 1458 650 1568 12527 66 53 799 179 72 1 388 89 3056
175 289 1481 693 1613 12852 61 51 867 215 77 NA 442 90 3120
117 306 1472 681 1643 12784 68 48 868 121 81 1 392 77 3033
183 322 1506 727 1657 12748 71 62 920 193 80 NA 433 84 3124
164 313 1455 730 1584 12633 52 48 889 191 86 1 406 92 3023
196 296 1457 701 1634 12588 61 56 810 177 79 NA 410 45 3002
153 308 1462 675 1608 12789 63 54 886 166 69 1 400 92 3137
151 285 1480 690 1598 12480 55 55 826 173 77 NA 405 82 3071
133 303 1462 658 1578 12446 42 52 815 201 74 NA 408 87 3126
127 279 1468 629 1567 12561 74 48 841 134 77 1 396 84 3118
117 292 1447 656 1575 12626 67 56 841 201 83 NA 431 83 3045
180 308 1466 711 1609 12649 65 50 887 146 73 1 417 90 3053
159 289 1438 659 1572 12666 60 52 865 189 73 1 404 76 3073
188 319 1494 726 1629 12323 62 46 900 170 80 NA 377 86 3062
147 296 1462 668 1594 12636 58 49 878 91 76 1 400 84 3067
150 308 1455 713 1575 12815 60 50 846 160 85 1 401 43 3056
110 308 1473 661 1593 12527 67 60 825 227 84 1 405 90 3071
182 313 1407 716 1556 12671 59 47 862 145 82 1 401 78 3023
169 309 1458 723 1597 12655 73 55 801 176 79 1 416 90 3098
185 320 1485 719 1636 12523 70 46 902 190 76 NA 428 86 3020
162 320 1502 663 1652 12836 51 54 857 167 82 1 403 87 3121
65 289 1446 676 1577 12709 64 53 880 193 80 1 427 91 3072
152 303 1470 674 1585 12647 53 45 734 124 79 1 407 83 3104
179 310 1488 723 1637 12586 59 60 883 138 82 1 387 82 3049
141 302 1480 633 1589 12486 51 47 849 178 73 NA 406 84 3123
118 282 1427 672 1557 12831 57 53 832 100 73 1 393 83 3056
169 287 1466 662 1620 12608 60 52 893 162 67 NA 408 82 3101
166 285 1432 636 1559 12411 54 47 881 166 76 1 419 44 3076
119 323 1519 706 1670 12732 73 53 836 162 80 NA 409 81 3067
139 282 1444 645 1559 12789 50 49 790 186 60 1 415 90 3138
152 297 1464 683 1611 12776 58 53 857 191 70 1 410 88 3088
130 287 1452 705 1582 12938 68 44 820 141 82 NA 423 83 3090
197 307 1469 722 1611 12637 74 56 863 151 80 1 398 83 3069
118 309 1493 638 1600 12482 62 57 835 172 75 1 398 93 3078
106 315 1461 674 1599 12483 61 65 865 178 88 NA 402 78 3010
196 311 1443 717 1588 12438 56 57 826 111 68 NA 393 88 3036
140 290 1491 655 1629 12523 56 58 811 140 82 1 419 86 3018
164 309 1477 709 1579 12357 52 52 803 135 71 NA 408 90 3125
176 304 1474 715 1629 12558 79 59 789 156 69 NA 394 84 3110
161 312 1481 696 1637 12431 73 39 807 179 80 1 413 82 3116
174 310 1487 711 1616 12996 60 55 806 175 78 NA 421 83 3137
110 275 1485 635 1608 12784 58 53 776 179 70 1 404 89 3089
156 298 1475 677 1643 12550 55 50 783 177 83 NA 405 87 3066
131 300 1464 680 1637 12693 74 46 766 149 79 NA 401 97 3109
160 313 1524 678 1636 12507 47 52 840 187 87 NA 418 81 3118
128 333 1469 695 1610 12590 62 49 761 185 77 1 406 83 3003
182 284 1435 658 1589 12457 73 49 791 113 82 1 411 82 3073
157 295 1473 661 1579 12760 67 53 838 195 78 1 392 87 3069
178 313 1465 681 1605 12498 62 51 814 169 78 NA 385 83 3015
121 312 1488 624 1636 12437 53 58 821 192 75 1 402 92 3058
186 308 1511 673 1603 12563 58 52 849 183 76 NA 406 90 3081
176 321 1481 683 1578 12513 65 45 874 162 71 1 390 79 3055
181 308 1502 751 1627 12627 70 63 882 111 68 1 414 88 3083
116 305 1480 659 1606 12724 63 41 744 170 75 NA 407 81 3113
169 314 1495 715 1643 12452 55 51 741 163 78 1 410 77 3057
159 311 1462 705 1596 12574 68 51 846 128 72 1 412 87 3054
182 300 1469 675 1600 12584 57 62 843 183 80 1 425 85 3121
121 311 1461 705 1617 12793 71 58 857 185 86 1 413 83 3099
136 328 1458 716 1572 12692 69 57 920 178 71 1 400 81 3091
175 297 1448 687 1561 12649 62 51 844 198 75 1 408 89 3051
114 299 1472 665 1617 12689 66 51 863 167 81 NA 404 79 3042
135 291 1429 662 1568 12751 61 49 886 148 77 1 403 94 3123
182 312 1474 729 1620 12494 61 26 875 180 83 1 420 87 3087
108 273 1469 629 1604 12761 47 35 749 107 78 1 427 88 3076
122 327 1466 703 1623 12730 41 54 862 160 76 1 428 81 3060
162 313 1498 697 1609 12660 54 54 955 162 81 NA 398 92 3080
152 339 1497 703 1630 12901 79 58 844 201 83 NA 429 86 3093
122 301 1467 666 1626 12766 68 56 893 182 85 1 414 86 3045
146 304 1493 691 1616 12359 56 51 846 178 72 NA 426 93 3075
162 287 1467 694 1603 12657 67 53 864 174 61 NA 403 82 3000
173 302 1460 711 1622 12818 47 49 808 186 83 1 415 77 3059
111 298 1451 695 1598 12488 33 55 837 145 80 1 384 90 3061
64 258 1430 640 1546 12667 69 53 839 187 74 NA 405 93 3044
186 293 1447 726 1543 12539 74 58 852 154 82 1 406 81 3086
153 317 1488 687 1615 12438 59 61 845 180 77 NA 394 91 3053
176 298 1453 692 1593 12814 65 49 820 115 69 NA 389 88 3055
177 313 1464 724 1661 12372 62 49 845 181 73 1 386 84 3013
160 301 1443 708 1553 12658 53 48 850 164 75 NA 413 90 3093
179 306 1475 720 1596 12982 56 51 839 149 70 NA 372 81 3062
167 296 1463 679 1573 12617 50 45 776 156 70 1 412 79 3083
144 301 1439 692 1603 12527 79 59 853 177 86 1 420 83 3054
116 311 1445 650 1564 12395 69 52 937 183 78 NA 416 93 3052
145 299 1451 669 1583 12485 55 58 888 153 76 1 421 93 3104
163 307 1458 705 1623 12793 67 51 860 172 81 1 428 97 3079
188 322 1519 737 1682 12856 68 50 854 143 65 1 409 85 3062
179 318 1473 706 1587 12517 35 50 873 190 80 1 415 94 3052
125 273 1493 644 1615 12609 52 53 868 100 76 1 407 86 3079
100 287 1452 630 1586 12397 64 50 820 162 76 NA 196 81 3090
121 305 1500 683 1629 12670 68 59 873 153 80 1 415 93 3058
173 293 1481 642 1602 12529 55 48 843 97 81 1 413 95 3102
160 321 1534 667 1664 12472 24 56 844 116 71 1 406 95 3021
165 324 1493 708 1624 12761 76 53 752 118 73 1 406 86 3115
113 284 1424 665 1572 12755 64 57 898 183 79 NA 415 94 3055
105 300 1497 671 1657 12591 53 52 866 195 79 NA 389 91 3077
157 327 1493 744 1591 12636 67 59 855 141 83 1 415 86 3081
130 289 1478 630 1617 12516 48 64 807 177 78 1 409 96 3066
179 307 1453 739 1583 12726 76 45 806 143 75 1 417 42 3112
169 308 1459 694 1610 13069 59 49 813 161 87 1 416 95 3085
135 327 1511 690 1640 12580 62 61 894 201 64 1 202 93 3132
