"kdkd" "kukd" "kuku" "pkd" "pku" "pp" "tdkd" "tdku" "tdp" "tdtd" "tukd" "tup" "tutd" "tutu" "tuku"
28 92 284 70 252 428 17 3 65 19 11 30 16 85 NA
57 123 287 81 250 460 14 7 65 20 6 31 15 75 NA
53 137 280 108 232 459 5 4 69 13 7 28 12 48 NA
30 70 331 67 230 424 6 17 51 10 4 19 13 71 NA
19 92 268 69 270 502 15 2 72 24 11 31 13 77 NA
42 117 305 97 225 456 3 11 62 18 6 18 12 52 NA
31 85 325 67 265 467 10 8 84 18 9 18 9 74 NA
40 117 302 85 252 453 15 5 68 16 13 32 16 63 NA
48 103 307 64 259 498 7 8 58 8 13 29 11 84 NA
34 118 280 78 278 484 9 8 79 17 6 29 9 88 NA
61 108 366 74 222 385 7 4 70 20 12 18 16 84 NA
12 80 287 76 287 473 25 1 56 14 13 36 16 78 NA
33 114 327 85 243 446 7 5 51 15 8 29 25 62 NA
15 87 314 77 243 497 10 15 73 6 10 35 17 66 NA
24 97 285 76 145 454 12 6 62 15 3 32 18 58 NA
28 91 314 67 258 449 5 2 57 6 7 34 6 69 NA
46 108 305 68 231 380 9 9 65 15 3 35 6 75 1
39 96 324 78 255 442 13 12 59 14 15 16 11 74 NA
33 100 288 80 258 482 21 3 58 14 9 28 11 65 NA
77 131 326 98 219 453 6 6 54 15 12 26 12 68 NA
53 112 333 110 236 505 6 8 59 14 9 23 20 90 NA
29 98 253 64 233 467 9 7 75 17 9 25 8 59 1
31 90 284 60 216 451 NA 7 74 16 12 30 17 83 NA
42 117 308 82 247 477 4 7 66 13 5 20 5 74 1
36 115 316 84 269 475 16 6 55 12 6 20 13 66 NA
35 90 290 70 251 519 14 3 71 23 14 22 10 59 NA
32 98 324 76 278 560 3 10 65 24 3 20 12 77 NA
34 76 283 70 207 420 1 3 67 21 10 13 18 79 NA
45 107 351 78 351 478 6 4 59 15 6 16 14 46 NA
43 107 279 74 210 472 5 3 66 26 10 31 16 71 NA
53 112 346 73 260 466 3 7 59 24 8 29 5 57 NA
30 118 312 65 243 453 5 14 63 11 5 29 19 81 NA
60 117 278 90 254 506 8 4 66 16 10 34 16 73 NA
38 98 323 87 273 466 19 16 62 16 4 22 28 69 NA
24 94 269 68 270 446 11 7 60 13 2 25 14 70 2
38 103 396 75 344 512 16 10 75 13 10 28 16 76 NA
16 107 315 67 247 453 5 5 64 15 9 19 13 58 NA
48 115 346 77 288 463 10 6 82 16 9 38 12 55 NA
54 139 320 107 291 491 4 9 68 10 8 28 13 65 NA
30 112 294 75 289 473 14 23 71 16 7 30 18 69 1
45 95 315 63 299 428 7 7 73 11 6 27 13 61 NA
42 100 310 90 269 467 15 6 55 16 13 31 11 64 NA
43 104 353 64 310 489 8 18 69 18 10 27 5 72 NA
46 136 294 85 288 474 10 4 60 16 5 31 21 73 NA
40 124 306 76 243 428 16 6 63 13 10 31 11 70 NA
24 110 284 67 306 490 9 6 56 6 12 39 9 91 NA
61 83 254 69 195 421 2 NA 44 18 6 32 16 50 NA
42 116 336 98 290 478 12 9 83 15 9 26 11 69 NA
32 93 304 91 280 476 9 7 66 20 10 39 12 48 NA
54 102 305 73 237 515 5 12 61 8 4 21 24 60 NA
26 121 319 83 250 464 8 9 73 13 4 32 14 76 NA
35 89 306 68 264 403 12 7 54 22 3 31 18 60 NA
42 58 355 89 263 456 14 25 69 14 16 42 15 80 NA
35 139 336 67 248 499 8 9 52 19 18 17 10 60 NA
50 98 323 64 236 475 10 5 79 13 5 25 6 73 NA
25 114 331 63 284 467 7 9 32 17 12 35 16 59 NA
35 104 271 96 258 485 7 3 65 11 6 29 14 70 NA
35 106 364 61 256 481 19 11 63 12 7 16 13 57 NA
45 101 292 43 216 431 12 2 92 14 9 19 14 69 3
27 105 302 73 257 490 4 6 71 19 7 31 24 51 NA
41 121 288 69 229 461 13 10 53 14 11 17 10 60 NA
29 111 266 69 217 439 16 10 52 12 11 38 17 55 NA
32 86 261 41 231 487 8 7 75 10 11 27 12 83 NA
29 97 297 89 303 506 6 8 67 13 11 29 20 74 NA
51 128 299 77 287 476 8 8 66 9 3 25 14 75 NA
24 108 314 79 276 429 21 14 86 16 6 24 21 66 NA
23 86 346 34 262 421 5 5 46 18 3 30 16 66 NA
30 122 272 87 206 512 11 5 69 12 14 30 19 70 NA
32 92 337 64 204 423 6 7 52 5 9 31 12 64 NA
38 107 298 82 308 485 1 3 62 7 5 23 14 57 NA
33 132 335 85 281 451 16 5 64 13 4 32 8 63 NA
63 126 367 103 299 460 2 6 61 5 6 24 7 53 NA
35 100 312 70 232 447 14 12 27 6 7 28 11 76 NA
40 124 305 76 292 496 6 4 58 17 9 21 21 71 1
32 96 352 107 322 498 10 8 70 21 13 32 9 72 NA
35 100 282 62 297 540 12 9 56 16 5 23 25 97 NA
28 103 318 70 271 490 10 9 49 21 9 12 20 89 NA
29 109 312 82 228 414 15 7 54 18 7 20 16 64 NA
36 90 288 75 238 479 5 3 56 16 11 23 14 55 NA
36 126 361 84 267 469 18 15 55 21 8 28 22 82 NA
34 99 282 79 126 444 17 11 73 17 13 32 10 65 NA
39 128 331 73 309 542 31 14 76 24 15 27 30 76 NA
64 128 333 94 284 518 17 12 62 11 11 16 13 63 NA
33 105 307 67 285 464 1 3 50 14 7 20 24 89 NA
30 86 294 64 275 509 8 3 70 18 14 29 11 74 NA
45 116 281 78 220 471 24 15 75 10 9 21 19 73 NA
37 145 313 84 288 494 7 5 46 15 6 20 9 77 NA
27 99 309 90 252 442 3 5 52 9 11 24 12 68 NA
29 101 286 75 225 449 4 6 53 15 5 26 17 50 NA
23 106 366 83 307 483 11 5 24 5 14 18 7 49 NA
25 108 281 89 136 471 9 7 63 5 10 26 5 94 NA
43 111 349 84 292 468 9 3 63 17 11 31 15 64 1
52 124 343 88 292 476 3 16 77 11 18 44 14 78 NA
44 107 305 94 257 517 14 11 68 16 14 19 7 78 NA
40 121 338 87 247 464 15 20 60 15 8 22 14 63 NA
54 111 340 107 310 551 5 5 66 15 12 25 20 69 NA
40 99 315 78 239 481 4 6 76 14 8 26 10 75 NA
46 109 344 72 292 495 6 3 65 20 11 27 19 60 NA
48 72 244 62 241 494 6 1 51 18 6 27 18 76 NA
28 79 333 59 255 460 6 13 58 8 5 38 30 70 NA
