"kdkd" "kukd" "kuku" "pkd" "pku" "pp" "tdkd" "tdku" "tdp" "tdtd" "tukd" "tuku" "tup" "tutd" "tutu"
30 198 874 393 1046 3234 66 24 417 67 56 5 224 62 1118
53 167 884 374 1230 3367 31 26 399 57 74 3 224 78 997
49 188 818 351 1077 3207 35 26 415 96 49 3 232 82 1012
36 133 789 323 1137 3159 38 33 363 98 57 1 223 55 1046
43 164 894 382 1189 3234 37 20 386 97 46 1 233 77 1008
31 160 867 324 991 3090 21 18 376 77 74 1 225 58 1040
26 199 848 366 1040 3101 48 15 399 100 64 NA 249 65 1099
44 160 943 344 1199 3406 23 31 408 100 71 3 260 63 1101
37 164 867 302 994 3073 26 24 442 89 75 NA 222 63 987
44 176 881 369 1016 3106 36 14 378 55 41 1 222 46 1128
22 171 923 325 1175 3246 22 27 365 47 75 NA 198 56 989
51 187 879 374 1111 3307 36 10 427 59 49 NA 247 62 1140
50 144 846 291 1005 3046 44 27 385 80 70 1 222 59 1011
52 192 861 358 1114 3141 35 30 411 39 56 1 226 54 1039
14 152 885 299 1069 3238 51 20 336 115 68 NA 227 44 1063
52 210 780 359 1007 3292 42 28 419 101 76 NA 285 48 1057
77 203 913 329 1155 3184 65 34 389 109 75 1 231 68 1049
34 173 960 358 1192 3471 34 12 382 76 63 1 260 26 1235
38 131 854 287 1109 3145 30 34 428 82 63 NA 205 64 1008
23 197 900 331 1097 3169 57 23 364 52 49 3 248 56 1135
35 180 885 411 1098 3343 31 20 364 83 53 NA 238 77 1055
28 154 813 385 1128 3409 36 14 388 97 58 4 239 41 1017
78 249 872 360 1110 3150 55 29 352 53 48 NA 262 66 972
29 188 747 308 978 3209 33 25 401 69 50 1 268 28 1006
65 195 871 318 1034 3099 43 30 378 67 54 NA 232 58 1037
44 169 861 362 1121 3314 27 23 359 83 53 1 103 58 1033
41 168 824 308 1017 3166 55 31 404 45 80 1 249 65 1055
30 171 896 314 1178 3194 48 36 402 68 67 NA 224 60 1109
39 176 970 320 1096 3191 42 32 396 45 62 NA 231 28 1053
53 156 952 335 1159 3272 41 16 390 79 69 3 259 58 1093
83 189 826 380 905 3316 33 28 398 83 56 3 211 57 1093
20 146 877 342 1058 3154 47 10 426 132 83 2 243 56 1138
34 155 856 304 1001 3127 23 29 368 87 60 1 262 56 990
49 232 942 362 1054 3185 28 22 377 57 55 1 234 67 1013
33 159 833 361 950 3103 53 23 390 123 77 1 283 54 1095
34 175 876 390 1181 3450 15 18 380 84 51 NA 232 65 1039
21 168 912 355 1079 3226 25 11 338 72 64 NA 239 65 1066
66 168 916 371 1022 3205 20 15 418 62 57 3 234 53 998
57 206 807 358 1094 3072 50 20 393 66 55 NA 270 55 1144
58 184 857 353 1097 3354 10 11 389 58 64 NA 250 53 1088
29 127 880 337 1016 3185 33 10 419 77 53 NA 264 58 1072
26 166 873 318 1084 3357 43 13 423 52 46 1 250 64 1036
56 164 922 338 1098 3334 10 14 366 70 60 NA 227 59 1049
44 178 907 374 1178 3079 46 32 388 120 65 1 254 66 987
35 174 942 357 1138 3209 42 16 382 65 65 2 246 41 1029
32 188 872 364 1130 3284 36 42 473 66 77 3 215 68 1060
40 178 898 372 1036 3307 64 30 392 73 57 1 241 77 1087
21 185 890 401 1243 3282 28 41 395 60 61 3 234 66 1132
41 167 895 336 1108 3049 26 36 374 86 65 NA 223 75 974
49 222 885 372 1107 3169 40 23 397 48 57 NA 200 63 1038
89 191 910 375 1266 3274 49 17 414 72 55 1 212 77 1059
21 178 916 332 1182 3169 42 13 422 50 47 3 242 74 1141
33 206 874 386 980 3156 43 26 370 46 71 NA 199 59 1171
36 151 754 329 965 3351 34 22 457 79 63 2 276 50 1131
85 194 935 343 1051 3171 36 24 397 63 77 2 223 48 1075
44 157 894 332 1151 3260 45 34 380 99 62 6 241 69 986
35 191 925 375 1056 3128 35 15 406 52 65 2 205 67 1108
47 184 851 344 1096 3160 16 26 394 80 53 1 214 55 1094
50 163 903 341 1110 3257 24 14 424 87 79 4 251 72 1060
30 161 932 339 1008 3168 46 18 410 69 63 NA 226 59 1052
44 175 856 304 1135 3405 19 16 359 52 59 2 207 61 1002
41 183 965 329 1022 3170 34 37 422 73 62 NA 245 53 1130
25 141 886 339 1089 3171 20 22 403 104 45 NA 207 65 936
60 155 817 313 1100 3304 41 27 404 58 58 NA 243 61 1171
39 182 876 363 1003 3333 29 26 383 49 43 NA 257 43 1177
34 165 835 335 1017 3111 15 23 408 53 59 2 127 57 1071
45 158 769 331 1043 3211 63 30 378 72 59 1 250 56 1145
27 132 863 375 991 3237 33 25 402 82 54 NA 206 48 1075
36 164 853 287 1097 3190 28 14 381 87 58 NA 245 41 1105
40 150 867 393 1120 3118 46 36 393 94 84 1 222 79 976
43 151 870 337 1005 3126 31 20 386 72 76 4 216 46 1044
53 161 818 326 1005 3149 43 29 387 74 52 1 287 48 946
41 166 850 314 1038 3108 35 27 402 62 56 NA 226 63 1128
27 145 875 316 1062 3172 23 29 371 88 57 1 219 72 943
96 198 903 339 1055 3099 33 19 365 52 67 NA 245 61 1100
36 154 792 334 1025 3124 39 23 194 111 67 1 218 50 1042
48 191 882 355 1030 3207 57 25 410 57 73 1 212 49 1088
36 215 916 383 1121 3201 15 30 341 84 80 2 253 73 1064
42 169 887 330 1033 3210 31 37 375 101 56 NA 241 57 1004
32 175 880 365 1149 3313 41 33 418 65 60 2 243 64 1008
41 204 907 316 1265 3183 53 24 429 89 45 NA 243 57 1096
22 145 903 319 1069 3109 78 14 427 49 65 3 234 78 1108
51 153 867 330 974 3037 37 15 386 67 56 2 239 57 1029
48 185 816 385 1038 3308 45 21 418 67 66 1 205 52 1098
32 152 832 298 950 3045 21 23 365 57 47 6 242 75 1032
32 142 835 377 1007 3313 19 22 391 83 86 4 195 48 1014
16 175 869 374 993 3223 39 25 403 68 66 1 196 56 1098
45 187 920 345 1137 3293 44 29 377 47 67 NA 207 48 1091
50 203 876 407 1093 3159 45 23 343 133 44 NA 215 52 967
38 160 827 308 1063 3162 24 18 434 77 66 2 243 55 1076
47 185 856 361 1071 3287 18 13 363 43 75 2 247 59 1054
55 163 838 316 1034 3117 48 21 355 61 49 1 238 41 1018
33 165 927 331 1160 3202 28 25 408 108 69 1 241 69 966
58 203 864 334 1037 3224 23 21 436 140 36 NA 207 49 1172
58 164 797 419 1065 3105 32 22 366 94 57 4 248 60 1076
28 181 848 319 1020 3008 41 17 338 112 80 3 236 47 1195
45 163 883 342 1042 3040 42 24 378 92 28 1 205 46 927
38 152 897 317 1055 3080 24 36 397 76 76 3 196 50 1058
39 179 950 332 1074 3206 67 20 378 70 53 3 273 65 1064
62 192 818 363 995 3067 29 10 428 92 61 NA 246 58 993
