"kdkd" "kukd" "kuku" "pkd" "pku" "pp" "tdkd" "tdku" "tdp" "tdtd" "tukd" "tup" "tutd" "tutu" "tuku"
51 190 900 378 963 7462 21 26 459 73 63 271 49 1802 NA
76 143 841 357 898 7407 17 28 504 92 37 234 39 1723 NA
124 196 881 427 940 7722 45 30 533 49 52 241 48 1772 NA
63 173 846 401 933 7135 48 27 396 109 40 223 37 1718 NA
88 199 870 474 942 7453 28 22 511 54 59 259 48 1712 NA
116 190 840 393 901 7832 23 18 477 122 45 221 59 1747 NA
118 168 871 396 950 7231 34 31 618 79 45 225 55 1760 1
119 183 833 410 897 6982 31 32 440 142 45 238 59 1730 1
71 163 845 393 910 6899 31 38 512 49 50 230 39 1724 NA
117 201 842 435 893 7172 17 19 472 151 47 240 48 1781 NA
18 159 840 359 896 6956 42 28 466 115 42 229 48 1707 NA
33 172 900 342 958 7213 27 37 498 121 43 235 53 1801 NA
102 184 799 415 867 7430 37 31 549 123 54 241 51 1798 NA
129 181 840 395 919 7089 45 37 465 78 48 222 47 1781 1
95 183 813 203 897 7229 31 34 447 98 42 211 42 1770 1
69 186 851 401 916 7210 24 28 402 91 37 243 48 1777 1
110 198 859 440 956 7582 34 32 501 92 48 214 47 1730 1
66 185 877 378 970 7208 43 39 459 94 47 228 61 1790 NA
59 150 792 352 861 7478 38 28 410 111 49 232 36 1774 1
62 149 826 372 892 7518 37 21 479 139 51 234 45 1748 NA
99 171 866 388 919 7383 38 37 501 67 38 245 50 1728 1
145 181 822 447 937 7577 36 34 438 91 47 246 59 1796 NA
73 185 843 358 933 7419 40 32 418 76 41 239 52 1753 NA
69 159 823 396 886 7361 29 25 492 133 45 245 44 1729 1
102 175 836 418 947 7436 47 30 472 103 36 228 48 1787 1
103 187 861 404 926 7000 17 34 462 110 45 254 60 1725 1
143 191 880 417 967 7432 42 36 442 97 45 230 49 1757 1
93 194 883 391 956 7200 40 34 469 105 57 255 52 1796 1
81 165 825 423 919 6962 35 20 420 110 42 235 50 1796 NA
58 172 821 387 903 7145 39 34 435 58 48 116 52 1743 NA
44 159 807 364 858 7551 29 30 448 118 35 233 51 1762 NA
131 185 868 422 917 7865 22 26 500 76 41 255 44 1736 1
102 183 850 410 938 6937 30 24 492 89 42 216 43 1742 NA
48 160 799 350 885 6847 26 14 465 84 30 207 45 1749 1
40 193 918 388 997 7168 33 43 470 119 56 240 46 1777 NA
79 196 876 396 932 7174 43 21 469 53 47 243 46 1801 1
96 154 778 383 864 7602 54 31 420 133 57 236 56 1767 1
75 185 804 389 862 7076 37 37 501 69 43 232 49 1760 1
90 175 857 420 938 7199 21 22 491 102 54 234 55 1768 NA
118 168 850 376 933 7312 31 41 532 90 48 241 55 1730 1
57 159 832 385 906 7118 28 25 480 99 43 238 52 1718 1
65 147 826 363 897 7451 52 29 461 99 49 246 43 1781 NA
108 199 879 373 949 7869 30 30 488 38 46 221 39 1766 1
159 166 855 424 921 7491 39 26 441 76 44 268 55 1807 NA
92 189 835 388 910 7223 33 27 522 90 48 226 44 1747 1
96 167 826 379 896 7361 22 24 543 93 60 234 49 1810 1
122 163 803 378 912 7171 49 42 442 138 43 243 48 1736 1
98 179 842 366 924 7529 12 22 492 59 45 249 50 1785 NA
29 158 832 363 881 7106 8 10 511 84 50 243 48 1722 NA
87 184 831 390 928 7406 37 32 444 87 15 245 43 1759 NA
70 173 833 374 928 7053 18 31 474 122 46 253 45 1766 1
61 178 840 383 919 7274 56 33 437 90 37 215 57 1759 NA
144 181 877 420 949 7002 41 37 464 113 41 240 50 1805 1
44 172 843 355 911 7605 29 20 523 106 41 220 43 1771 NA
152 184 840 473 957 7321 30 35 494 85 50 245 48 1755 NA
46 189 859 375 955 7663 19 38 577 54 35 232 49 1758 1
128 184 865 438 935 7191 33 33 536 78 38 235 48 1778 NA
55 156 828 362 912 7445 46 29 455 72 49 225 47 1809 1
67 164 803 381 885 7210 45 30 453 123 49 118 45 1725 1
65 172 799 332 842 6894 19 33 534 47 41 223 43 1741 NA
67 184 877 378 946 7611 14 28 440 70 33 241 49 1763 NA
38 168 851 395 946 7463 31 27 443 125 36 243 52 1771 1
76 164 844 413 943 7268 28 28 461 97 48 228 46 1759 NA
102 189 859 406 947 7144 34 35 424 27 49 216 41 1751 NA
68 152 800 387 889 7123 27 13 515 97 44 235 54 1744 NA
114 181 863 417 978 7244 28 26 567 86 45 218 50 1741 1
130 163 825 405 916 7606 23 28 531 132 44 230 48 1793 NA
92 193 879 452 959 7143 43 30 500 122 50 244 56 1779 NA
122 175 880 403 929 7274 38 29 440 64 50 244 44 1779 NA
46 173 836 406 932 7085 23 31 471 45 40 107 62 1778 1
87 175 852 388 959 7374 39 33 515 164 46 224 53 1734 NA
123 184 847 399 926 7437 13 30 524 87 43 247 52 1765 1
91 166 836 395 934 7342 46 42 429 43 44 263 50 1825 1
103 167 832 407 919 6923 44 32 490 90 56 244 44 1770 NA
94 186 825 386 889 7210 45 27 382 160 47 123 47 1736 NA
65 159 882 390 954 7478 40 26 456 79 47 226 43 1743 NA
148 178 838 398 903 7279 23 30 518 69 39 237 56 1800 NA
97 161 789 437 820 7230 29 14 567 125 59 227 49 1753 NA
72 173 824 443 879 7183 45 25 507 117 53 258 54 1759 1
73 182 840 418 914 7206 40 14 438 162 46 239 62 1797 NA
68 181 806 394 867 7388 47 30 473 114 41 229 51 1743 NA
107 199 885 424 941 7473 37 28 537 74 51 252 50 1777 1
111 163 869 410 951 7121 58 35 508 92 44 252 50 1695 1
48 169 862 369 906 7258 38 31 469 70 46 253 50 1769 1
10 188 878 400 977 6841 23 30 536 40 44 217 35 1741 NA
94 174 820 419 896 7177 40 33 428 125 58 254 49 1767 1
61 169 860 423 923 7208 29 42 421 58 50 237 53 1738 NA
145 155 827 418 903 7446 28 32 471 86 41 213 46 1727 NA
93 164 815 387 918 7359 30 37 490 79 45 253 45 1767 NA
53 164 774 369 857 7496 37 31 483 125 47 232 58 1745 1
59 180 832 387 906 7290 41 42 581 92 48 222 43 1801 1
112 172 862 393 940 7099 32 37 524 108 46 216 48 1780 1
107 178 890 388 481 7183 37 36 443 91 53 222 49 1714 NA
66 184 851 383 949 7156 29 34 510 119 35 224 48 1681 NA
104 168 822 402 924 7344 20 32 522 73 44 247 46 1786 NA
93 170 799 390 867 7322 54 30 549 91 39 241 50 1739 NA
99 169 826 386 876 7512 36 19 487 93 40 251 48 1737 NA
117 190 891 429 972 7374 33 27 554 97 41 235 50 1742 NA
89 181 811 400 884 7035 50 30 455 70 43 222 58 1766 1
70 192 871 395 929 7100 14 33 434 116 58 229 53 1731 NA
