"kdkd" "kukd" "kuku" "pkd" "pku" "pp" "tdkd" "tdku" "tdp" "tdtd" "tukd" "tuku" "tup" "tutd" "tutu"
37 103 567 279 743 2571 35 13 325 50 21 6 230 44 1295
59 129 619 298 759 2660 29 18 345 38 67 5 230 41 1254
38 140 618 290 734 2698 20 12 306 45 64 2 195 48 1228
26 148 552 314 726 2607 44 6 330 39 59 NA 115 49 1265
30 123 605 278 721 2610 52 11 316 45 36 NA 174 50 1246
33 117 676 258 790 2555 11 11 315 88 51 1 225 64 1252
45 72 581 136 838 2508 44 16 337 64 57 NA 216 52 1233
101 147 598 282 801 2705 16 19 300 56 66 1 193 32 1243
48 111 679 277 829 2730 18 14 318 66 25 NA 172 50 1194
62 143 587 251 667 2549 12 18 326 61 56 NA 227 18 1173
20 98 647 245 786 2605 28 15 304 93 59 1 244 51 1307
70 123 591 277 753 2648 16 20 378 50 49 NA 208 39 1266
33 109 526 319 741 2598 18 15 274 95 44 NA 253 46 1351
44 125 626 242 865 2686 31 21 311 83 55 1 185 70 1236
55 152 560 291 664 2597 45 11 302 106 48 1 236 56 1205
94 172 637 297 746 2685 25 15 312 80 64 NA 224 54 1298
27 129 651 276 714 2593 59 24 296 50 43 NA 179 53 1176
25 135 615 290 867 2650 47 23 288 41 38 NA 214 49 1263
38 154 626 243 705 2664 52 9 333 109 57 NA 178 51 1285
26 106 587 273 745 2685 17 12 339 60 56 NA 186 24 1284
27 121 592 243 679 2621 54 23 322 71 53 NA 183 58 1275
28 145 597 265 727 2601 54 29 287 43 52 NA 112 57 1208
13 84 590 248 667 2590 37 10 332 79 47 NA 191 44 1254
26 111 612 319 813 2646 35 18 302 121 45 NA 94 38 1208
46 120 607 306 772 2669 22 10 317 86 67 2 238 54 1304
18 135 623 251 833 2677 18 23 322 188 63 1 210 35 1278
37 142 646 317 745 2503 30 5 316 84 51 NA 206 72 1224
27 155 598 300 763 2641 18 9 258 20 84 NA 208 55 1257
25 146 628 267 772 2640 6 8 315 49 60 NA 197 55 1250
17 105 584 246 717 2493 33 11 281 105 46 NA 183 42 1240
38 140 653 270 824 2716 40 21 299 100 57 NA 227 52 1210
50 135 593 312 791 2782 18 19 352 60 30 2 267 54 1186
56 128 646 284 805 2696 41 21 356 44 39 1 216 58 1195
38 155 652 307 818 2741 41 15 305 38 36 1 229 83 1102
29 136 604 302 676 2627 48 17 254 94 56 5 181 49 1206
47 130 770 252 804 2535 35 29 317 61 57 NA 193 54 1300
37 129 586 265 745 2593 42 13 315 58 38 1 210 57 1221
78 142 592 254 813 2611 45 18 307 82 41 1 216 47 1423
62 140 563 143 758 2545 12 17 309 91 55 NA 93 60 1296
23 107 589 260 673 2561 45 19 320 44 64 2 252 51 1218
51 162 678 326 833 2759 38 23 280 74 59 NA 217 36 1247
20 114 578 258 759 2624 28 20 333 120 25 NA 174 54 1163
28 118 558 259 728 2667 27 8 325 56 52 1 202 38 1203
40 131 638 264 716 2566 62 30 338 93 49 NA 227 47 1234
85 136 596 302 837 2721 23 13 309 108 45 NA 223 62 1278
32 112 592 244 701 2557 25 29 326 69 69 NA 232 49 1289
24 110 612 240 753 2674 44 13 265 65 55 NA 210 19 1186
50 128 630 264 733 2642 33 15 302 96 59 NA 208 52 1226
50 105 564 244 808 2571 20 19 344 60 41 NA 210 45 1093
27 118 626 270 770 2666 43 10 318 78 41 NA 171 56 1198
43 146 613 243 784 2799 43 7 290 90 58 NA 225 55 1292
42 110 657 275 801 2625 18 16 298 96 53 NA 208 39 1183
41 144 595 256 669 2644 24 13 310 74 56 3 212 42 1138
29 132 585 285 721 2624 30 19 295 63 65 NA 180 52 1248
16 121 632 257 839 2517 23 15 293 60 53 1 216 40 1189
27 137 575 239 650 2570 20 17 315 52 59 NA 200 38 1221
57 143 688 289 883 2838 34 17 312 40 53 NA 237 69 1259
21 120 634 235 761 2676 33 23 334 32 59 1 203 45 1343
74 150 646 320 725 2595 35 15 375 50 41 NA 218 49 1146
38 131 694 289 844 2596 41 9 298 55 47 NA 212 55 1195
26 69 562 280 718 2545 20 17 275 65 37 1 113 52 1267
23 125 573 264 815 2632 32 14 340 90 47 2 222 53 1243
21 95 619 292 848 2660 45 19 304 73 70 1 199 47 1301
54 141 638 267 787 2669 26 25 341 52 45 NA 205 33 1400
33 135 586 260 652 2664 27 10 341 82 48 1 213 71 1319
38 123 532 251 757 2733 46 33 323 95 65 NA 219 54 1255
46 132 591 280 723 2518 44 28 326 73 67 NA 221 53 1185
17 128 635 261 743 2683 13 15 328 112 45 1 201 57 1219
39 129 604 258 779 2604 18 17 273 68 60 1 274 45 1223
42 74 573 290 701 2622 35 16 296 146 50 NA 214 42 1307
22 120 609 295 686 2553 49 20 296 41 49 NA 190 50 1250
17 102 549 288 703 2567 47 20 324 38 49 NA 211 52 1280
60 173 596 271 695 2623 48 21 293 77 54 1 147 26 1190
21 138 624 300 724 2544 45 19 287 87 66 NA 208 46 1235
42 97 555 269 661 2613 22 13 281 59 37 NA 210 43 1213
26 117 659 268 780 2604 43 19 311 79 54 NA 187 40 1154
35 92 641 248 696 2694 8 9 271 52 55 NA 217 44 1279
19 129 614 251 737 2645 47 24 299 69 38 NA 225 51 1270
17 43 585 255 793 2706 6 18 244 30 44 1 232 49 1195
42 116 622 286 804 2654 18 15 320 79 58 6 237 58 1285
33 119 553 268 739 2613 18 17 311 71 54 1 209 56 1254
47 130 511 246 585 2607 32 10 324 101 63 NA 223 49 1240
17 143 622 259 709 2611 25 12 365 74 57 2 212 53 1337
69 114 631 301 694 2610 29 13 348 71 81 NA 176 56 1262
23 156 627 278 723 2629 28 16 325 78 40 NA 220 41 1140
33 116 663 255 761 2691 37 24 316 44 45 NA 212 57 1257
27 139 579 300 755 2572 28 15 292 163 56 NA 189 42 1235
35 120 690 256 786 2586 28 25 311 97 44 NA 230 53 1320
16 124 639 323 711 2583 27 14 332 54 59 1 235 58 1155
18 126 652 252 746 2612 46 19 332 33 48 5 275 66 1319
39 142 654 272 796 2645 25 13 318 100 77 NA 188 42 1222
46 127 625 307 781 2593 43 19 273 97 66 NA 207 59 1234
51 114 610 268 823 2686 41 20 267 29 66 1 206 62 1307
63 158 700 277 821 2554 22 17 272 62 70 NA 230 53 1233
69 144 607 303 763 2739 21 20 333 54 68 1 215 42 1214
41 108 545 262 722 2695 44 23 301 70 22 NA 209 57 1199
24 119 680 246 782 2695 36 19 322 106 57 1 218 60 1261
30 140 647 274 787 2535 16 4 308 58 59 2 213 52 1157
35 130 654 278 738 2596 44 7 338 71 47 NA 219 25 1237
35 101 578 250 718 2737 37 8 298 64 39 1 252 21 1242
