"kdkd" "kukd" "kuku" "pkd" "pku" "pp" "tdkd" "tdku" "tdp" "tdtd" "tukd" "tup" "tutd" "tutu" "tuku"
22 51 201 129 297 1182 3 1 108 57 9 48 16 459 NA
26 69 233 132 257 1074 12 3 101 23 21 61 18 480 NA
17 56 241 106 304 1097 44 2 141 25 28 70 14 454 NA
20 51 232 102 151 1062 5 3 84 10 16 81 22 450 NA
27 54 277 121 277 1137 37 9 131 20 26 74 17 458 1
18 61 229 146 305 1123 24 7 120 27 15 77 12 446 NA
19 60 229 115 274 1070 14 4 104 48 30 72 6 422 NA
21 24 212 111 283 1107 18 7 111 9 14 60 16 484 NA
1 43 236 120 318 1087 7 3 134 48 29 87 13 466 NA
11 48 243 113 274 1106 27 8 109 26 35 76 13 471 NA
9 48 245 120 317 1088 22 7 122 29 24 78 32 430 1
8 63 276 111 327 1079 8 3 112 17 19 77 19 430 NA
8 52 216 103 322 1051 10 4 117 13 11 65 13 441 NA
6 62 241 139 314 1136 20 1 118 23 27 85 14 465 NA
24 67 255 124 314 1157 7 3 121 30 17 71 14 474 1
20 48 265 147 343 1130 16 9 104 28 20 91 15 477 1
8 64 235 132 354 1124 9 5 123 4 26 78 14 439 NA
16 56 217 115 297 1094 7 10 131 20 21 92 23 454 NA
12 56 278 138 355 1193 14 3 130 21 28 71 17 407 NA
28 69 287 130 272 1086 7 3 111 23 18 94 11 415 NA
18 45 259 124 279 1029 4 3 110 34 18 62 18 494 NA
23 63 209 116 319 1178 17 5 129 4 31 70 10 434 NA
4 46 249 117 332 1151 3 3 113 19 15 82 14 428 NA
11 61 221 108 270 1122 9 4 123 17 11 93 8 451 NA
32 76 259 133 315 1087 10 5 105 26 22 82 15 467 NA
12 62 259 125 313 1079 14 9 113 27 19 64 15 484 NA
9 38 210 103 298 1160 7 4 99 1 18 76 14 453 NA
13 59 260 118 339 1102 4 6 113 10 26 92 14 459 NA
45 68 258 140 303 1105 8 7 99 30 21 77 18 482 NA
18 54 290 111 360 1127 13 4 146 6 29 79 21 437 NA
20 40 249 109 318 1197 5 10 95 11 21 97 13 450 NA
11 59 287 132 357 1140 6 4 105 46 17 76 14 485 NA
3 39 232 100 299 1062 23 4 114 25 14 94 11 420 NA
28 27 252 116 273 1056 6 8 115 21 29 77 18 514 NA
13 43 231 104 313 1143 44 8 136 3 19 64 6 463 NA
21 59 230 116 304 1151 1 3 113 14 26 82 21 461 NA
11 48 250 142 320 1081 5 3 118 10 14 65 19 436 NA
25 56 221 114 272 1155 14 5 103 24 21 84 23 465 NA
41 75 231 114 331 1192 8 4 115 17 24 78 15 435 1
39 60 203 127 279 1053 18 4 104 1 10 96 18 487 NA
11 38 211 109 298 1140 5 10 129 34 24 73 19 424 NA
9 48 219 107 326 1130 15 8 105 18 21 67 8 460 NA
22 66 234 112 320 1008 7 7 114 12 25 70 20 464 1
45 84 278 101 276 1061 13 5 124 47 26 86 13 468 NA
33 66 253 118 316 1133 17 5 90 3 31 82 20 462 NA
9 70 253 113 344 1096 5 11 115 35 11 91 22 446 NA
18 59 236 131 296 1155 7 6 123 6 19 85 9 480 1
4 59 241 95 293 1087 6 3 118 6 19 103 17 419 1
13 56 239 128 283 1121 11 9 142 25 15 69 6 438 NA
12 75 249 122 327 1135 10 4 112 8 17 58 27 449 1
8 50 243 96 309 1145 9 11 132 13 21 81 22 469 NA
40 65 240 132 156 1104 1 7 104 37 8 78 15 476 NA
12 67 208 103 298 1117 26 12 124 15 29 73 7 469 2
5 45 235 118 296 1101 10 2 118 49 17 86 13 422 NA
10 50 256 129 340 1091 3 6 128 24 20 64 13 435 NA
41 64 239 127 283 1101 3 18 115 44 28 91 17 395 NA
7 68 260 101 304 1154 12 5 112 6 22 86 20 452 NA
10 52 248 121 350 1126 8 5 119 21 13 59 20 407 NA
30 61 235 143 328 1116 13 7 103 8 25 79 15 462 NA
12 60 260 91 307 1081 15 7 107 24 30 86 16 482 1
28 82 248 133 287 1143 17 8 107 22 21 95 17 470 NA
19 71 248 114 318 1115 11 7 131 4 13 87 13 459 NA
32 58 247 143 313 1169 3 6 115 12 27 71 25 445 NA
21 66 193 111 127 1084 12 2 106 20 14 91 20 480 NA
18 52 259 110 294 1084 24 5 100 20 25 59 23 429 NA
22 60 199 110 144 1142 19 6 126 18 27 92 16 465 1
17 61 238 107 268 1070 11 8 98 26 23 91 12 513 NA
7 43 188 99 294 1148 7 4 129 2 19 79 20 431 NA
19 65 234 158 294 1117 9 4 104 13 21 66 16 409 1
32 62 231 119 345 1141 12 10 115 22 19 73 17 454 NA
13 68 272 134 283 1098 7 2 95 25 10 75 13 509 NA
23 74 226 134 318 1171 13 7 114 22 23 92 23 447 NA
19 50 234 109 295 1099 8 2 91 14 11 44 11 439 NA
14 26 246 110 302 1113 3 1 100 21 18 68 14 451 1
15 49 267 127 162 1111 7 2 129 5 23 46 24 484 NA
27 80 275 128 356 1106 34 2 98 45 11 64 15 474 NA
12 23 206 102 306 1106 5 5 140 21 23 66 7 438 NA
10 47 256 131 334 1146 11 6 112 6 12 84 16 459 NA
5 49 209 130 339 1126 43 11 130 30 13 72 14 496 NA
25 50 259 134 316 1099 17 6 104 7 28 81 13 493 NA
31 81 237 124 356 1120 17 8 129 6 18 75 17 478 NA
29 70 273 121 277 1070 15 5 121 15 31 81 17 505 NA
30 58 219 155 316 1084 4 16 105 14 31 72 14 432 NA
48 84 254 138 331 1083 10 8 103 13 7 61 16 472 NA
25 53 265 105 295 1128 6 4 127 6 19 83 14 425 1
20 58 251 102 296 1075 22 7 131 12 20 76 3 396 1
19 51 220 121 271 1043 7 8 113 30 26 77 25 502 1
8 41 241 115 312 1120 2 2 132 6 20 80 18 506 NA
27 59 250 137 275 1078 11 3 109 24 19 63 15 463 NA
29 26 227 113 286 1133 25 3 120 9 17 77 21 464 NA
21 50 239 115 267 1054 7 5 113 NA 28 54 16 442 NA
2 39 215 119 247 1084 9 4 121 14 21 70 13 447 NA
24 50 266 111 308 1032 10 5 111 25 18 95 13 426 NA
34 59 252 132 323 1071 13 2 123 29 20 85 16 455 NA
13 55 238 130 323 1087 16 4 129 12 24 71 14 460 NA
28 66 204 133 246 985 46 11 124 11 17 88 20 399 NA
10 19 226 96 301 1150 58 10 141 26 18 88 23 441 NA
23 56 227 122 306 1131 17 7 111 8 23 91 15 460 NA
16 71 286 108 354 1100 6 11 119 7 24 90 18 519 NA
19 56 244 135 302 1113 18 9 124 10 20 54 11 447 NA
