"kdkd" "kukd" "kuku" "pkd" "pku" "pp" "tdkd" "tdku" "tdp" "tdtd" "tukd" "tup" "tutd" "tutu" "tuku"
41 161 723 319 915 3057 33 17 360 34 57 278 54 1395 NA
45 155 708 298 841 3239 27 37 377 111 84 259 70 1436 1
44 149 718 313 845 3188 40 35 400 111 67 298 75 1590 NA
19 140 708 306 883 3054 61 25 383 90 54 256 62 1515 1
21 152 822 346 925 3170 27 18 378 71 66 216 51 1450 3
27 103 712 315 865 3184 42 26 343 149 61 252 54 1602 NA
30 200 806 344 953 3168 26 24 445 97 70 257 34 1645 1
44 161 763 332 865 3202 62 21 377 107 47 246 54 1570 7
46 131 699 283 930 3330 39 21 432 128 83 258 78 1555 2
26 153 681 310 895 3236 86 19 375 105 62 267 54 1507 4
44 155 760 330 969 3101 40 22 360 154 70 294 52 1533 NA
40 140 765 336 901 3029 42 35 396 76 63 249 64 1618 NA
88 163 731 348 929 3167 59 22 359 50 70 216 51 1489 NA
36 128 733 321 917 3222 30 34 382 49 63 262 64 1468 NA
26 127 715 325 986 3131 42 18 409 76 42 259 55 1553 NA
50 149 748 299 998 3321 11 23 384 149 55 249 73 1500 NA
28 133 722 311 990 3189 38 21 394 50 70 276 46 1568 1
52 142 742 343 901 3083 41 21 386 34 53 269 76 1460 1
53 138 757 315 884 3169 43 16 375 112 80 287 74 1433 NA
49 147 627 325 802 3049 69 8 361 73 70 260 85 1483 1
23 134 720 322 915 3144 44 19 321 145 64 235 59 1695 2
53 163 674 348 843 3067 65 42 372 63 40 263 69 1662 NA
60 152 806 334 950 3193 52 31 341 124 58 243 52 1571 NA
77 93 714 326 861 3141 45 18 358 123 76 250 62 1512 NA
29 157 740 285 869 3125 68 9 416 76 77 282 72 1529 3
44 180 695 347 840 3016 60 23 350 83 68 214 56 1609 1
43 198 787 342 966 3212 37 12 398 138 65 224 72 1480 1
33 156 658 329 895 3188 35 22 355 69 63 271 63 1622 1
67 142 775 300 900 3259 72 21 406 72 66 271 72 1547 3
57 146 732 306 941 3086 26 17 360 112 63 256 74 1516 NA
68 151 697 374 871 3165 29 11 366 122 70 267 48 1496 NA
27 143 694 350 888 3142 89 17 367 59 70 271 54 1441 1
19 125 692 313 875 3112 21 23 377 58 59 279 70 1412 3
21 182 744 348 889 3228 61 13 337 121 62 261 83 1702 NA
47 155 701 353 921 3335 27 7 410 71 77 246 66 1588 1
14 126 761 317 913 3083 28 31 369 76 42 225 61 1588 NA
47 165 750 372 947 3092 36 15 357 102 66 262 48 1519 NA
27 123 722 301 870 3090 33 17 394 105 47 262 87 1502 1
44 167 725 356 884 3054 46 26 356 38 75 226 58 1550 NA
76 148 723 346 868 3167 29 31 387 72 56 245 71 1656 1
25 143 738 350 928 3279 40 20 425 131 71 274 66 1487 NA
36 141 722 317 871 3073 29 22 398 86 91 185 58 1519 2
68 186 723 368 850 3259 40 26 412 109 83 263 73 1532 1
85 179 672 422 908 3154 39 13 378 92 61 288 68 1508 1
21 182 759 334 997 3082 66 24 349 95 71 126 56 1546 NA
45 136 730 344 860 3184 37 24 437 72 56 257 63 1532 NA
22 156 757 320 957 3217 46 17 374 58 58 234 78 1439 1
33 142 722 374 883 3310 30 16 376 113 56 305 59 1586 1
27 145 693 318 950 3048 49 29 364 57 94 239 64 1604 NA
56 164 723 323 852 2997 55 22 393 63 76 270 65 1654 NA
32 150 689 305 853 3129 25 23 434 120 57 244 46 1506 1
28 150 672 306 804 3221 22 20 403 52 51 247 66 1515 NA
52 206 741 355 867 3129 39 21 365 121 65 223 84 1442 2
73 148 720 273 933 3112 38 17 367 56 71 272 68 1635 NA
35 136 700 322 953 3221 32 24 415 64 62 286 81 1553 2
23 147 707 322 774 3071 71 33 380 107 85 249 63 1585 NA
40 159 729 334 828 3155 50 23 430 100 52 297 55 1578 2
33 172 721 305 912 3169 43 16 387 113 59 241 85 1632 1
40 134 634 319 856 3132 45 17 348 52 75 265 57 1556 NA
57 140 753 314 899 3114 22 30 370 170 47 295 59 1515 NA
46 116 726 302 915 3102 39 21 382 134 58 138 46 1632 1
46 140 656 320 814 3090 28 15 362 111 73 190 71 1604 NA
20 86 787 328 956 3172 23 8 352 115 54 275 67 1509 2
29 150 713 305 936 3085 51 28 368 46 57 287 84 1527 1
27 130 725 307 894 3156 78 17 367 79 78 305 57 1461 NA
51 190 708 322 877 3275 50 20 363 67 87 146 57 1643 1
30 131 762 319 987 3193 40 13 386 61 80 257 86 1491 NA
49 162 750 331 882 3126 49 29 423 64 60 281 60 1558 1
21 158 723 305 889 3226 44 15 412 67 72 128 61 1579 3
35 124 676 358 804 3286 43 23 327 132 57 261 72 1544 NA
40 174 708 324 930 3150 55 42 399 121 72 267 56 1580 1
46 175 738 344 1004 3195 42 31 362 72 64 253 46 1594 2
31 148 765 332 895 3070 33 13 397 107 77 298 58 1542 2
78 180 717 331 840 3061 42 17 398 60 59 244 63 1560 NA
42 175 785 362 878 3081 22 21 382 149 79 246 70 1538 NA
72 164 734 357 917 3224 32 32 450 95 71 322 60 1570 NA
38 142 698 337 876 3010 31 21 369 85 62 257 77 1479 NA
35 162 785 319 982 3043 37 19 386 61 71 260 79 1536 1
21 153 717 283 924 3141 41 18 383 71 64 267 67 1502 NA
27 147 777 320 979 3202 23 18 395 77 77 251 81 1667 NA
30 123 696 347 812 3134 31 19 375 100 66 253 55 1578 1
52 137 704 328 1009 3206 46 19 186 164 57 240 84 1571 5
44 141 735 316 862 3124 56 26 378 66 60 244 56 1531 1
40 140 741 330 998 3157 54 9 381 84 68 139 48 1533 NA
91 184 763 349 955 3095 36 17 421 151 59 261 81 1624 3
69 165 747 317 944 3186 33 19 377 96 71 306 58 1552 3
29 140 865 338 1006 3219 47 23 181 83 59 290 60 1523 NA
49 184 827 373 989 3225 46 35 429 170 54 246 76 1583 NA
50 160 715 316 832 3159 33 25 371 85 70 237 67 1445 NA
43 151 783 367 903 3137 37 20 398 86 63 266 59 1671 NA
46 143 812 349 989 3202 87 33 429 102 76 282 80 1420 NA
32 153 724 309 932 3054 48 28 414 99 53 235 72 1549 NA
77 202 773 366 898 3189 21 20 409 130 48 247 65 1554 NA
53 190 689 341 894 3321 51 19 403 87 68 120 82 1558 1
42 196 717 344 889 3246 87 18 418 79 66 256 59 1364 NA
30 126 675 332 884 3279 47 27 428 55 64 256 34 1511 NA
24 151 661 280 842 3085 40 24 383 83 63 248 79 1556 NA
23 148 723 297 856 3163 35 22 372 75 54 267 47 1628 NA
62 189 862 364 988 3213 26 25 335 80 60 129 90 1620 NA
47 168 752 301 924 3089 23 21 371 153 60 274 63 1445 2
