"kdkd" "kukd" "kuku" "pkd" "pku" "pp" "tdkd" "tdku" "tdp" "tdtd" "tukd" "tuku" "tup" "tutd" "tutu"
11 91 498 181 592 2201 10 18 284 81 41 1 220 57 1200
12 81 471 208 663 2136 40 13 208 36 55 NA 213 40 1181
22 103 504 220 613 2282 29 13 271 111 49 NA 202 53 1319
23 83 468 217 635 2155 8 25 260 46 57 1 189 42 1267
17 94 498 181 595 2205 23 11 259 51 53 NA 190 37 1279
37 83 465 216 579 2150 26 20 236 59 29 NA 189 44 1326
33 81 536 194 634 2144 18 17 318 103 17 NA 224 49 1309
41 47 470 222 604 2228 34 17 279 89 55 NA 170 53 1262
16 93 509 201 614 2166 42 17 257 56 21 NA 191 47 1297
14 71 504 195 615 2146 17 9 286 95 47 NA 213 43 1273
8 92 491 203 695 2197 26 19 297 84 44 NA 207 52 1323
41 101 515 204 660 2184 21 19 268 56 39 NA 172 43 1201
13 89 467 217 606 2191 21 13 291 70 47 2 210 47 1262
15 76 515 214 647 2269 10 14 310 126 36 NA 179 44 1185
22 86 507 215 640 2198 30 16 258 79 35 NA 205 37 1246
20 86 495 207 654 2299 28 6 270 83 54 NA 225 36 1159
47 107 507 199 592 2189 26 17 291 64 39 1 199 14 1207
24 74 555 221 662 2192 26 12 271 55 23 NA 173 36 1232
31 120 496 209 611 2175 28 13 270 61 44 1 204 47 1329
17 116 569 193 628 2158 49 14 276 74 50 NA 219 42 1295
32 94 471 192 553 2134 37 13 249 66 48 NA 211 46 1300
7 87 557 204 631 2152 19 20 263 52 49 NA 231 47 1224
14 91 450 203 650 2270 29 12 291 52 45 1 230 54 1149
18 99 489 184 666 2168 25 21 321 108 45 NA 187 53 1271
16 78 463 207 582 2238 24 10 278 130 46 1 190 28 1291
10 85 526 210 616 2164 25 16 273 89 47 1 222 33 1296
17 104 468 230 616 2112 34 22 298 67 45 NA 168 36 1284
30 77 548 198 670 2013 29 13 239 55 39 NA 222 31 1254
23 87 474 217 616 2162 27 12 314 48 50 1 227 44 1284
23 108 479 211 631 2118 8 10 265 124 36 1 184 39 1260
35 86 454 202 626 2218 18 13 310 62 48 NA 192 44 1322
31 87 503 181 633 2180 33 5 282 83 40 NA 188 17 1226
13 101 470 184 685 2170 14 23 272 86 42 1 204 56 1157
27 77 482 193 568 2115 33 14 241 44 46 NA 197 32 1265
19 103 498 225 689 2183 29 19 331 65 35 NA 176 56 1336
19 89 454 250 607 2224 51 16 286 63 25 NA 200 39 1254
20 94 457 230 596 2202 40 12 278 99 46 3 211 31 1234
22 88 581 178 346 2205 27 4 265 69 62 NA 178 38 1213
9 37 548 169 659 2159 9 20 269 39 35 2 227 34 1244
25 80 484 171 616 2167 12 15 312 81 58 NA 210 51 1229
24 87 470 207 633 2207 23 21 283 34 44 NA 182 53 1230
12 96 480 183 639 2172 34 21 278 50 46 NA 186 36 1181
28 88 497 207 643 2169 13 17 257 68 45 1 187 41 1216
57 120 476 232 642 2212 19 17 314 54 18 1 193 37 1249
11 74 466 191 625 2153 34 13 268 44 52 3 223 41 1267
19 111 522 237 631 2230 30 9 320 71 35 1 228 44 1348
50 118 501 269 616 2213 22 16 293 45 44 NA 198 37 1266
45 113 500 202 637 2107 56 19 272 59 34 2 185 35 1234
11 87 420 222 605 2281 17 11 308 66 42 1 213 45 1233
7 87 490 198 600 2213 34 15 271 121 53 NA 225 36 1256
6 97 434 197 646 2216 41 13 262 32 45 NA 218 31 1344
21 102 534 188 661 2136 24 17 320 27 42 1 217 53 1228
24 96 503 206 690 2197 22 14 270 93 31 1 191 53 1209
16 102 517 227 663 2241 9 13 261 82 52 1 207 25 1309
38 99 552 224 703 2246 30 11 257 16 50 3 222 32 1205
8 96 482 207 596 2176 16 12 279 41 60 NA 185 50 1166
18 83 443 189 599 2255 31 14 288 51 38 1 190 48 1312
40 97 520 206 643 2173 23 17 267 39 52 1 209 45 1262
21 96 481 213 681 2111 17 11 290 39 31 1 197 38 1276
25 73 533 192 618 2150 13 4 246 79 57 NA 203 37 1252
28 108 529 213 643 2171 27 23 289 82 44 NA 206 38 1259
27 101 493 234 674 2235 29 7 272 47 25 1 206 41 1217
11 103 471 211 618 2175 21 19 319 54 41 NA 210 40 1283
10 109 507 224 666 2214 38 14 307 94 39 NA 202 28 1260
99 121 519 255 570 2200 30 18 292 51 43 NA 192 35 1231
17 107 498 211 598 2097 36 7 249 32 55 NA 194 43 1303
13 65 426 211 609 2241 39 11 302 82 36 1 177 59 1266
14 86 456 185 675 2166 29 9 266 65 42 NA 175 37 1255
15 100 516 197 605 2205 24 18 280 86 51 NA 182 51 1176
4 81 475 195 623 2162 25 21 293 85 39 NA 201 56 1354
28 86 513 213 592 2159 19 22 288 92 48 1 207 41 1228
8 104 486 226 644 2208 21 11 238 95 47 NA 195 60 1200
21 72 464 205 591 2158 27 16 264 60 44 NA 179 41 1243
54 110 532 207 712 2263 13 12 283 35 44 NA 225 36 1247
42 106 502 216 650 2197 33 22 262 50 40 NA 187 33 1226
19 91 449 232 611 2209 26 16 260 59 55 1 219 41 1301
41 111 509 235 614 2212 22 14 275 83 37 NA 217 36 1272
25 89 508 202 606 2150 20 15 265 106 40 NA 216 53 1196
46 110 463 221 615 2200 8 10 243 52 47 1 192 59 1221
16 87 553 210 700 2286 74 26 323 70 25 NA 200 49 1285
16 85 512 195 681 2261 11 7 276 62 31 NA 175 56 1352
23 82 473 219 669 2267 32 24 311 74 41 1 195 59 1177
21 78 473 228 584 2159 22 18 246 51 46 NA 225 52 1209
24 83 504 233 635 2254 19 16 294 75 40 1 241 54 1241
14 82 472 246 610 2219 41 20 281 46 40 NA 202 47 1271
18 88 517 169 653 2093 20 18 274 82 45 NA 188 56 1165
18 90 479 194 605 2218 43 10 251 94 61 NA 194 43 1248
16 84 483 220 651 2169 53 13 320 85 53 3 238 51 1306
18 85 522 191 668 2266 40 14 270 61 36 NA 224 51 1182
31 113 490 228 599 2283 35 19 281 52 41 1 211 49 1243
21 79 483 190 576 2068 26 17 270 43 38 NA 183 51 1232
40 116 522 221 649 2111 15 14 238 52 45 1 199 48 1219
35 46 491 192 633 2155 18 10 307 60 46 NA 156 51 1298
25 103 489 223 580 2154 22 18 296 43 47 NA 210 33 1208
13 96 495 206 616 2195 52 9 291 72 35 1 213 41 1317
6 83 484 181 634 2225 14 11 292 101 43 NA 187 42 1256
16 76 478 178 647 2154 23 28 249 100 39 NA 214 50 1222
33 70 468 203 623 2045 19 13 296 112 36 NA 200 35 1184
18 77 502 163 570 2226 10 19 269 62 44 NA 215 39 1296
20 83 457 224 610 2263 16 4 278 95 35 NA 194 45 1212
