"kdkd" "kukd" "kuku" "pkd" "pku" "pp" "tdkd" "tdku" "tdp" "tdtd" "tukd" "tuku" "tup" "tutd" "tutu"
37 149 830 358 1048 3542 42 25 460 115 58 1 278 61 1889
47 215 833 377 1033 3601 25 25 454 63 68 1 283 81 1697
28 153 798 353 1040 3724 30 28 441 199 69 NA 366 84 1949
36 163 729 413 1003 3748 50 33 443 84 76 NA 321 62 1876
27 162 924 347 1074 3635 43 35 458 104 74 NA 332 95 1875
54 176 752 360 957 3461 30 19 474 122 60 NA 300 80 1776
92 191 791 409 1001 3595 19 24 221 114 92 1 288 99 1851
39 146 762 334 1040 3851 42 29 448 88 69 1 338 99 1810
86 212 899 408 1083 3695 27 35 465 111 68 NA 279 81 1941
29 171 803 367 928 3604 69 28 460 89 75 3 340 73 1920
50 169 842 385 1096 3562 20 23 415 66 85 1 315 90 1829
19 77 763 354 1006 3793 45 34 447 70 61 NA 304 65 1784
64 138 854 365 1037 3648 58 31 488 70 67 NA 332 69 1898
53 206 815 345 1004 3637 46 30 478 193 67 1 336 90 1949
39 156 752 322 977 3620 76 22 456 139 68 NA 313 74 1761
47 180 909 445 1187 3960 60 27 492 123 82 1 358 88 1899
34 153 782 373 1104 3725 70 20 484 79 87 4 313 79 1941
14 154 844 313 1114 3832 27 27 401 109 65 NA 296 81 1810
70 199 894 416 1047 3525 43 35 437 83 72 NA 154 74 1967
45 174 926 363 1133 3721 19 12 453 86 75 NA 316 62 1706
26 145 728 332 1010 3654 62 36 487 51 66 NA 287 58 1785
38 163 843 357 1019 3645 64 27 490 61 71 NA 257 86 1952
32 168 830 398 1066 3730 73 28 430 95 57 1 303 70 1775
70 161 843 361 1053 3916 44 28 490 71 62 1 255 81 1915
73 226 834 435 1095 3767 44 30 489 97 73 1 283 83 1983
48 165 834 352 1051 3721 27 34 452 110 67 1 305 71 1815
66 165 913 338 1018 3704 61 21 460 81 68 1 285 88 1889
37 151 856 350 1019 3676 29 24 458 137 93 NA 297 81 1854
30 167 791 360 938 3628 34 18 470 73 75 1 325 68 1952
29 71 886 366 975 3515 38 21 459 179 74 NA 310 104 1766
54 177 813 425 965 3570 35 21 484 108 82 NA 294 74 1952
63 187 789 366 1030 3716 29 24 441 126 71 1 298 84 1781
46 155 800 345 1065 3807 39 24 464 83 61 NA 261 84 1907
30 154 806 347 1014 3604 43 31 529 109 79 NA 307 69 1948
54 183 840 362 1074 3695 31 17 497 72 90 1 293 47 1828
56 209 896 349 1078 3717 21 26 469 95 81 4 261 86 1758
60 171 872 365 1103 3721 92 31 493 77 58 1 275 68 1914
45 171 807 328 1034 3691 32 14 438 92 75 NA 270 79 1996
66 215 981 352 1064 3558 54 20 430 167 87 1 321 92 1917
82 141 759 405 1002 3660 56 24 507 138 87 1 337 61 1922
49 165 828 371 1082 3752 35 17 446 89 84 NA 337 80 1891
43 177 860 385 1047 3773 73 32 468 122 69 1 331 51 1842
52 192 776 351 1037 3597 32 34 460 176 70 NA 299 65 1739
56 183 841 365 1089 3601 58 22 449 82 75 1 292 80 1760
31 145 920 364 519 3608 42 36 506 63 83 NA 350 66 1947
46 151 848 388 1112 3793 47 22 448 90 73 1 291 93 1737
23 157 841 404 1108 3881 55 35 453 188 80 4 325 78 1747
60 147 811 347 1122 3766 61 30 476 158 85 1 297 82 1787
37 182 799 379 1115 3839 56 13 426 85 70 NA 330 66 1806
59 173 815 342 929 3613 47 27 414 149 47 NA 331 74 1834
45 182 872 344 1074 3659 40 27 444 114 83 NA 320 74 1858
64 84 856 383 1079 3690 48 27 501 66 83 NA 294 73 1929
47 186 795 378 1050 3650 49 24 483 73 103 3 298 72 1835
44 172 834 340 1049 3709 25 24 433 99 98 1 332 93 1781
48 185 882 359 1130 3664 78 19 460 57 65 3 299 58 1817
64 173 799 398 1022 3610 99 35 474 79 65 6 287 70 1950
51 201 855 342 1113 3608 36 28 441 122 84 NA 338 93 1986
24 192 844 334 1048 3666 30 12 425 87 83 2 296 87 1895
44 153 808 337 1045 3648 31 15 468 101 84 NA 327 72 1948
71 171 816 392 1019 3755 31 19 483 90 76 NA 318 81 1820
48 159 819 355 1119 3750 64 26 466 113 70 NA 145 81 1769
53 207 867 386 1059 3573 62 37 426 90 73 1 328 86 2012
33 189 890 355 1006 3430 61 36 479 114 79 NA 297 75 1980
31 166 761 377 955 3646 22 38 501 89 77 NA 287 67 1921
25 206 765 401 983 3582 48 18 512 161 78 1 336 85 1822
44 197 834 381 1086 3599 29 31 424 147 68 NA 303 92 1974
51 189 856 411 1116 3779 37 19 454 88 73 2 309 72 1904
39 173 788 395 970 3563 36 21 443 77 67 1 329 110 1872
39 174 817 376 1120 3725 51 19 474 118 71 NA 291 88 1848
25 178 777 357 1073 3698 13 29 445 144 87 NA 275 99 1954
41 162 879 363 1009 3460 30 30 438 84 80 NA 302 75 1930
83 209 828 441 1094 3928 56 25 483 69 51 NA 329 60 1918
72 209 826 382 976 3592 33 15 451 151 86 1 306 92 1748
61 188 844 413 1046 3648 56 32 446 97 82 NA 316 91 1952
27 186 884 356 1137 3733 64 27 458 73 77 NA 277 69 1870
53 194 908 462 1006 3556 57 24 445 138 81 1 316 73 1885
43 164 866 375 1051 3564 46 24 418 85 75 1 310 80 1862
39 179 882 374 955 3651 54 14 460 114 69 2 344 104 1890
31 72 863 350 965 3791 47 38 478 120 87 NA 292 91 2013
73 187 924 387 1135 3667 39 19 455 88 76 1 299 89 1802
51 192 942 396 964 3583 50 35 504 95 64 NA 325 58 1872
32 161 872 339 1011 3665 79 29 511 171 71 NA 337 84 1922
30 175 903 349 911 3582 63 47 469 82 80 NA 290 87 1838
35 152 815 349 944 3551 45 38 498 141 73 1 320 102 2024
64 185 817 332 1049 3684 51 15 488 103 77 NA 357 74 1979
28 175 732 385 1001 3648 55 25 477 126 86 2 279 83 1871
37 172 789 386 1066 3611 42 27 457 93 65 1 291 80 1828
34 168 868 362 1046 3696 44 25 405 185 65 NA 303 87 1921
20 170 920 396 1090 3654 58 28 493 87 77 3 330 71 1915
38 172 866 382 941 3626 61 26 494 101 65 NA 368 57 1702
28 163 839 384 1020 3740 47 27 494 107 63 NA 332 55 1818
53 175 795 375 1113 3821 66 23 448 122 76 1 340 95 1882
38 172 790 378 1010 3671 59 27 450 74 62 1 341 24 1770
26 155 758 376 1027 3658 56 19 500 157 76 3 321 95 1991
48 213 981 441 1148 3813 47 11 459 93 69 NA 302 80 1943
32 166 868 373 1033 3644 26 45 473 109 84 2 346 100 1820
37 155 792 320 1035 3516 49 28 477 79 75 1 302 69 1963
52 179 778 409 1031 3733 59 27 479 88 71 2 269 91 1883
38 209 856 388 961 3679 41 33 470 105 84 2 269 67 1804
22 161 931 345 1120 3684 57 25 436 120 82 1 300 104 1829
