"kdkd" "kukd" "kuku" "pkd" "pku" "pp" "tdkd" "tdku" "tdp" "tdtd" "tukd" "tup" "tutd" "tutu" "tuku"
49 185 903 418 1205 4270 39 23 501 133 73 388 95 2690 NA
67 180 1058 414 1313 4405 49 29 579 157 87 441 81 2505 1
12 181 954 379 1204 4257 68 28 502 160 90 411 75 2606 NA
36 209 956 410 1292 4532 44 25 602 124 83 409 79 2611 6
99 224 892 407 1169 4303 40 33 546 149 70 374 98 2473 NA
55 148 999 385 1195 4114 35 26 591 138 86 355 82 2533 1
38 224 966 439 1164 4337 53 26 588 204 79 406 104 2420 NA
27 164 942 363 1237 4487 39 40 594 135 72 482 29 2441 1
36 190 969 414 1224 4335 53 38 534 168 82 423 91 2447 3
57 192 984 427 1263 4489 39 18 531 127 87 359 80 2609 NA
57 184 1035 412 1337 4233 48 22 595 130 81 409 116 2574 NA
70 187 1020 371 1196 4394 67 37 556 140 67 372 84 2630 1
52 235 953 405 1293 4433 56 48 567 58 79 329 104 2282 NA
66 197 923 445 1265 4375 44 23 508 149 67 413 95 2530 2
63 214 980 419 1175 4341 47 26 540 128 92 345 105 2639 1
42 161 947 385 1258 4541 84 33 577 141 102 425 86 2512 NA
34 185 1031 441 1303 4433 85 28 581 114 95 418 91 2456 2
65 199 1068 453 1290 4259 31 23 653 185 75 421 96 2419 2
35 177 998 389 1253 4589 62 42 557 209 97 428 107 2533 1
38 181 1050 369 1332 4257 38 36 560 141 96 369 77 2408 1
29 176 1069 452 1293 4440 40 21 509 194 83 372 67 2380 3
41 196 946 442 1199 4441 102 16 567 174 82 421 104 2476 NA
86 200 1022 440 1171 4293 41 21 578 126 97 419 100 2351 NA
95 209 965 430 1260 4388 43 24 533 112 63 360 101 2491 3
101 195 961 432 1206 4381 68 37 573 125 89 351 105 2538 NA
70 198 1097 443 1350 4494 26 33 626 113 80 373 83 2430 1
45 183 1020 400 1198 4238 71 38 569 183 99 346 91 2424 NA
101 213 1089 416 1247 4433 34 18 566 159 74 417 88 2462 NA
55 185 962 407 1180 4241 44 25 578 150 92 478 89 2401 3
37 169 954 452 1167 4418 43 23 605 120 76 380 102 2449 NA
41 191 1034 380 1249 4392 73 19 586 65 85 413 84 2491 NA
54 142 1029 392 1157 4324 47 23 617 64 93 398 76 2563 7
64 180 942 401 1361 4603 35 24 502 196 99 392 55 2658 1
53 207 1048 400 1144 4327 68 38 533 150 76 412 81 2401 NA
40 186 1015 457 1225 4428 38 26 572 84 83 434 118 2491 NA
31 174 954 350 1328 4398 48 21 584 109 102 392 92 2500 1
28 162 1001 417 1240 4328 18 36 638 155 99 405 65 2457 1
42 181 1066 371 1297 4477 57 30 543 178 80 393 95 2474 NA
65 175 949 390 1154 4352 51 37 556 106 82 408 78 2581 1
29 201 986 445 1327 4379 40 26 496 164 100 421 81 2686 NA
86 194 1053 460 1264 4360 50 44 544 123 65 382 93 2456 2
56 182 1006 439 1306 4234 47 19 545 198 80 383 74 2444 6
28 134 857 426 1152 4193 66 22 541 118 84 437 55 2445 NA
25 207 1056 409 1376 4437 71 28 505 165 109 400 105 2395 1
42 166 992 380 1283 4395 52 18 549 126 107 396 68 2695 2
45 191 1049 416 1204 4350 52 35 558 177 85 383 84 2415 1
39 219 908 433 1133 4350 64 43 667 185 83 423 95 2468 1
28 177 957 431 1260 4343 57 26 587 167 91 407 88 2533 NA
36 150 930 428 1192 4334 47 36 520 110 108 387 56 2422 NA
61 222 937 456 1240 4352 28 21 530 127 106 362 99 2501 1
35 199 955 378 1166 4358 60 29 654 116 107 405 103 2691 NA
30 177 1037 404 1398 4634 45 27 615 99 81 428 76 2488 NA
61 186 1021 427 1269 4412 29 40 534 130 97 400 115 2313 2
53 100 983 442 1228 4527 86 36 549 161 85 370 52 2625 2
78 215 948 406 1330 4459 50 24 542 146 94 404 108 2455 NA
24 219 973 469 1209 4391 34 28 567 251 90 391 94 2471 3
34 197 1048 439 1242 4180 53 21 506 179 81 361 82 2502 1
53 192 1007 427 1228 4265 41 35 502 101 102 410 104 2367 1
54 197 996 426 1240 4406 52 24 539 183 86 401 80 2545 3
61 170 973 411 1251 4213 74 41 559 117 88 383 83 2584 5
41 190 998 409 1163 4437 49 37 554 111 92 392 96 2613 NA
92 164 962 415 1280 4416 60 23 563 125 86 426 81 2511 NA
41 161 927 453 1202 4319 63 22 508 191 80 442 93 2381 NA
54 174 1036 414 1307 4463 39 49 580 152 90 447 93 2531 1
34 155 1019 415 1367 4466 54 30 530 104 81 364 105 2412 NA
45 172 1024 390 1307 4296 59 32 491 170 82 362 58 2521 2
30 194 1035 448 1327 4540 46 23 516 136 95 436 72 2494 NA
47 200 1005 392 1249 4252 52 24 603 118 76 424 94 2438 2
63 196 1043 468 1236 4352 48 34 503 104 96 369 90 2522 NA
54 172 1013 414 1368 4381 29 31 555 158 87 368 81 2610 3
47 175 1004 402 1348 4391 66 26 571 97 79 385 83 2395 1
33 190 922 418 1203 4246 103 29 552 91 84 350 82 2478 5
34 160 1002 394 1198 4333 52 49 526 106 71 381 84 2527 NA
42 171 972 409 1242 4247 60 31 489 94 86 403 77 2526 NA
36 174 998 424 1238 4387 60 37 583 156 93 398 91 2399 1
36 180 1007 398 1214 4228 52 28 566 145 67 390 77 2410 1
63 182 992 396 1173 4390 52 39 502 171 72 404 95 2501 3
18 204 1083 378 1271 4424 80 39 534 108 78 400 90 2552 1
61 191 1014 395 1254 4415 40 29 558 122 89 421 69 2422 1
55 170 1046 366 1227 4341 76 38 526 176 95 392 118 2508 1
21 164 907 361 1127 4315 36 25 507 144 87 434 33 2511 2
38 190 994 402 1289 4433 45 34 519 119 113 386 85 2441 1
51 173 1032 421 1151 4269 61 18 564 116 93 379 110 2813 3
51 198 961 335 1265 4468 59 30 582 121 99 375 96 2561 1
62 164 982 402 1208 4439 45 26 566 144 103 430 87 2504 3
45 171 1013 428 1280 4401 78 26 556 143 94 407 73 2575 NA
56 195 970 415 1177 4398 43 34 563 128 79 360 58 2362 1
44 196 1185 432 1165 4201 53 20 547 159 112 461 90 2482 NA
32 230 1028 396 1340 4332 74 29 582 115 114 351 82 2590 2
57 223 1033 402 1282 4373 63 25 598 148 66 405 100 2500 4
60 206 1024 419 1246 4144 45 18 578 145 97 433 75 2397 1
39 188 984 425 1312 4187 32 22 534 127 98 327 70 2473 4
37 219 1047 431 1309 4483 50 15 476 79 93 319 75 2512 NA
38 149 960 369 1180 4418 51 26 536 102 74 372 97 2484 NA
60 167 1004 379 1155 4194 55 21 537 113 86 401 105 2465 1
37 238 1049 453 1383 4610 45 30 546 153 82 412 100 2418 1
62 193 1062 406 1272 4276 35 32 575 211 91 353 94 2562 2
52 185 893 443 1177 4395 62 40 536 168 103 372 114 2315 NA
64 149 961 384 1227 4257 79 41 529 103 100 386 94 2443 NA
67 149 1031 395 1284 4373 54 32 611 186 79 389 86 2438 2
