"kdkd" "kukd" "kuku" "pkd" "pku" "pp" "tdkd" "tdku" "tdp" "tdtd" "tukd" "tup" "tutd" "tutu" "tuku"
19 104 412 184 484 1787 33 15 160 21 47 145 29 767 NA
40 103 391 218 483 1681 20 13 176 22 33 123 33 768 1
15 47 406 201 480 1769 31 17 192 95 52 132 14 729 NA
26 56 408 154 425 1758 19 10 178 47 41 126 27 771 NA
8 71 383 179 558 1761 19 9 176 54 20 114 31 759 NA
61 123 378 213 507 1796 26 18 168 22 24 132 20 795 NA
18 82 370 184 373 1701 14 3 199 27 48 145 28 841 NA
65 82 377 157 476 1793 3 3 188 46 32 134 32 741 NA
24 106 397 217 513 1668 13 15 172 30 37 107 32 791 1
37 102 406 203 493 1671 9 13 195 62 37 153 18 823 NA
24 68 422 185 533 1753 55 15 220 50 21 151 31 804 NA
39 102 387 201 501 1809 17 10 193 81 15 121 21 803 3
42 69 347 218 461 1760 14 14 185 96 26 127 35 741 1
32 69 340 192 436 1704 15 5 232 49 38 153 33 817 NA
22 92 436 181 479 1745 30 5 206 115 40 128 29 767 NA
25 76 409 189 496 1758 49 10 202 23 35 136 19 825 NA
24 82 381 185 514 1868 37 13 193 38 24 115 26 733 NA
9 74 417 212 497 1692 26 7 230 19 38 138 23 757 2
23 86 426 175 486 1784 22 9 194 44 30 122 25 771 NA
24 66 366 167 480 1712 20 12 188 40 40 137 24 718 1
10 69 343 202 509 1703 13 8 197 59 32 64 40 783 NA
31 101 398 188 487 1775 22 19 152 21 16 113 22 766 NA
36 97 447 152 540 1823 26 4 179 33 30 125 25 747 NA
18 88 415 172 578 1714 15 7 188 62 40 133 30 745 NA
16 105 412 174 525 1721 17 5 157 19 39 125 21 752 1
12 67 369 195 478 1709 42 11 194 32 28 103 42 776 1
31 97 385 197 463 1706 35 12 176 18 35 128 16 805 NA
49 108 443 210 478 1737 17 9 172 58 37 139 29 856 NA
44 82 402 199 472 1677 25 15 198 29 20 139 26 851 1
67 85 427 212 538 1738 30 11 201 41 37 125 35 748 NA
39 114 434 195 484 1671 24 6 175 62 34 95 33 737 NA
54 121 458 215 521 1787 11 11 214 36 37 129 17 741 1
43 112 433 163 472 1784 25 13 212 77 38 124 32 747 NA
13 53 398 188 564 1844 20 12 201 56 33 155 21 728 NA
25 94 387 193 531 1748 17 10 197 64 28 131 20 836 1
20 83 380 189 442 1629 17 7 232 114 40 160 22 692 NA
24 85 424 180 519 1729 19 4 207 65 37 128 24 709 NA
12 74 433 192 569 1822 20 14 214 25 23 125 34 757 NA
12 79 345 222 489 1854 15 7 182 13 28 144 26 848 1
6 93 347 186 478 1765 15 13 154 53 30 142 15 817 NA
23 79 408 213 500 1758 9 17 207 27 27 132 31 755 1
65 108 429 197 526 1745 23 9 175 85 53 131 31 788 NA
65 98 347 195 430 1713 24 14 189 31 41 129 27 812 NA
10 37 387 174 466 1715 16 13 188 54 30 141 35 767 1
24 86 360 215 462 1727 45 15 183 57 39 127 33 806 NA
37 81 452 188 469 1666 23 9 175 25 40 149 24 703 NA
14 89 425 158 549 1760 29 12 195 39 22 121 41 746 1
27 74 359 176 408 1728 17 11 168 24 35 138 25 788 NA
20 111 373 213 471 1700 17 6 212 15 45 136 43 718 NA
35 98 391 192 432 1789 17 7 196 101 34 148 37 731 1
11 61 441 166 480 1738 11 13 205 93 31 150 30 758 NA
59 76 405 175 485 1816 13 7 185 15 44 118 29 692 1
15 72 372 209 514 1664 34 13 208 30 37 122 35 767 NA
39 89 402 190 496 1696 8 16 170 80 31 147 38 752 NA
14 71 355 168 459 1775 27 6 248 63 42 124 25 832 NA
18 106 378 200 518 1811 14 11 153 18 34 159 30 753 NA
34 80 366 207 465 1781 16 10 193 2 44 133 30 755 1
14 80 416 202 474 1777 23 7 178 32 30 126 30 678 NA
16 76 340 194 490 1714 20 11 189 26 30 123 29 738 2
14 88 401 179 450 1761 13 19 199 34 45 142 40 786 NA
28 82 422 170 510 1736 17 13 186 81 35 129 34 741 NA
22 98 445 188 495 1862 6 3 181 49 41 136 29 729 NA
41 116 454 214 507 1747 18 8 167 75 21 137 42 810 NA
44 89 410 188 473 1792 22 11 196 55 28 137 29 786 NA
47 123 365 214 483 1640 26 11 185 49 46 130 19 774 NA
16 103 391 207 548 1828 32 5 201 81 35 146 25 738 NA
17 75 374 160 520 1833 28 13 197 67 15 129 34 805 NA
47 123 394 223 471 1703 26 4 169 72 43 148 31 717 NA
24 92 356 212 481 1803 21 19 193 51 26 141 24 690 NA
12 75 403 200 503 1728 13 12 196 66 38 131 30 806 NA
47 91 361 233 579 1838 27 8 221 36 34 131 39 740 NA
17 73 444 234 453 1739 23 12 194 42 28 113 35 743 NA
22 45 397 189 446 1715 24 9 182 10 29 156 34 741 NA
12 88 382 192 514 1768 21 5 186 23 32 128 30 820 NA
32 92 379 220 474 1809 4 11 183 34 38 108 29 765 NA
19 88 400 191 526 1766 13 10 192 45 26 134 34 751 NA
49 105 432 202 520 1737 59 18 218 20 31 147 25 775 NA
21 70 444 203 572 1825 26 11 185 16 36 132 28 795 NA
11 97 429 173 531 1773 15 11 208 39 50 136 37 784 NA
30 90 373 176 493 1663 13 13 194 36 27 139 30 777 1
16 107 379 176 535 1783 65 14 218 52 43 113 30 841 NA
41 105 382 193 461 1819 18 12 181 12 30 161 31 765 NA
17 101 393 191 498 1750 11 13 167 29 29 122 28 734 NA
27 97 350 173 500 1752 8 5 176 45 28 113 44 789 1
28 106 448 239 484 1725 6 21 236 43 40 122 37 856 NA
17 109 393 236 455 1748 10 11 189 41 35 108 16 693 1
9 92 408 211 475 1707 41 20 209 34 44 156 27 789 NA
22 95 393 197 479 1811 19 4 217 18 38 140 30 762 NA
25 97 362 180 463 1757 16 9 243 28 33 134 39 693 NA
37 86 372 193 506 1855 15 9 174 93 27 121 29 773 NA
32 77 379 200 459 1816 17 7 195 7 40 121 26 709 1
41 74 369 151 234 1703 23 3 197 53 39 147 46 723 4
39 92 453 201 557 1754 19 7 223 26 42 120 31 733 1
26 97 395 185 464 1742 26 13 173 24 50 133 31 837 NA
40 92 370 200 462 1707 17 3 198 30 36 143 26 701 NA
38 91 420 216 508 1740 20 16 223 45 14 156 36 813 NA
10 81 396 194 512 1840 26 12 156 38 32 144 39 767 1
5 91 396 176 484 1710 19 13 195 17 44 111 36 789 NA
36 88 410 188 473 1705 19 5 173 16 34 130 19 834 NA
16 79 407 162 495 1731 5 15 194 78 52 106 17 802 NA
