"kdkd" "kukd" "kuku" "pkd" "pku" "pp" "tdkd" "tdku" "tdp" "tdtd" "tukd" "tuku" "tup" "tutd" "tutu"
84 257 1172 556 1495 5576 79 18 724 170 93 6 448 91 3106
77 250 1156 517 1569 5513 74 32 713 251 113 2 490 88 3130
99 241 1303 562 1648 5476 50 42 734 204 126 2 469 88 2958
38 190 1316 507 1775 5619 53 48 709 190 109 NA 480 133 3090
68 255 1309 524 1541 5520 67 28 738 191 101 1 506 151 3087
87 239 1172 518 1494 5442 52 37 675 162 95 5 490 146 3228
55 220 1239 532 1517 5359 69 42 735 258 133 NA 508 118 3212
46 242 1268 494 1550 5379 38 43 667 147 137 1 529 114 3113
53 246 1379 543 1720 5564 72 35 700 261 88 NA 427 111 3262
50 197 1261 475 1655 5515 42 37 630 196 113 NA 414 147 3154
56 229 1181 508 1456 5235 44 41 723 294 123 2 515 130 3257
53 193 1200 513 1601 5647 61 40 668 113 119 1 522 96 3135
71 235 1226 484 1548 5496 66 20 671 137 96 2 501 111 3007
80 233 1231 531 1526 5461 60 37 671 155 112 4 524 112 3195
27 116 1171 509 1499 5472 72 52 695 270 109 3 468 143 3008
56 244 1188 529 1667 5379 41 35 661 189 121 NA 457 128 3069
76 237 1231 559 1621 5670 143 32 757 146 108 4 471 89 3250
53 112 1211 530 1576 5616 67 27 736 157 105 NA 471 103 3197
55 238 1190 532 1497 5413 70 37 653 194 119 2 453 118 3235
60 251 1336 530 1522 5599 53 47 812 235 123 5 499 93 3041
53 259 1238 499 1576 5488 59 39 653 162 103 1 454 76 3171
60 262 1186 553 1476 5360 73 29 694 157 110 NA 507 101 3137
76 198 1268 515 1651 5619 81 48 719 189 124 1 470 102 2975
52 254 1277 557 1537 5397 71 25 694 95 88 4 479 119 3139
66 220 1254 546 1520 5520 60 36 711 148 105 NA 443 110 3232
66 199 1281 496 1528 5319 58 38 663 186 79 NA 493 120 3108
70 302 1236 542 1554 5485 70 34 682 135 123 NA 497 95 3206
48 233 1188 484 1466 5461 76 35 677 200 112 NA 479 127 3167
85 227 1232 526 1606 5440 62 41 694 174 112 1 527 115 3129
55 213 1250 501 1616 5657 42 43 680 110 98 NA 477 106 3291
35 226 1247 435 1475 5700 111 38 769 154 122 1 228 110 3352
23 212 1159 508 1509 5355 56 33 711 166 109 1 458 118 3026
59 218 1307 509 1575 5514 54 37 690 227 99 NA 422 98 3056
90 202 1328 503 1614 5320 91 31 752 229 124 7 555 106 2881
61 235 1303 233 1456 5278 76 53 716 206 137 2 501 125 2992
72 264 1258 589 1671 5603 61 47 709 137 136 7 462 135 3202
53 202 1092 569 1476 5604 70 27 737 209 115 1 475 110 3333
48 201 1153 543 1513 5288 60 65 728 190 122 NA 508 99 3114
22 221 1126 481 1487 5524 54 29 673 224 138 3 557 115 3199
57 212 1214 523 1676 5305 79 33 699 129 107 NA 551 102 3285
69 216 1374 535 1704 5604 56 49 685 149 119 NA 499 133 3047
65 263 1169 530 1508 5230 97 35 631 144 102 4 422 103 3179
85 277 1266 561 1691 5557 56 45 710 203 115 NA 468 104 3040
71 229 1248 517 1644 5575 90 38 646 139 110 NA 487 89 3153
54 231 1381 485 1667 5501 63 37 651 141 107 NA 505 103 3177
49 273 1251 491 1609 5458 61 37 636 97 93 NA 441 101 2875
93 250 1322 521 1662 5544 61 22 676 191 108 NA 474 119 3282
53 201 1221 458 1461 5306 79 33 601 194 123 2 502 89 2984
58 222 1224 517 1585 5275 75 43 682 214 128 NA 552 109 3198
83 251 1170 505 1472 5402 66 35 665 115 101 1 513 106 2930
40 249 1189 634 1616 5628 73 43 725 185 112 NA 472 117 3157
63 267 1346 454 1607 5332 58 36 598 114 129 1 561 103 3254
33 203 1234 436 1617 5467 54 13 662 201 97 1 519 119 3117
38 112 1130 551 1399 5398 61 29 659 156 104 1 500 108 3197
48 210 1244 539 774 5543 20 17 757 216 102 NA 558 107 3184
104 209 1274 512 1524 5515 59 55 677 187 113 2 535 115 3168
47 259 1347 522 1522 5527 55 45 650 123 119 NA 524 115 3337
72 260 1345 528 1677 5314 62 56 751 197 112 NA 522 109 3167
63 220 1171 511 1638 5305 100 23 702 139 80 NA 502 118 3171
65 202 1227 567 1655 5583 51 35 634 235 132 2 564 114 3013
67 291 1353 521 1680 5694 56 51 694 170 125 NA 527 93 3347
66 284 1302 557 1486 5604 48 36 669 260 100 NA 474 114 3185
58 277 1231 558 1436 5269 50 26 698 138 104 1 551 110 3008
54 218 1184 551 1513 5438 93 41 647 246 97 NA 450 109 2990
46 234 1244 470 1534 5470 72 33 691 158 109 1 495 98 3041
62 229 1251 564 1635 5352 56 23 689 209 99 1 493 100 3173
56 246 1261 506 1643 5338 63 37 782 158 112 NA 519 131 3201
69 216 1334 488 1658 5505 32 34 708 171 115 4 479 100 3115
54 215 1170 523 1631 5450 56 49 726 150 119 5 460 111 3358
53 201 1251 547 1659 5505 106 39 699 147 114 1 503 77 3165
57 266 1231 539 1629 5596 72 39 730 282 51 6 492 116 3122
60 113 1232 465 1687 5578 112 51 741 168 111 2 462 111 3072
85 280 1253 544 1522 5368 44 29 719 182 119 3 491 139 3240
95 265 1218 545 1476 5702 72 37 697 232 102 1 569 131 3159
62 239 1227 533 1551 5378 62 42 698 164 96 2 433 101 2997
34 228 1311 506 1732 5674 99 32 666 147 114 NA 476 119 3059
97 278 1253 567 1584 5588 73 33 721 290 99 1 453 101 2992
45 108 1214 558 1659 5608 47 54 693 208 111 3 493 117 3182
89 242 1122 537 1438 5552 66 34 758 134 99 1 571 87 3074
86 238 1154 564 1522 5519 81 38 717 212 113 2 496 130 3246
53 183 1127 461 1462 5378 39 44 678 198 120 1 535 84 3059
67 243 1236 525 1568 5415 50 34 791 143 125 1 475 99 3158
16 190 1134 458 1476 5378 56 47 760 114 97 NA 541 121 3241
45 272 1231 495 1634 5467 74 42 712 133 100 3 478 123 3013
35 207 1217 539 1462 5417 67 18 741 256 122 1 547 81 3288
43 207 1204 460 1541 5622 65 32 703 220 94 NA 507 96 3354
50 205 1276 486 1575 5364 56 33 685 191 117 NA 494 102 3223
43 232 1219 516 1564 5265 31 45 701 114 118 1 466 120 3018
67 186 1303 496 1671 5289 69 19 761 160 113 1 540 115 3177
57 261 1232 521 1661 5601 41 22 661 183 100 1 537 118 3220
72 219 1289 543 1521 5519 30 42 664 169 108 1 467 112 3210
46 243 1309 527 1652 5474 63 31 699 160 118 4 481 78 3144
70 254 1332 530 1562 5203 68 38 675 166 87 1 529 94 3152
87 237 1271 498 1535 5652 68 36 757 149 113 5 535 109 3099
71 238 1274 575 1725 5329 61 49 701 162 104 1 445 96 3055
108 219 1242 540 1448 5355 87 30 674 244 100 11 471 124 3074
54 248 1138 510 1488 5450 105 37 683 135 84 NA 513 96 3125
60 223 1217 511 1563 5502 75 53 689 152 47 NA 471 107 3019
47 227 1188 523 1557 5250 56 64 755 135 110 1 517 98 3174
76 236 1283 502 1534 5395 71 61 664 176 118 1 498 125 3234
