"kdkd" "kukd" "kuku" "pkd" "pku" "pp" "tdkd" "tdku" "tdp" "tdtd" "tukd" "tuku" "tup" "tutd" "tutu"
55 252 1275 513 1627 5617 83 48 694 102 97 1 455 120 3182
71 271 1248 540 1551 5280 114 44 725 224 110 NA 490 139 3249
44 245 1213 560 1490 5545 69 32 719 124 98 1 556 134 3014
96 248 1232 532 1597 5535 46 50 707 277 103 NA 526 150 3214
47 227 1312 486 1621 5389 75 33 652 248 50 1 437 176 3203
38 260 1226 531 1498 5399 68 46 687 243 125 1 469 128 3088
56 268 1153 546 1732 5630 61 27 729 219 125 3 556 128 3142
60 241 1213 544 1526 5485 59 32 776 153 114 2 580 113 3496
78 238 1151 500 1388 5346 77 45 681 106 95 1 483 154 3378
80 240 1229 501 1615 5474 54 33 639 193 127 1 522 111 3131
58 250 1275 546 1521 5410 92 27 703 234 83 1 515 140 3188
76 269 1123 515 1533 5358 57 39 646 166 114 1 534 120 3333
84 213 1240 514 1535 5557 54 20 680 181 98 5 530 119 3115
64 197 1205 550 1525 5357 53 38 663 231 106 1 449 117 3392
80 237 1160 540 1475 5373 49 34 669 251 102 1 515 135 3091
49 245 1332 526 1534 5492 50 54 682 171 126 5 463 103 3147
88 238 1270 534 1637 5704 77 41 662 225 105 1 491 149 3220
82 254 1183 537 1468 5524 53 50 641 201 115 1 478 126 3200
88 241 1318 531 1691 5501 60 55 714 151 134 NA 482 106 3374
41 225 1219 571 1702 5631 44 16 679 186 130 3 487 129 3132
42 247 1375 526 1702 5502 75 63 732 199 132 2 521 143 3182
41 237 1192 525 1584 5650 66 46 714 281 110 2 489 130 3269
44 206 1209 546 1536 5624 41 29 689 130 119 3 466 124 3060
59 216 1275 488 1487 5488 100 51 710 184 119 NA 535 115 3158
60 312 1317 530 1588 5695 72 27 735 185 134 4 527 145 3272
44 216 1286 492 1565 5201 71 28 691 125 100 3 461 110 3126
53 304 1136 495 1394 5467 76 30 741 213 129 3 468 133 3111
66 234 1266 532 1620 5498 54 42 677 140 108 1 452 129 3316
74 275 1258 540 1666 5551 64 47 694 189 125 NA 533 130 3014
42 196 1277 503 1671 5452 62 37 690 161 132 2 512 120 3004
64 231 1287 465 1682 5431 72 40 688 156 100 NA 448 133 2967
95 251 1264 587 1575 5517 43 52 702 191 125 1 563 97 3261
60 206 1227 477 1710 5638 50 45 715 182 112 2 488 138 3167
34 215 1252 515 1593 5496 82 38 707 148 114 NA 578 102 3069
47 231 1334 500 1768 5556 59 21 704 127 95 NA 502 170 3031
50 219 1210 506 1542 5490 72 64 642 146 85 2 517 123 3162
32 213 1315 500 1481 5312 28 40 742 145 105 3 476 86 3186
55 218 1133 487 1547 5464 67 42 746 166 104 5 493 138 3106
63 306 1402 555 1551 5391 70 36 720 244 119 1 539 138 3345
45 254 1226 473 1557 5389 51 47 708 161 107 NA 479 140 3144
59 247 1252 557 1567 5445 99 38 695 142 71 NA 533 124 3209
51 222 1155 470 1440 5355 53 39 665 222 119 NA 455 126 3240
49 125 1296 527 1511 5237 65 44 658 205 113 NA 513 150 3157
67 227 1318 498 1671 5537 63 34 634 206 92 NA 502 134 3157
84 273 1240 531 1612 5579 49 42 690 164 100 NA 532 98 3219
56 243 1262 561 1613 5427 84 51 674 151 116 NA 495 118 3051
53 195 1330 489 1712 5523 53 63 669 197 87 NA 478 111 3141
59 217 1335 520 1541 5518 84 54 745 246 90 5 440 127 2962
53 269 1257 535 1714 5615 73 40 639 198 116 2 460 151 3024
80 278 1179 573 1529 5492 61 49 693 174 115 NA 465 136 3053
44 268 1225 526 1465 5448 37 36 746 181 116 NA 484 113 3387
57 233 1211 523 1653 5419 66 39 644 264 102 4 507 106 3107
60 224 1300 496 1522 5449 73 37 746 212 89 1 457 137 3164
70 280 1226 546 1574 5330 66 34 632 143 99 NA 489 103 3274
66 239 1222 507 1592 5535 76 40 717 206 117 1 541 132 2990
46 258 1245 543 1549 5322 76 60 696 176 120 3 485 133 3059
104 229 1147 542 1472 5539 71 38 683 187 114 NA 543 136 3069
67 223 1243 493 1604 5335 52 52 696 273 106 1 486 122 3034
44 226 1284 537 1662 5516 84 61 668 247 105 3 523 128 3176
44 193 1230 483 1591 5434 64 22 714 139 96 NA 462 121 3167
41 183 1285 530 1539 5199 64 35 706 169 120 2 438 106 3135
28 207 1284 542 1489 5389 58 15 630 177 113 5 518 115 3032
89 238 1336 549 1584 5400 37 47 638 142 134 NA 469 175 3258
41 249 1159 519 1531 5395 64 37 768 142 127 NA 480 141 3079
74 265 1288 556 1530 5591 72 16 712 166 129 NA 545 134 3205
44 287 1249 540 1632 5566 72 43 644 149 104 1 480 138 3062
37 193 1211 508 1741 5450 37 34 757 213 115 3 470 131 2988
63 225 1229 496 1614 5424 55 37 649 100 123 2 497 106 3009
70 301 1271 562 1560 5293 67 31 710 216 122 NA 461 146 3327
54 291 1257 570 1534 5470 73 49 713 147 114 NA 465 144 3168
65 230 1177 560 1544 5622 50 44 640 259 89 NA 526 84 3213
107 254 1192 592 1564 5409 55 25 716 276 111 1 508 107 3128
30 255 1232 539 1583 5334 65 51 656 191 102 1 472 115 3271
92 283 1218 549 1689 5415 88 39 733 137 94 4 496 143 3168
51 240 1241 495 1394 5393 86 28 670 140 119 1 500 112 3102
86 221 1260 548 1656 5702 76 32 697 212 116 3 495 131 3219
83 241 1219 492 1516 5410 94 50 740 226 109 1 477 132 3212
59 271 1242 507 1411 5369 50 47 630 244 103 1 531 143 3129
42 238 1368 532 1705 5514 70 20 673 154 101 6 545 128 3207
42 256 1357 549 1773 5437 80 46 716 209 117 3 484 96 3192
60 227 1325 508 1541 5553 79 34 747 148 128 NA 581 108 3114
42 249 1290 508 1539 5333 63 37 738 89 113 1 458 113 3270
68 248 1275 538 1588 5603 78 60 724 177 102 1 423 103 3190
55 234 1205 529 1652 5544 54 24 699 210 96 1 481 109 3200
58 259 1272 596 1555 5504 70 58 737 140 85 1 511 113 3241
50 213 1183 539 1670 5371 72 50 685 180 107 NA 471 135 3040
76 216 1183 538 1427 5581 47 38 628 180 104 3 545 123 3262
62 252 1169 488 1556 5534 81 50 738 231 111 NA 469 96 3392
82 243 1321 532 1605 5556 56 20 770 121 113 NA 423 151 3109
68 254 1232 497 1505 5770 66 34 779 198 112 5 468 133 3177
58 262 1237 520 1564 5642 66 38 702 230 105 3 474 135 3218
47 254 1296 506 1448 5249 40 37 678 173 95 1 552 156 3019
27 223 1341 463 1546 5276 66 37 759 202 124 NA 492 158 3253
72 264 1160 485 1543 5477 25 43 702 225 94 2 495 98 3064
66 253 1336 530 1592 5463 67 54 688 307 84 5 450 141 3189
37 237 1112 525 1539 5415 67 28 704 218 110 5 497 68 3236
75 282 1310 562 1598 5547 49 46 763 136 100 1 489 131 3128
60 238 1261 530 1654 5527 28 60 722 179 114 NA 493 112 3131
102 278 1266 547 1687 5439 85 45 708 174 118 1 497 100 3137
98 224 1289 535 1577 5457 29 28 653 206 118 1 405 129 3114
