"kdkd" "kukd" "kuku" "pkd" "pku" "pp" "tdkd" "tdku" "tdp" "tdtd" "tukd" "tuku" "tup" "tutd" "tutu"
58 135 651 298 885 2939 27 28 401 114 61 1 212 45 1496
47 174 737 274 844 2918 37 20 338 124 67 2 242 57 1324
31 120 750 311 910 2803 14 13 387 80 81 1 261 75 1308
39 125 742 315 956 2939 19 21 315 117 63 4 256 65 1302
42 147 667 302 857 2886 32 19 348 104 47 NA 218 52 1355
30 145 689 319 835 2755 26 25 359 109 68 1 218 57 1409
61 140 656 306 767 2947 53 13 381 86 53 2 199 26 1358
21 118 695 307 875 2866 28 34 301 134 59 1 241 53 1458
34 152 611 306 827 2866 39 25 349 107 67 2 276 64 1332
69 111 666 299 801 2891 15 21 336 101 44 1 246 58 1440
18 150 714 290 854 2859 47 31 325 137 74 NA 197 53 1435
37 119 644 301 804 2918 25 28 368 125 70 NA 255 39 1259
61 134 663 272 776 2832 37 20 420 85 53 NA 238 57 1428
42 129 622 270 810 2927 42 25 361 96 43 NA 219 74 1412
33 127 631 278 808 2943 60 19 372 44 60 NA 251 49 1474
16 143 591 279 823 2978 26 28 426 70 67 4 266 75 1337
35 176 688 254 793 2749 25 15 342 117 57 NA 241 37 1472
33 128 645 321 867 2867 40 23 399 68 73 1 243 65 1438
57 162 756 329 873 2899 49 13 348 124 58 1 225 59 1342
49 112 656 307 759 2868 39 17 340 54 55 1 219 61 1450
53 135 690 313 839 2829 39 14 381 75 62 NA 242 52 1448
50 151 721 320 813 2987 44 16 359 121 73 1 260 44 1396
16 137 634 311 819 2861 45 24 338 116 59 NA 209 56 1333
64 153 681 305 843 2909 48 32 333 86 55 1 209 47 1394
32 155 684 255 801 2868 37 21 313 72 53 NA 230 55 1293
20 160 675 286 860 2959 17 23 358 101 54 1 232 77 1388
32 51 616 295 768 2803 48 5 325 121 60 2 247 76 1417
22 143 659 272 785 2806 27 14 321 77 51 NA 270 60 1407
39 137 693 323 837 2880 42 26 333 48 35 1 226 45 1361
28 128 677 310 791 2969 55 31 350 82 59 NA 248 33 1395
59 164 642 397 780 2903 61 15 333 61 51 1 240 45 1352
18 156 688 273 888 2727 72 11 383 84 64 2 217 59 1309
29 139 758 299 836 2880 36 20 339 93 73 1 216 52 1337
75 153 743 314 835 2881 34 20 363 54 51 NA 245 66 1423
18 137 609 330 806 2956 54 23 357 171 52 NA 213 49 1368
49 149 711 300 868 2955 48 21 390 52 52 NA 252 70 1431
31 131 677 241 845 2920 39 19 374 57 56 NA 226 78 1473
22 127 661 264 742 2880 41 14 353 77 59 2 234 60 1394
27 135 684 316 780 2994 40 26 353 77 80 NA 246 69 1488
45 147 685 312 882 3069 53 21 374 66 58 NA 211 44 1354
28 138 675 320 880 2875 29 19 340 74 64 3 208 51 1278
37 167 764 298 896 2878 47 18 388 88 62 NA 128 68 1398
21 133 625 291 723 2805 18 19 378 91 43 NA 294 51 1388
27 133 605 336 871 2867 46 22 368 115 63 1 245 28 1368
31 122 657 308 847 2816 32 15 376 173 70 3 223 69 1395
22 113 602 279 759 2949 49 27 339 111 58 NA 206 59 1372
47 152 668 307 828 2885 23 12 364 136 57 6 243 57 1355
33 154 663 304 738 2849 41 10 377 105 67 NA 255 55 1481
38 125 657 291 710 2948 63 15 313 80 60 NA 285 49 1422
27 149 639 294 378 2791 24 21 293 104 57 NA 193 76 1395
24 162 635 320 771 2845 37 24 350 49 23 NA 239 68 1398
17 157 614 283 809 2922 46 15 383 70 56 1 219 40 1284
52 136 663 294 752 2850 84 34 313 53 57 1 260 56 1348
10 174 629 298 797 2889 66 29 413 77 71 1 231 87 1455
30 186 609 302 840 3021 40 25 357 65 54 3 264 52 1399
54 125 670 299 884 2918 44 16 328 125 70 1 253 58 1323
33 157 716 296 885 3067 112 8 372 83 69 1 220 72 1404
27 119 625 313 772 2905 40 23 359 67 63 NA 265 53 1395
27 152 715 335 878 2856 25 19 376 70 48 NA 219 68 1461
60 145 680 285 857 2924 47 30 368 46 60 1 224 40 1500
41 149 743 277 849 2913 27 15 347 51 55 1 234 57 1429
34 119 635 266 839 2864 37 11 337 74 53 NA 236 47 1334
52 86 647 312 870 2836 64 17 364 77 66 4 265 55 1373
52 180 744 288 886 3030 30 19 365 82 63 1 233 55 1331
62 130 683 341 863 2842 33 24 339 105 56 1 226 81 1395
34 123 732 286 884 2940 59 11 352 83 58 NA 227 65 1431
37 156 642 289 822 2846 65 10 404 48 53 1 268 67 1303
48 127 685 284 813 2948 13 23 349 122 54 NA 244 57 1423
26 80 753 298 846 2847 44 15 407 169 52 NA 237 67 1322
25 163 649 310 841 2871 24 9 347 75 60 2 223 87 1353
32 173 724 295 894 2887 43 26 341 122 49 NA 238 62 1344
41 136 663 324 759 3099 57 32 318 139 49 1 258 58 1491
31 184 664 163 829 2985 29 13 331 75 55 2 241 69 1384
34 155 760 301 817 2902 41 12 370 40 58 NA 214 59 1382
18 112 653 285 765 2890 29 25 399 109 59 2 250 52 1380
39 91 627 287 772 2886 27 23 315 151 61 1 219 41 1354
35 59 717 293 781 2886 42 28 362 84 80 NA 228 49 1340
35 158 658 335 895 2736 47 22 373 137 46 3 251 54 1488
42 123 673 282 826 2890 33 10 339 59 52 NA 236 52 1379
33 171 717 305 897 2858 46 29 348 46 50 1 260 50 1340
26 130 635 282 787 2982 29 27 368 114 78 NA 241 60 1293
28 146 718 284 885 2915 51 13 338 102 70 3 240 52 1279
52 134 620 274 767 2962 36 24 330 60 57 1 206 58 1341
20 129 676 291 814 2927 47 10 376 81 51 NA 237 53 1503
26 124 613 307 852 2987 35 15 375 101 65 3 316 51 1469
43 60 662 325 864 2899 14 23 312 57 73 NA 214 59 1497
56 144 689 298 811 2781 25 14 311 86 45 NA 217 56 1331
66 160 649 331 772 2769 39 18 334 80 83 1 238 36 1327
29 112 677 288 828 2855 27 20 341 90 57 NA 185 71 1339
42 146 655 285 888 2859 22 19 368 49 49 3 236 54 1368
13 127 656 328 893 2951 22 14 356 55 55 NA 247 54 1365
62 138 647 286 389 2915 80 30 322 57 51 NA 213 61 1470
32 145 678 269 917 2846 56 26 347 125 62 NA 266 26 1418
57 127 595 339 695 2840 21 17 353 90 83 NA 234 72 1442
29 128 756 306 827 2825 34 7 365 100 79 1 256 64 1427
27 140 651 285 845 2978 61 20 300 65 64 NA 229 73 1420
48 120 603 305 779 2807 42 10 313 45 55 1 246 37 1299
49 143 661 336 796 2910 54 34 387 91 61 1 231 47 1360
25 129 721 304 857 2878 33 23 386 90 58 1 254 43 1416
14 125 653 292 785 2862 28 17 369 121 59 NA 217 55 1466
