"kdkd" "kukd" "kuku" "pkd" "pku" "pp" "tdkd" "tdku" "tdp" "tdtd" "tukd" "tup" "tutd" "tutu" "tuku"
43 219 1136 463 1424 5181 68 59 740 160 93 459 117 2924 NA
56 235 1161 473 1439 5004 73 36 637 212 102 475 82 2908 10
77 252 1159 515 1464 5085 51 48 656 182 116 458 94 2846 3
65 246 1171 513 1369 4820 60 29 597 148 109 478 128 2785 2
43 210 1087 502 1538 5027 80 41 585 218 94 498 74 2741 NA
66 222 1142 468 1397 5005 40 29 648 232 87 402 145 2829 1
61 205 1149 504 1429 4929 52 38 670 152 97 441 113 2772 NA
41 236 1157 464 1610 5194 44 44 663 210 121 432 110 2735 1
42 204 1083 422 1377 5065 51 44 685 173 116 467 109 3060 3
44 212 1137 551 1419 5049 67 43 595 179 99 200 127 2886 1
81 231 1150 503 1420 5199 52 27 648 199 95 458 106 2740 2
60 184 1104 483 1434 4932 65 35 596 159 99 473 116 2949 NA
69 235 1088 436 1308 4970 66 35 717 172 106 451 132 2921 NA
78 247 1211 434 1388 4998 98 55 656 183 90 442 109 2864 2
54 229 1216 504 1463 5142 73 61 685 225 105 452 123 2888 NA
51 233 1146 530 1430 5165 87 42 690 194 89 412 97 2874 NA
58 255 1142 524 1424 4943 88 38 664 142 106 473 104 2779 1
56 222 1165 480 1359 5231 44 26 681 101 106 423 105 2973 1
55 226 1147 460 1543 4952 96 40 613 211 119 452 112 2704 NA
55 229 1179 502 1435 5144 65 24 656 211 131 506 114 2909 1
39 203 1148 489 1434 5021 65 46 637 188 104 440 129 2761 6
49 181 1204 456 1445 5045 27 37 621 160 91 473 154 2928 4
71 282 1104 484 1330 5284 47 34 613 188 91 488 102 2721 2
57 298 1262 472 1580 5144 39 23 625 207 89 402 120 2884 2
69 226 1136 452 1465 5149 72 32 685 127 86 224 99 2792 1
58 215 1192 476 1404 5014 84 41 670 209 110 430 122 2834 NA
54 221 1245 521 1485 4995 55 24 598 94 47 456 142 2902 6
84 252 1163 478 1359 5172 47 30 642 253 78 493 125 2675 2
51 225 1096 441 1452 5021 48 41 631 220 99 455 105 2897 2
38 212 1189 468 1354 5033 94 39 653 142 111 451 125 2831 1
56 201 1162 503 1449 4894 86 43 681 228 89 500 124 2963 3
88 243 1188 434 1354 4831 70 45 640 164 92 459 50 2967 1
38 218 1219 478 1406 5030 80 46 669 182 115 469 127 3090 2
54 200 1132 435 1465 4992 76 45 609 105 94 451 116 2722 NA
66 241 1221 519 1471 5028 54 38 652 206 84 475 137 2742 1
53 232 1198 477 1532 4895 80 42 619 302 75 490 94 2943 2
35 232 1125 498 1385 5066 50 47 582 181 118 453 133 2701 1
68 199 1155 494 1327 5043 72 39 667 128 89 446 137 2836 1
60 226 1215 510 1511 5198 45 25 605 158 92 429 115 2912 3
59 252 1203 505 1389 4943 55 45 673 112 100 430 135 2951 NA
32 198 1183 486 1568 4961 56 24 654 199 101 446 123 2716 2
40 216 1235 475 1419 5037 71 44 685 237 100 458 108 2880 NA
27 213 1207 388 1646 5112 45 36 639 199 95 463 129 2917 1
62 246 1119 529 1426 5076 70 39 643 147 100 437 116 2830 7
35 221 1205 475 1427 4953 54 38 654 193 94 462 117 2792 3
53 121 1145 490 1540 5134 83 20 677 158 102 504 110 2840 NA
46 275 1197 479 1452 5152 40 33 643 181 75 444 106 2957 NA
48 239 1073 546 1325 5076 63 32 609 144 129 471 137 2850 NA
32 233 1010 435 1353 4781 52 19 744 147 110 499 97 2827 NA
58 220 1031 473 1438 4899 73 44 680 217 106 469 97 2811 1
65 258 1191 541 1662 5193 52 39 617 207 117 461 109 2847 NA
105 182 1092 511 1435 5117 81 28 672 205 96 428 88 2745 NA
41 201 1161 486 1440 5072 39 32 652 157 83 465 111 2822 1
43 248 1081 488 1459 5251 71 41 588 213 104 475 101 2737 2
68 250 1225 491 1300 4942 66 46 699 310 125 395 128 2818 1
38 232 1239 479 1367 5069 74 48 685 166 89 407 121 2784 1
52 228 1198 435 1570 5015 77 32 723 112 92 472 83 2825 1
63 238 1214 441 1556 5143 66 41 608 131 101 463 133 3049 NA
66 288 1122 548 1494 5083 64 32 689 218 96 412 100 2791 3
37 217 1138 495 1525 5049 74 38 626 146 99 419 129 2855 NA
27 238 1108 439 1299 5166 61 44 616 225 98 400 140 2626 NA
53 239 1145 451 1230 4991 55 31 717 230 113 428 113 2842 1
67 255 1175 524 1453 5234 55 33 656 142 76 505 105 2901 1
52 192 1216 529 1453 4960 52 38 629 138 109 489 83 2841 NA
48 217 1203 461 1627 5104 99 16 630 133 105 484 98 2818 1
63 194 1292 467 1407 4732 48 28 668 111 95 459 102 2886 NA
54 235 1089 529 1371 5114 70 24 643 155 95 431 89 2810 NA
89 255 1161 476 1536 5194 52 31 614 261 106 392 110 2819 NA
48 246 1188 450 1488 4998 45 41 677 129 113 503 101 2618 1
58 213 1151 487 1521 5179 66 43 670 106 118 455 94 2767 NA
78 258 1187 499 1615 4989 87 45 671 113 98 437 82 2768 1
46 232 1131 417 1444 5028 56 25 606 165 89 467 129 2812 3
42 109 1183 503 1587 5051 97 40 634 183 112 480 94 2912 1
124 277 1253 538 1571 5006 48 18 585 142 113 512 104 2872 NA
38 205 1219 477 1552 4959 50 26 630 151 99 378 118 2753 NA
72 226 1302 458 1441 4977 48 25 626 214 107 451 115 2829 6
36 246 1128 475 1627 5148 67 48 689 179 93 469 88 2892 1
98 225 1144 474 1380 4953 94 37 636 165 83 464 111 2748 2
84 229 1167 485 1427 5055 52 40 665 142 106 462 121 2923 NA
31 205 1137 465 1397 4910 49 34 663 177 99 484 126 2794 3
57 215 1187 471 1562 5105 65 26 722 160 110 459 109 2667 2
45 214 1169 478 1284 4887 49 43 586 154 104 429 113 2711 3
47 201 1129 513 1382 5082 61 45 620 225 113 472 115 2740 1
39 193 1027 495 1350 4989 53 35 664 172 125 420 89 2827 NA
51 232 1189 487 1578 5114 45 38 628 231 103 418 85 2869 1
52 230 1119 478 1443 5173 42 40 660 193 95 497 159 2913 2
60 246 1178 459 1523 5078 40 39 723 180 82 413 140 2768 8
52 232 1127 518 1528 5220 49 42 606 179 97 438 105 2716 NA
48 238 1205 465 1574 5065 25 23 652 156 100 403 135 2948 1
48 199 1084 462 1454 5041 75 31 686 82 103 458 98 2737 NA
83 240 1233 464 1692 5210 50 45 602 174 103 447 100 2800 NA
38 258 1147 500 1422 4923 73 36 627 190 103 444 84 2791 NA
46 209 1177 488 1539 5106 84 34 705 157 99 444 126 2893 2
62 231 1195 466 1430 4775 61 29 621 148 96 434 119 2791 5
92 222 1113 537 1371 5104 55 25 650 137 117 402 103 2865 NA
50 202 1247 466 1416 5052 67 35 589 233 99 522 124 2772 3
55 242 1101 453 1324 5063 65 45 689 153 96 463 59 2800 1
90 185 1184 455 1368 5005 40 54 637 282 106 474 119 3101 NA
72 259 1194 470 1533 5019 75 42 653 131 105 461 114 2625 1
83 260 1245 520 1606 4923 51 36 631 113 77 449 97 2784 2
