"kdkd" "kukd" "kuku" "pkd" "pku" "pp" "tdkd" "tdku" "tdp" "tdtd" "tukd" "tuku" "tup" "tutd" "tutu"
54 215 1042 493 1120 9010 46 27 592 116 61 1 324 65 2277
89 204 1008 485 1110 8953 49 44 620 103 47 NA 295 66 2160
96 200 1073 467 1163 9106 19 31 623 59 43 NA 277 46 2256
141 208 1049 496 1146 9302 47 37 613 91 46 1 127 56 2246
126 220 1056 488 1143 9031 42 32 534 143 64 NA 301 56 2203
123 193 1103 486 1176 9209 51 43 625 134 62 1 319 64 2189
87 235 1070 552 1127 9116 18 32 648 131 61 1 301 66 2182
74 207 1029 467 1097 9103 35 33 640 151 60 NA 302 61 2134
94 197 1022 436 1117 9345 52 44 603 121 64 NA 304 64 2220
128 221 1053 513 1139 8949 18 49 664 133 56 NA 291 80 2194
140 203 1057 497 1115 8805 32 40 557 163 62 1 299 63 2186
83 205 1035 490 1131 8979 53 39 625 67 62 NA 289 54 2173
126 229 1058 534 1122 8918 22 43 688 91 58 1 274 75 2174
103 228 1055 466 1120 9114 45 32 639 148 47 1 283 67 2152
126 241 1088 529 1171 9302 46 40 602 145 61 NA 295 58 2212
173 215 1073 500 1191 9356 59 41 550 113 63 NA 298 56 2201
84 216 1037 498 1111 9351 41 38 643 162 61 NA 304 65 2136
44 223 1104 458 1194 9168 51 41 632 119 57 1 296 65 2197
90 207 1073 435 1183 9212 38 43 600 77 49 NA 308 61 2197
125 211 1092 482 1207 8966 33 54 603 71 61 NA 309 64 2219
67 215 1039 457 1103 9207 51 45 696 59 62 1 293 72 2206
131 209 1002 497 1101 8976 63 38 619 87 47 1 284 63 2239
141 230 1068 492 1183 9253 49 39 610 104 62 1 307 64 2157
92 225 1079 529 1158 9048 49 35 604 147 52 NA 293 73 2187
34 227 1062 442 1146 8971 58 51 615 101 61 1 324 66 2191
69 201 1029 456 1136 9089 40 28 544 93 48 1 267 59 2099
63 236 1125 523 1213 8919 41 40 643 123 59 1 299 63 2185
106 210 1039 462 1140 9051 54 33 632 164 46 NA 299 73 2173
45 209 1077 512 1167 8980 61 55 617 109 45 NA 285 68 2195
124 198 1042 478 1137 9438 41 47 604 129 52 1 304 69 2181
130 213 1088 459 1148 9285 42 42 570 158 63 1 321 58 2212
176 225 1078 514 1167 8786 42 39 503 181 50 NA 276 55 2206
83 223 1101 441 1169 9086 44 43 562 144 50 1 276 66 2144
117 220 1052 466 1135 9367 35 43 567 152 55 NA 148 66 2227
112 202 1013 448 1109 9192 27 35 621 96 44 1 285 60 2169
161 238 1077 523 1169 9024 37 23 615 112 50 1 287 70 2209
85 204 1067 478 1136 8856 43 42 581 100 70 NA 297 60 2264
109 198 1059 491 1166 8980 28 36 630 87 53 1 300 57 2212
135 226 1059 474 1142 9056 42 42 636 73 42 NA 286 59 2232
53 201 1035 458 1140 9279 44 34 542 87 39 NA 295 54 2232
111 210 1057 444 1133 9021 38 33 616 120 57 1 293 65 2216
170 238 1053 529 1146 9239 30 41 590 121 54 1 146 74 2217
136 221 1051 506 1137 8854 52 37 561 71 64 NA 277 63 2226
99 224 1068 512 1170 9342 37 34 576 139 55 NA 272 74 2193
87 209 1018 437 1123 8757 49 38 566 126 49 NA 287 69 2190
55 220 1067 440 1180 8898 39 34 585 179 43 1 269 68 2212
117 235 1057 518 1125 9299 47 30 514 87 57 NA 269 58 2209
56 238 1068 442 1163 9119 43 41 575 108 56 1 312 53 2211
128 210 1045 493 1124 9056 24 43 540 94 46 1 257 55 2198
114 195 1050 425 1168 8963 41 32 653 156 56 NA 288 61 2173
76 231 1046 532 1126 9049 45 35 609 101 65 1 310 66 2247
82 199 1058 481 1140 8887 30 32 669 119 56 1 293 32 2194
95 227 1021 505 1081 8987 54 43 605 98 52 1 293 58 2267
153 229 1049 481 1175 9236 41 32 578 65 47 1 269 56 2201
136 227 1077 531 1169 9220 46 40 651 70 61 1 281 61 2185
102 207 1046 481 1134 9147 48 34 527 72 49 NA 144 56 2267
102 227 1082 500 1177 9029 59 39 668 93 54 1 147 56 2207
136 228 990 500 1079 9099 47 39 580 64 59 NA 286 66 2253
109 203 1048 481 1129 8980 39 30 683 129 60 1 297 49 2201
113 226 1088 534 1185 9187 34 37 552 133 74 1 302 64 2227
80 195 1032 455 1137 9088 34 46 619 90 58 NA 300 53 2232
154 236 1083 491 1173 9077 41 38 560 84 56 NA 315 69 2151
82 207 998 499 1096 9251 58 43 551 108 55 1 315 62 2172
111 223 1090 483 1170 8896 39 41 695 145 58 NA 304 61 2200
102 210 1026 450 1118 9101 26 35 640 140 57 NA 286 64 2244
114 214 1066 529 1154 8820 41 41 582 97 49 NA 295 59 2228
140 225 1047 503 1131 9000 40 36 648 95 53 NA 271 69 2225
137 227 1044 520 1131 8916 37 36 606 123 54 1 303 65 2209
82 203 979 423 1069 9028 42 38 609 123 60 1 293 63 2208
106 246 1041 529 1163 8989 53 40 686 75 62 1 288 60 2224
54 211 1062 450 1115 8776 54 50 695 100 70 NA 306 60 2177
102 215 1060 458 1155 9204 47 34 567 119 44 1 280 58 2171
118 203 1047 470 1137 8959 51 39 613 153 53 NA 282 65 2144
116 235 1072 505 1181 8862 38 44 613 125 62 1 288 61 2182
102 187 1075 474 1188 9089 33 43 626 118 52 1 301 53 2208
126 215 1050 522 1152 9520 41 36 584 148 44 1 281 56 2218
121 237 1043 455 1160 8908 43 37 628 141 49 1 278 27 2232
123 213 1057 497 1148 9089 29 43 497 144 60 NA 308 63 2271
86 183 1020 456 1109 9227 45 49 624 104 44 NA 282 70 2190
111 218 1017 475 1103 8802 40 30 599 136 50 1 283 67 2211
155 218 1106 522 1199 9016 38 44 686 95 64 NA 291 71 2213
99 223 1067 417 1209 9059 53 37 623 117 45 1 301 54 2151
127 214 1054 471 1130 9435 44 34 772 113 50 NA 319 32 2205
34 200 1091 453 1169 9108 53 22 513 67 57 1 295 56 2262
157 238 1091 501 1164 9048 50 33 680 105 49 1 297 62 2201
110 208 1025 490 1116 9235 33 36 597 119 51 1 312 61 2238
118 216 1047 490 1164 9032 41 45 627 147 49 1 283 62 2209
121 247 1067 491 1144 8970 21 33 557 96 56 1 278 61 2199
108 213 1060 459 1139 8984 50 25 590 92 59 1 296 51 2204
60 206 1047 457 1133 9089 25 35 635 87 54 1 281 59 2256
113 229 1067 541 1130 9168 54 35 601 114 66 1 289 53 2190
86 208 1055 466 1164 8846 58 31 546 63 54 1 277 62 2182
98 232 1023 488 1139 9126 43 44 603 148 69 NA 317 70 2226
141 202 1032 471 1086 9024 32 33 572 128 47 NA 283 63 2165
65 195 1058 447 1127 9264 43 33 593 138 57 NA 291 69 2172
147 208 1056 498 1134 9086 33 30 638 145 56 1 309 76 2225
133 196 1016 436 1136 9071 39 40 596 166 55 1 317 63 2185
131 215 1061 507 1159 9059 55 44 682 149 59 NA 314 64 2216
131 210 1026 526 1148 9046 39 35 601 147 51 1 288 49 2199
78 193 998 473 1104 9230 44 33 562 94 73 1 313 61 2177
