"kdkd" "kukd" "kuku" "pkd" "pku" "pp" "tdkd" "tdku" "tdp" "tdtd" "tukd" "tup" "tutd" "tutu" "tuku"
55 240 1089 468 1390 4891 45 27 557 210 95 399 99 2526 NA
34 217 1145 424 1420 4868 50 33 638 137 106 431 120 2730 1
48 205 1106 477 1398 4792 65 32 649 87 96 461 110 2548 1
26 161 1028 462 1340 4824 54 41 659 222 107 470 142 2849 9
60 225 1070 489 1357 4783 52 30 663 162 101 463 89 2773 1
68 110 1074 436 1357 4819 19 23 584 119 92 420 58 2607 2
48 257 1088 476 1391 4945 82 25 633 184 78 441 101 2679 2
39 199 1054 398 1464 4769 64 33 599 160 79 391 98 2562 2
56 220 1150 419 1535 4882 40 31 614 84 102 399 111 2790 1
27 206 984 462 1296 4737 68 28 673 143 93 440 129 2583 NA
64 236 1129 494 1439 4946 85 38 648 122 49 422 122 2592 3
53 197 1129 455 1425 4828 83 36 663 247 80 379 79 2813 2
69 209 1162 544 1521 4827 79 48 600 247 100 414 114 2501 NA
33 215 1053 450 1307 4722 65 46 631 107 107 428 108 2681 NA
39 213 1202 456 1436 4917 47 36 601 178 89 418 152 2746 7
58 225 1183 483 1452 4728 48 31 543 162 110 414 118 2688 3
59 229 1038 423 1479 4834 76 37 687 173 88 466 91 2670 NA
65 186 959 450 1242 4799 68 52 607 153 87 411 111 2874 NA
58 194 1099 505 1471 4834 46 37 640 205 98 441 88 2807 1
78 291 1110 531 1310 4739 54 33 585 163 114 431 107 2700 4
54 231 1157 459 1391 4781 52 31 599 193 110 406 134 2666 3
53 240 1119 441 1323 4743 52 38 630 229 79 509 120 2675 NA
81 196 1123 236 1402 5109 51 64 693 185 91 384 95 2730 NA
54 209 1128 458 1335 4879 74 53 633 268 102 420 122 2723 2
20 221 1075 455 1339 4744 107 44 621 137 96 426 110 2710 NA
58 218 1075 439 1446 4753 27 45 605 173 87 464 132 2621 NA
47 212 1170 433 1372 4794 54 33 642 144 111 401 89 2594 1
63 223 1103 414 1364 4850 71 38 635 119 104 459 119 2508 1
46 209 1156 463 1402 4916 68 27 643 147 124 434 122 2791 NA
37 91 1131 442 1556 4850 49 50 647 140 92 453 122 2547 1
35 201 1061 431 1402 4845 49 25 604 120 87 479 108 2476 1
40 257 1144 505 1435 4906 63 46 621 126 116 455 108 2765 1
55 227 1070 478 1407 4920 47 19 599 214 122 428 119 2649 NA
97 214 1073 461 1423 4753 52 31 597 163 99 411 108 2628 1
89 216 1065 532 1419 4806 56 31 525 132 79 414 107 2490 5
33 172 1230 468 1474 4732 53 35 632 243 118 462 155 2643 NA
53 195 1071 431 1484 4804 63 16 585 155 111 471 148 2756 1
59 249 1103 457 1289 4829 49 19 656 178 97 445 99 2634 3
24 188 1060 402 1397 5087 65 38 616 157 92 445 115 2725 2
57 235 1060 474 1314 4852 70 27 684 132 104 420 134 2534 2
49 230 1180 504 1420 4861 67 42 656 162 99 426 142 2860 NA
54 220 1167 504 1351 4700 63 43 620 136 91 433 105 2814 1
53 222 969 466 1360 4866 41 46 603 134 94 387 119 2611 NA
65 187 1044 469 1341 4902 42 30 597 164 107 444 101 2767 3
66 239 1269 447 1404 4814 39 38 646 109 116 366 129 2749 1
33 230 1138 496 1486 4972 48 33 597 123 105 475 130 2739 1
62 223 1048 466 1399 4950 64 19 630 137 134 410 150 2689 1
27 186 1078 465 1338 4807 68 29 598 139 89 460 95 2811 4
74 203 1039 438 1462 4871 94 40 638 160 107 414 100 2728 4
107 219 1065 500 1384 4842 25 30 566 174 97 381 92 2887 1
29 199 984 464 1338 4775 69 44 590 147 111 446 131 2607 NA
51 214 1126 428 1370 5005 72 29 605 81 114 436 133 2739 1
63 242 1059 528 1360 5033 82 31 679 201 99 464 91 2838 4
100 215 1132 471 1300 4881 29 28 630 163 103 466 110 2748 3
33 224 1141 493 1335 4880 84 42 595 129 123 418 92 2706 7
52 197 1061 437 1325 4823 20 35 615 250 93 392 111 2402 NA
37 245 1086 462 1394 4777 44 31 586 188 101 408 114 2709 1
56 196 1087 469 1415 4799 50 39 599 237 87 453 79 2543 1
41 217 1181 464 1315 4768 112 45 671 239 98 490 61 2797 2
76 244 1179 443 1435 4851 72 46 616 156 81 446 135 2591 NA
38 208 1091 471 1464 4932 49 27 574 128 118 418 129 2725 1
35 213 1062 463 1382 5014 49 39 634 214 107 491 126 2659 NA
64 219 1051 468 1402 4680 51 42 582 191 105 464 109 2437 1
82 223 1223 449 1529 4759 65 17 659 182 82 470 90 2704 4
56 224 1080 474 1393 4865 59 33 559 137 113 378 129 2700 NA
44 203 1038 472 1341 4940 73 43 579 148 94 472 112 2688 2
33 265 1092 453 1352 4871 77 41 598 120 76 471 82 2614 3
46 244 1125 483 1376 4807 47 40 614 182 102 434 97 2900 2
46 193 1069 432 1331 4936 79 40 614 99 95 405 102 2608 NA
25 188 1064 464 1312 4642 52 19 680 119 95 369 101 2629 2
39 204 1195 465 1272 4898 43 34 620 176 103 458 129 2865 1
56 248 1132 488 1443 4729 45 33 629 152 87 214 116 2673 2
58 203 1136 457 1450 4800 62 35 579 105 102 433 111 2663 NA
30 183 1047 495 1414 4817 42 43 553 127 112 454 111 2594 5
34 209 1129 437 1466 4887 69 35 536 142 119 426 129 2598 NA
44 219 1126 491 1402 4891 68 41 674 119 102 372 104 2496 NA
66 213 1148 443 742 5044 37 43 606 138 121 463 129 2707 NA
59 210 1054 425 1308 4684 73 42 581 120 109 410 103 2698 3
75 228 1011 458 1425 4825 48 34 594 106 79 461 115 2525 5
58 219 1036 471 1485 4908 91 35 672 118 122 481 130 2696 1
64 177 1069 437 1485 4824 85 18 597 160 80 419 122 2528 2
33 255 1125 510 1327 4944 53 31 592 172 115 504 128 2644 3
49 243 1127 504 1418 4897 65 23 660 96 99 403 115 2789 NA
42 226 1155 438 1409 4777 69 34 637 163 93 398 116 2665 1
61 254 1154 509 1444 4994 88 26 571 139 108 452 100 2422 NA
52 214 1101 490 1363 4868 46 29 607 248 84 433 122 2731 NA
43 220 1210 498 1628 5005 49 29 642 164 105 419 96 2738 5
51 225 1067 477 1394 4704 87 52 604 144 108 461 122 2646 1
46 201 1048 474 1439 4744 49 31 606 118 80 428 106 2847 1
41 217 1116 428 1355 4653 48 37 619 168 82 391 117 2922 1
46 197 1089 445 1401 4879 52 53 583 123 71 366 118 2763 NA
44 223 1015 420 1305 4956 85 27 498 222 105 449 105 2619 NA
34 230 1064 497 1373 4896 57 26 664 169 95 379 128 2706 1
37 229 1135 423 1364 4703 45 30 606 135 96 413 128 2760 1
24 234 1245 486 1349 4783 62 29 642 202 99 438 135 2635 2
50 230 1177 455 1446 4995 69 34 629 126 145 376 116 2607 2
54 217 1139 522 1487 4899 60 36 644 187 99 482 106 2632 1
76 241 1065 482 1271 4696 52 39 630 161 101 439 114 2731 2
43 263 1178 451 1577 4843 51 30 601 157 93 383 112 2690 1
69 247 1170 449 1402 4823 72 12 576 183 92 493 101 2580 2
