"kdkd" "kukd" "kuku" "pkd" "pku" "pp" "tdkd" "tdku" "tdp" "tdtd" "tukd" "tuku" "tup" "tutd" "tutu"
42 274 1341 538 1717 5898 34 17 644 203 103 4 491 116 3514
55 248 1317 603 1661 5607 70 44 646 146 122 2 511 123 3276
54 250 1420 584 1776 5822 28 41 641 176 109 1 545 108 3353
40 219 1233 519 1715 5627 68 36 781 169 95 4 501 105 3570
42 212 1310 492 1638 5613 68 38 734 203 118 2 490 106 3660
82 271 1334 537 1653 5507 85 40 669 177 109 NA 609 135 3526
48 258 1402 515 1647 5931 68 34 707 167 129 NA 508 136 3382
66 280 1294 544 1708 5994 45 47 703 101 116 3 498 110 3458
51 211 1132 498 1664 5684 70 41 666 223 118 2 494 167 3569
76 228 1351 528 1671 5705 83 27 740 175 134 3 464 137 3328
69 231 1321 549 1722 5977 97 38 737 190 118 1 522 115 3446
66 247 1315 560 1623 5711 75 46 738 217 117 NA 516 107 3452
44 228 1272 551 1654 5631 76 49 699 174 110 3 585 128 3267
50 285 1294 560 1452 5681 74 50 729 180 107 3 557 103 3448
67 238 1349 600 1747 5752 75 29 689 212 117 2 444 149 3503
74 243 1452 509 1695 5725 104 52 689 164 97 3 584 122 3431
39 241 1288 579 1690 5710 59 44 700 163 98 3 579 108 3636
111 290 1358 565 1854 5741 83 40 707 226 137 4 484 136 3695
83 233 1245 514 1676 5668 27 30 695 189 134 1 460 113 3439
58 230 1365 503 1693 5553 62 52 722 144 114 2 517 126 3662
29 229 1320 531 1677 5597 43 27 643 152 121 2 539 114 3445
66 133 1340 515 1628 5782 82 30 710 151 149 1 582 105 3689
98 263 1288 544 1693 5457 43 37 739 390 114 2 580 171 3394
90 277 1405 563 1772 5584 45 41 667 206 148 1 513 93 3447
95 235 1354 526 1746 5686 58 56 706 131 114 2 479 99 3727
84 221 1161 561 1422 5541 40 26 693 115 128 8 497 112 3567
66 236 1320 523 1574 5733 76 42 696 195 126 NA 565 151 3462
40 220 1214 533 1561 5694 61 27 627 137 138 2 566 113 3476
58 213 1300 497 745 5614 70 50 681 110 117 1 254 119 3580
134 235 1312 583 1817 5909 27 33 801 185 109 NA 533 115 3472
59 250 1361 573 1527 5738 64 49 721 256 126 1 494 104 3606
50 246 1360 551 1587 5848 45 47 628 143 121 1 505 134 3505
70 177 1251 518 1575 5560 46 43 708 203 118 3 508 134 3566
46 211 1299 533 1610 5486 57 53 730 245 106 NA 534 115 3771
113 278 1322 594 1719 5658 107 53 709 180 133 1 547 89 3441
85 240 1371 540 1697 5813 61 45 669 245 114 1 563 131 3714
37 250 1166 509 1586 5635 52 44 672 172 134 3 578 116 3514
42 250 1245 509 1533 5743 53 52 735 137 111 NA 458 110 3587
37 247 1357 540 1735 5698 52 38 656 108 117 NA 550 122 3548
76 226 1356 572 1872 5577 50 46 692 161 110 3 533 135 3417
60 222 1378 515 1750 5775 73 57 640 139 58 1 504 156 3461
55 246 1248 498 1636 5735 74 40 676 190 155 NA 578 108 3354
57 218 1335 556 1596 5542 49 27 626 188 103 3 579 98 3492
66 215 1219 613 1617 5880 61 14 677 158 123 NA 482 112 3517
61 230 1400 534 1762 5544 64 37 651 247 141 NA 532 144 3489
45 240 1271 536 1587 5718 76 30 734 222 94 1 487 107 3705
73 250 1348 600 1615 5527 42 41 704 190 139 2 534 95 3542
69 231 1290 566 1550 5480 92 37 731 171 126 1 519 111 3380
45 215 1316 534 1742 5972 97 57 660 200 126 1 513 95 3301
82 272 1373 564 1669 5623 51 42 676 163 102 NA 496 88 3519
67 255 1271 487 1650 5674 64 50 742 148 101 NA 533 102 3466
97 237 1387 533 1686 5718 60 40 669 269 114 1 634 126 3368
47 252 1354 504 1662 5523 52 48 658 233 138 2 523 145 3560
74 273 1369 555 1620 5505 68 21 683 149 112 NA 527 95 3421
65 255 1319 565 1665 5805 53 39 707 178 116 4 557 118 3329
98 203 1319 482 1721 5669 61 17 701 166 127 3 525 104 3494
29 225 1272 526 1701 5566 68 23 716 111 104 2 557 116 3711
46 269 1199 515 1604 5685 90 32 630 148 110 NA 469 95 3351
64 270 1325 518 1680 5710 72 50 695 164 124 NA 561 104 3498
85 228 1245 527 1533 5670 97 64 720 214 138 1 542 89 3332
94 206 1170 543 1505 5808 98 43 671 197 137 1 480 57 3581
37 235 1285 497 1624 5663 97 51 734 220 103 NA 503 122 3575
43 251 1268 477 1647 5623 48 38 748 188 140 1 560 108 3221
51 262 1307 618 1550 5449 49 23 712 148 116 2 576 64 3672
50 211 1367 487 1700 5623 43 43 645 120 141 4 569 96 3444
60 228 1368 502 1610 5736 119 46 741 156 104 NA 566 130 3538
48 222 1349 509 1625 5479 46 55 765 232 110 1 518 108 3577
49 281 1187 590 1596 5713 50 43 714 237 111 NA 599 119 3400
49 243 1365 511 1636 5546 58 27 709 173 125 1 525 92 3530
83 239 1321 572 1725 5753 60 55 741 191 123 NA 533 134 3681
94 311 1361 500 1640 5637 65 38 678 154 120 1 509 106 3309
46 262 1403 557 1729 5598 62 29 684 105 112 2 542 117 3549
58 246 1340 605 1548 5622 53 39 668 166 123 NA 534 160 3568
41 231 1234 563 1698 5653 23 31 709 225 118 3 566 106 3595
79 230 1383 556 1639 5534 73 34 740 199 128 1 614 95 3755
47 247 1389 545 1722 5664 80 44 737 176 108 5 552 124 3558
30 224 1299 546 1632 5601 41 37 685 145 104 NA 510 66 3509
60 237 1354 540 1604 5656 60 48 723 244 121 3 535 107 3568
59 218 1309 536 1549 5624 75 37 635 177 106 2 525 122 3445
74 251 1386 499 1521 5661 48 44 760 254 160 NA 525 140 3467
39 253 1221 566 1650 5882 45 31 750 263 124 NA 610 107 3497
74 229 1392 529 1653 5657 41 42 729 164 118 1 523 132 3739
73 193 1250 587 1728 5843 54 45 719 159 84 3 556 115 3406
71 129 1377 559 1614 5561 69 47 640 131 116 NA 486 104 3472
81 239 1282 525 1611 5567 55 51 725 159 111 NA 563 95 3774
63 129 1353 531 1636 5683 48 40 731 172 125 5 522 96 3506
63 258 1286 536 1582 5578 64 50 658 241 129 10 499 112 3468
54 228 1341 564 1728 5765 112 39 824 260 146 1 517 75 3580
68 208 1204 496 1586 5563 70 37 655 131 111 NA 556 129 3479
64 256 1376 568 1714 5555 67 52 663 188 107 3 488 118 3356
87 259 1415 597 1840 5769 63 28 705 255 144 1 525 125 3646
72 239 1252 543 1671 5770 69 60 710 235 133 3 559 86 3469
32 212 1372 533 1662 5590 50 32 704 243 122 1 487 123 3414
82 236 1394 541 1773 5731 120 42 709 207 97 1 494 114 3420
82 267 1271 606 1639 5700 65 34 746 202 119 NA 452 120 3406
87 224 1264 469 1577 5575 106 57 720 190 105 1 533 90 3447
55 235 1152 550 1637 5676 61 41 689 146 103 1 518 116 3395
51 231 1356 543 1709 5646 107 37 694 270 114 1 522 127 3410
74 251 1259 509 1646 5530 83 56 740 193 110 3 561 108 3416
82 269 1289 507 1569 5499 66 45 709 134 132 1 546 125 3272
