"kdkd" "kukd" "kuku" "pkd" "pku" "pp" "tdkd" "tdku" "tdp" "tdtd" "tukd" "tuku" "tup" "tutd" "tutu"
53 74 287 175 388 1494 15 2 150 35 28 1 109 22 619
17 68 316 164 414 1432 20 9 160 11 18 NA 119 29 564
29 101 321 173 384 1418 9 5 161 52 28 NA 108 27 567
31 77 351 136 402 1498 14 4 167 54 34 NA 92 21 622
29 36 354 166 401 1430 17 5 176 46 26 NA 98 13 639
16 80 333 166 413 1364 21 9 145 90 23 1 99 21 588
38 83 330 175 375 1442 35 13 169 23 35 NA 107 18 635
19 69 323 147 351 1446 17 5 185 26 24 NA 118 17 633
11 77 367 152 417 1478 19 9 121 39 26 NA 115 23 619
39 75 290 139 362 1452 12 3 166 9 29 NA 118 39 571
26 60 362 147 409 1424 20 17 145 45 48 NA 49 25 631
11 73 282 175 392 1367 13 4 173 15 24 NA 130 20 645
16 66 265 150 391 1391 16 8 151 12 35 1 115 10 586
24 66 273 153 462 1568 11 8 152 21 42 NA 53 16 650
20 87 355 168 455 1517 19 14 143 31 32 NA 104 22 592
17 63 379 169 395 1513 20 8 140 35 29 NA 104 24 580
52 95 309 122 419 1477 38 22 157 9 24 NA 90 12 609
13 57 339 148 403 1421 29 5 145 8 25 NA 129 6 607
7 40 312 161 426 1402 10 4 171 21 33 1 114 21 621
22 94 327 160 389 1376 42 11 165 14 47 1 121 19 700
15 92 294 166 390 1477 8 10 167 41 12 NA 111 24 600
16 84 357 161 401 1356 23 11 149 21 21 NA 104 23 672
10 82 326 155 384 1477 7 9 163 56 33 NA 115 25 627
19 55 295 171 440 1497 24 13 162 19 27 NA 107 35 580
31 78 368 172 392 1488 26 9 134 14 24 1 92 25 601
32 73 352 168 419 1448 14 6 140 30 26 NA 116 25 644
55 80 311 159 347 1375 6 3 137 14 25 NA 94 27 616
26 82 316 172 382 1393 22 14 158 17 43 NA 102 16 614
11 84 329 140 382 1366 24 11 166 18 26 1 101 26 527
50 78 305 172 448 1449 11 8 132 28 29 NA 118 27 670
41 69 341 173 423 1470 19 15 153 27 23 NA 108 33 619
24 81 335 182 410 1510 18 5 172 43 27 NA 107 31 624
18 70 299 176 434 1471 13 7 156 14 27 NA 97 12 570
7 69 309 86 430 1410 28 12 158 43 34 NA 98 17 639
35 87 375 138 395 1484 21 5 142 60 26 NA 104 27 595
33 102 341 167 384 1443 5 2 179 33 25 NA 105 25 636
20 66 323 173 350 1527 22 3 145 28 28 NA 106 32 653
9 70 283 171 185 1451 9 14 169 35 27 NA 99 22 577
16 75 330 143 401 1388 13 3 189 29 19 NA 119 15 609
13 61 311 149 384 1421 20 11 163 30 29 NA 95 22 518
28 68 321 151 344 1434 29 8 169 28 23 NA 117 26 544
53 74 319 166 364 1359 21 7 168 14 36 NA 98 23 599
17 74 348 125 217 1428 19 8 168 43 33 1 126 27 538
29 72 299 185 383 1443 29 2 154 16 35 1 137 23 624
29 97 263 165 399 1371 8 9 164 34 19 2 102 23 616
22 81 288 159 373 1419 15 10 158 29 13 NA 93 20 603
9 98 273 145 330 1452 23 11 152 14 26 NA 109 27 617
81 128 337 211 426 1443 9 8 151 29 30 1 118 28 564
25 86 305 185 389 1424 7 5 156 24 24 NA 100 33 610
20 69 319 170 417 1432 15 9 194 12 34 NA 117 11 630
20 43 322 160 372 1528 16 6 211 81 29 NA 99 38 606
12 74 318 130 358 1473 14 12 130 29 25 NA 106 25 651
15 69 309 190 469 1474 20 8 198 4 42 NA 108 18 667
52 79 301 163 390 1431 17 5 153 26 31 1 113 17 623
31 67 351 174 397 1473 12 10 137 9 32 1 120 27 643
34 81 317 181 386 1460 31 12 150 8 17 NA 118 21 623
16 80 299 176 388 1452 15 10 154 47 32 1 108 29 568
14 57 321 139 384 1511 24 4 150 32 28 NA 103 24 599
16 57 343 141 400 1461 29 16 188 33 37 NA 92 21 616
52 63 312 164 434 1409 17 16 160 36 33 3 115 21 549
20 64 303 141 435 1454 44 16 153 44 22 NA 108 17 589
13 38 292 206 378 1442 17 13 185 27 33 NA 123 25 637
20 83 335 175 390 1475 21 9 123 22 32 NA 113 11 565
34 67 314 170 325 1449 26 13 169 31 35 NA 113 23 607
1 64 309 132 384 1406 20 21 131 53 31 NA 106 26 604
32 79 314 180 392 1492 24 10 138 6 30 NA 68 18 647
21 67 314 148 380 1430 20 7 156 23 27 NA 93 35 601
21 86 327 149 385 1387 17 5 164 48 33 NA 116 17 637
95 80 271 192 343 1368 25 5 177 73 32 2 110 32 619
15 84 300 146 365 1379 14 11 154 78 28 1 96 28 693
40 87 337 187 395 1527 5 11 179 13 25 NA 115 21 593
46 59 320 139 376 1430 45 11 202 17 33 NA 117 9 582
29 119 363 154 391 1463 9 9 137 13 27 NA 100 26 664
29 75 336 159 366 1420 17 3 159 22 37 1 113 32 581
63 85 361 172 402 1440 6 10 157 61 26 NA 97 16 631
31 82 323 153 445 1531 16 10 143 21 22 NA 109 19 620
23 59 302 170 381 1462 19 8 139 7 31 1 123 21 622
22 63 304 155 406 1516 3 7 151 2 23 1 44 22 612
14 90 300 157 398 1575 9 10 157 23 25 NA 109 25 607
10 71 318 119 430 1396 14 3 138 51 29 1 98 23 632
14 60 334 157 474 1479 24 12 134 35 23 1 108 22 609
21 63 310 132 380 1452 25 5 134 72 39 1 63 28 625
30 79 326 127 417 1499 28 11 166 18 32 1 122 16 548
36 59 338 176 439 1443 12 11 162 28 27 NA 104 26 630
24 101 373 171 440 1475 5 5 151 19 19 NA 95 24 666
36 80 345 185 385 1394 32 11 137 51 25 NA 117 28 609
3 48 296 117 374 1440 8 7 165 2 20 NA 84 16 617
14 65 298 166 344 1483 15 10 186 32 30 2 91 36 652
12 63 354 159 350 1435 10 8 142 28 38 1 93 27 600
16 63 277 139 397 1436 9 6 155 13 23 NA 92 23 597
28 80 314 148 384 1542 6 11 168 26 44 NA 91 17 591
15 76 309 163 403 1392 13 10 148 41 16 NA 119 13 532
30 84 331 162 408 1463 30 7 150 23 33 NA 116 20 587
27 91 318 174 405 1459 23 14 162 12 25 NA 133 23 622
14 77 312 197 362 1434 18 9 152 16 29 NA 110 20 614
6 93 345 158 457 1458 17 7 132 108 15 2 79 32 643
14 69 317 188 378 1462 5 6 153 21 32 NA 112 20 616
7 53 289 156 373 1366 2 8 156 25 25 NA 99 22 599
16 68 314 171 393 1424 12 13 170 28 34 NA 112 26 664
20 70 319 175 444 1422 9 6 124 62 24 2 56 20 607
