"kdkd" "kukd" "kuku" "pkd" "pku" "pp" "tdkd" "tdku" "tdp" "tdtd" "tukd" "tuku" "tup" "tutd" "tutu"
160 334 1659 763 1796 14499 69 56 993 214 83 1 465 107 3543
204 351 1659 807 1803 14551 68 55 1006 143 87 1 473 98 3478
178 347 1681 764 1843 14351 58 56 923 194 81 1 442 98 3555
192 358 1724 794 1874 14506 75 67 978 198 89 1 236 103 3546
152 373 1691 800 1812 14364 73 64 937 185 89 1 467 99 3497
181 354 1681 810 1835 14380 67 50 996 167 92 NA 467 91 3489
136 347 1662 746 1812 14621 74 54 963 180 88 1 463 96 3542
202 351 1654 769 1797 14467 66 63 983 196 89 1 468 103 3505
138 348 1679 763 1829 14414 74 60 969 199 91 1 459 91 3469
194 357 1691 801 1858 14309 69 54 979 217 84 1 455 99 3463
206 357 1692 788 1856 14599 36 61 1011 131 91 1 443 102 3504
165 327 1658 715 1785 14390 81 62 1003 156 93 NA 472 98 3487
139 334 1664 785 1844 14369 80 58 880 197 93 1 236 95 3509
134 328 1633 732 1806 14430 75 54 983 197 79 1 479 97 3505
200 350 1662 798 1815 14548 72 56 891 195 87 1 467 92 3512
199 340 1676 780 1848 14582 51 55 907 214 79 NA 455 90 3524
192 362 1681 789 1838 14394 76 54 995 168 93 1 477 106 3546
208 365 1690 823 1831 14333 78 65 961 190 94 1 470 97 3523
138 348 1694 754 1825 14746 73 63 954 180 90 1 475 99 3572
206 346 1693 778 1838 14393 64 59 969 158 91 1 468 96 3476
180 363 1734 802 1889 14706 72 66 976 191 92 1 485 99 3588
144 359 1676 776 1818 14457 81 53 1001 149 93 1 462 85 3506
115 334 1678 763 1825 14590 81 60 933 166 87 NA 485 101 3485
142 373 1727 759 1876 14441 69 66 979 214 86 NA 469 97 3540
168 345 1673 776 1795 14614 72 60 938 195 85 1 457 97 3521
131 339 1700 764 1861 14586 66 60 978 222 90 1 469 98 3455
212 360 1686 799 1850 14552 64 64 1009 117 98 1 456 95 3488
177 357 1677 794 1828 14546 63 67 933 204 88 1 466 89 3496
139 359 1705 738 1876 14529 78 66 985 166 91 1 461 99 3505
150 352 1699 764 1842 14405 65 62 980 190 94 1 469 98 3533
168 353 1703 764 1834 14493 67 62 997 197 92 1 468 98 3516
212 373 1658 816 1833 14313 72 55 921 205 87 1 473 101 3521
191 346 1653 773 1804 14537 70 63 992 170 95 1 457 101 3530
179 354 1669 792 1821 14575 80 55 939 189 91 NA 470 104 3520
191 360 1680 812 1872 14327 73 65 931 170 89 1 461 101 3517
205 371 1719 853 1871 14523 77 54 1015 148 88 1 451 97 3521
176 365 1665 805 1813 14447 75 56 927 207 89 1 472 94 3513
158 369 1689 801 1839 14383 81 63 922 145 96 1 458 97 3504
165 356 1703 781 1855 14742 74 54 998 156 78 1 462 103 3467
188 345 1677 775 1838 14362 66 60 994 168 100 1 469 97 3491
169 338 1643 747 1807 14332 77 68 931 193 88 1 463 101 3523
168 373 1756 794 1911 14507 78 61 953 184 90 1 470 93 3557
170 354 1687 806 1845 14575 85 59 897 209 88 1 457 96 3531
204 373 1690 848 1875 14559 73 61 957 196 95 1 480 101 3570
202 343 1703 768 1850 14380 60 60 978 181 83 NA 458 107 3494
152 349 1713 782 1878 14292 78 66 954 200 89 1 469 98 3604
206 374 1674 803 1820 14445 72 56 934 205 90 1 461 92 3521
194 364 1673 797 1818 14381 71 66 1026 202 90 NA 461 95 3482
135 335 1637 771 1785 14400 66 56 918 178 83 NA 476 98 3506
197 360 1684 795 1844 14554 78 66 912 163 93 NA 464 98 3503
211 348 1646 801 1802 14412 77 59 927 172 94 1 472 96 3466
186 363 1705 819 1887 14501 83 56 947 194 90 1 473 94 3478
140 351 1685 803 1854 14438 77 63 988 199 90 1 460 97 3512
158 337 1653 762 1843 14733 73 68 985 198 87 1 478 94 3475
180 353 1674 804 1813 14613 68 66 1023 151 82 1 459 99 3480
174 373 1695 821 1847 14290 65 60 924 182 90 NA 454 87 3520
115 343 1678 762 1824 14403 77 53 923 178 82 NA 473 100 3485
195 348 1658 799 1804 14574 74 68 1004 209 85 1 474 106 3538
177 362 1714 778 1874 14472 78 67 1005 203 93 NA 476 88 3524
151 348 1689 763 1813 14396 74 55 970 224 81 1 465 96 3519
204 362 1648 817 1806 14432 69 60 984 178 87 NA 468 92 3550
160 347 1668 756 1824 14433 65 58 904 181 85 1 476 99 3522
179 366 1717 810 1870 14188 66 71 985 191 88 1 238 96 3537
189 360 1701 827 1815 14419 71 69 942 129 89 1 462 101 3563
194 352 1680 808 1837 14520 72 67 987 208 94 1 470 101 3496
188 368 1740 809 1898 14503 70 66 974 188 80 1 458 105 3527
186 371 1710 800 1869 14349 84 64 972 200 93 1 473 97 3516
169 352 1668 806 1830 14297 82 61 1005 189 83 1 473 99 3499
198 361 1665 803 1812 14410 69 63 1015 168 89 1 459 104 3533
159 362 1695 817 1823 14281 66 61 906 156 89 NA 458 95 3499
165 358 1676 784 1823 14556 78 65 948 164 85 1 477 100 3519
191 359 1639 793 1796 14416 66 54 923 210 86 1 448 95 3550
159 354 1711 800 1870 14584 76 50 963 181 88 NA 450 102 3531
204 365 1694 829 1871 14684 70 57 1005 207 91 1 463 97 3523
199 345 1676 774 1842 14358 70 58 936 180 82 1 454 101 3524
192 358 1692 840 1859 14421 62 57 1011 179 94 1 467 98 3521
188 353 1678 781 1833 14281 69 54 930 196 84 1 455 106 3511
160 333 1718 801 1903 14485 71 66 950 170 86 1 469 98 3543
136 359 1698 782 1842 14545 63 61 985 92 94 1 476 97 3484
138 340 1680 797 1847 14681 76 65 980 196 92 NA 451 99 3520
171 359 1726 777 1878 14752 58 63 971 211 92 NA 485 95 3487
135 373 1704 795 1858 14703 72 66 983 218 93 NA 468 91 3509
154 326 1658 775 1805 14609 69 63 897 170 89 1 466 96 3517
197 369 1710 822 1898 14608 77 57 967 208 88 1 444 92 3537
159 347 1672 755 1836 14557 72 54 957 177 91 1 477 97 3468
201 359 1659 793 1818 14460 54 56 987 130 80 1 452 107 3550
177 339 1695 789 1835 14320 68 61 979 136 92 1 476 104 3484
175 347 1646 768 1801 14293 70 61 1014 206 84 NA 470 96 3495
135 360 1675 766 1832 14377 74 67 941 181 91 NA 481 99 3491
163 353 1703 794 1868 14703 75 64 957 206 89 1 462 90 3515
132 331 1670 751 1818 14225 73 60 914 202 92 NA 458 94 3539
186 348 1688 778 1862 14418 79 61 921 211 96 1 475 95 3538
166 340 1674 779 1808 14392 64 55 902 155 95 1 470 93 3526
157 350 1674 722 1826 14536 71 60 960 197 88 NA 470 102 3512
170 341 1684 782 1812 14614 62 55 930 209 91 1 470 106 3515
212 381 1702 829 1871 14691 81 60 943 155 98 1 461 96 3549
193 358 1646 785 1788 14297 78 62 980 165 92 1 475 98 3503
193 355 1656 809 1801 14585 36 62 1002 212 95 1 467 99 3496
144 325 1690 738 1823 14390 51 57 917 201 82 1 448 88 3553
161 324 1685 763 1846 14234 59 62 903 213 93 1 477 97 3546
