"kdkd" "kukd" "kuku" "pkd" "pku" "pp" "tdkd" "tdku" "tdp" "tdtd" "tukd" "tuku" "tup" "tutd" "tutu"
47 163 758 320 855 3122 50 30 395 103 56 1 280 68 1651
61 168 759 349 937 3053 27 23 373 71 62 2 266 36 1463
53 119 684 294 844 3125 37 27 338 59 73 4 273 66 1592
49 154 697 361 942 3211 32 14 350 106 54 1 267 54 1640
21 169 730 343 908 3200 39 8 375 60 48 1 280 72 1643
15 160 675 373 847 2995 63 20 439 75 76 NA 273 50 1537
71 153 740 320 1056 3274 28 25 349 69 71 NA 254 65 1534
47 142 752 317 868 3103 50 22 383 114 73 1 294 83 1622
98 169 653 328 871 3162 45 20 359 114 65 NA 259 58 1511
37 126 672 347 896 3074 19 27 368 60 61 NA 214 67 1517
43 184 772 299 966 3136 84 25 415 108 58 NA 211 81 1606
41 145 722 317 841 2990 29 23 367 114 47 2 247 54 1475
30 135 667 350 853 3044 49 20 390 122 68 NA 205 77 1630
75 171 753 375 924 3199 39 15 411 123 71 1 294 64 1588
55 193 774 308 814 3165 38 24 384 144 67 NA 286 77 1536
88 177 731 319 961 3115 30 19 341 116 59 NA 273 35 1486
40 126 722 323 945 3180 28 27 333 44 62 NA 264 62 1595
31 147 719 326 854 3221 32 13 347 77 56 NA 290 78 1547
48 150 721 330 931 3201 67 39 385 180 59 NA 293 61 1518
10 153 778 354 946 3177 42 14 406 121 61 1 318 64 1411
109 207 777 327 830 3151 31 25 363 91 53 NA 280 54 1611
43 176 833 319 945 3060 49 20 362 111 88 1 273 55 1497
47 141 669 329 881 3170 69 24 372 151 75 1 281 85 1532
35 184 739 338 869 3238 61 30 441 120 67 5 293 66 1624
29 110 680 359 843 3071 24 20 365 92 68 NA 236 61 1518
36 182 661 321 890 3045 36 21 404 99 64 4 253 53 1514
57 107 733 359 984 3205 54 10 406 174 63 NA 269 58 1522
53 160 782 309 983 3370 84 30 437 52 52 NA 285 83 1477
39 132 698 299 916 3139 66 19 390 74 76 4 236 69 1657
27 137 771 324 999 3145 40 27 365 82 75 4 236 77 1611
43 166 808 327 952 3248 34 12 388 79 66 NA 260 40 1474
27 147 752 335 878 3256 56 19 403 85 69 NA 301 69 1583
46 143 664 395 974 3192 31 23 368 70 64 NA 262 81 1584
27 149 724 302 844 3001 23 20 403 93 67 1 269 51 1579
27 153 731 295 859 3064 27 15 357 157 65 2 254 57 1437
33 152 691 337 937 3287 50 28 397 62 67 NA 292 65 1579
28 133 723 330 888 3144 56 21 436 129 68 1 295 59 1646
49 143 741 301 994 3130 41 17 377 115 64 NA 264 72 1500
113 181 750 364 952 3154 55 28 388 105 57 4 283 52 1476
28 162 699 317 899 3272 35 17 347 62 49 NA 254 59 1515
25 150 703 313 895 3208 53 29 374 121 60 NA 264 70 1643
41 149 689 337 925 3194 31 18 391 67 67 1 231 57 1737
56 154 774 375 943 3199 38 16 367 90 69 1 253 46 1569
31 67 728 335 919 3084 56 16 414 84 57 NA 265 71 1590
40 156 732 361 930 2957 48 19 350 121 72 1 293 60 1582
46 169 779 335 1005 3082 24 17 399 123 76 NA 257 57 1541
52 199 786 403 949 3206 46 13 409 83 89 2 267 59 1530
40 134 710 344 857 3142 52 27 397 84 55 NA 268 56 1507
40 153 742 292 778 3127 30 15 435 118 64 NA 277 46 1692
35 193 777 324 937 3103 55 22 406 128 54 2 280 51 1593
38 165 715 324 927 3101 47 22 392 72 73 NA 287 62 1479
52 149 747 318 921 3154 28 11 367 108 45 NA 262 53 1635
16 158 726 293 952 3191 35 29 425 62 43 NA 252 71 1452
35 139 699 349 783 3053 22 15 427 30 33 1 266 46 1610
17 128 624 312 885 3122 35 23 407 52 66 1 228 71 1645
31 154 713 334 830 3109 18 11 398 68 27 NA 254 68 1532
64 192 729 309 834 3057 35 18 347 110 66 1 213 77 1560
33 158 781 309 1027 3279 33 18 374 93 58 NA 236 56 1494
79 154 783 317 955 3125 27 21 402 78 71 1 243 57 1499
44 160 751 324 941 3086 44 27 380 83 60 1 296 58 1551
53 192 746 312 836 2969 31 23 399 112 62 1 293 80 1499
12 141 717 325 856 3094 37 18 379 73 69 NA 271 63 1558
31 137 753 329 891 3123 42 16 436 71 53 4 302 72 1644
37 151 659 293 839 3045 26 22 410 86 69 NA 286 72 1600
35 156 709 342 951 3152 44 26 399 68 72 1 270 71 1609
43 187 749 334 940 3205 55 10 368 109 63 1 287 87 1648
24 154 681 336 880 3261 61 12 387 44 68 1 288 50 1631
50 151 721 334 904 3238 41 32 381 94 77 NA 250 73 1427
40 134 690 329 945 3090 37 17 387 49 79 1 297 55 1583
57 157 719 341 867 3143 48 21 431 85 58 1 252 67 1609
16 149 740 306 918 2991 41 21 335 88 62 1 268 67 1481
53 134 716 312 955 3186 57 24 375 162 38 NA 260 69 1464
44 153 760 345 923 3169 23 15 365 70 52 1 271 79 1523
33 161 768 353 978 3144 26 6 346 115 51 NA 269 58 1562
28 164 825 310 972 3196 41 19 340 165 65 NA 241 55 1535
45 167 739 343 910 3028 52 22 359 116 66 NA 261 63 1468
44 164 733 313 916 3263 56 29 383 62 67 NA 267 58 1570
55 140 764 304 977 3194 53 26 443 101 78 2 263 67 1559
48 154 781 342 925 3014 30 19 348 83 68 1 219 84 1603
53 153 706 324 822 3225 36 16 413 93 67 1 257 69 1605
43 131 689 342 932 3114 55 18 382 108 68 NA 263 55 1560
52 145 749 319 939 3108 37 33 443 85 66 3 269 64 1454
21 158 788 356 933 3247 57 23 455 61 70 5 283 77 1544
45 148 756 359 965 3154 58 33 390 70 64 NA 262 58 1550
20 142 702 348 901 3081 52 33 397 53 65 NA 229 65 1540
43 154 783 325 838 3085 30 26 456 104 62 NA 249 62 1488
27 140 698 320 863 3003 11 28 377 56 49 NA 118 74 1547
25 113 740 310 895 3100 59 19 402 75 56 1 276 55 1501
23 192 766 362 905 3199 43 17 409 127 61 NA 273 29 1594
30 165 757 310 965 3201 48 25 428 79 72 1 318 58 1561
32 165 645 305 847 3197 46 25 335 191 52 3 237 84 1471
67 149 739 280 903 3096 35 39 376 77 73 1 214 57 1696
47 159 831 155 1040 3179 29 28 395 60 54 1 251 62 1570
34 155 778 306 865 3151 35 10 370 77 48 NA 228 75 1581
38 173 760 321 1007 3099 44 12 372 104 71 NA 241 26 1525
24 119 683 320 903 3241 31 19 358 86 65 1 242 76 1526
28 139 784 337 861 3307 40 20 385 91 61 NA 231 27 1610
44 173 715 328 863 3104 38 26 356 154 63 NA 238 78 1532
37 150 656 353 930 3198 34 19 373 71 61 1 254 75 1429
74 165 698 368 947 3256 30 33 339 93 63 3 268 68 1646
