"kdkd" "kukd" "kuku" "pkd" "pku" "pp" "tdkd" "tdku" "tdp" "tdtd" "tukd" "tup" "tutd" "tutu" "tuku"
37 232 1145 421 1436 5088 73 42 678 201 103 461 111 3025 NA
35 198 1150 490 1474 5145 44 33 704 159 145 512 127 3169 3
119 277 1296 492 1643 5576 64 34 633 253 112 471 123 2834 NA
67 259 1304 542 1716 5135 47 46 678 217 105 444 122 2916 2
34 242 1217 580 1542 5122 62 73 674 166 120 445 151 3103 1
65 283 1258 524 1482 5200 71 27 653 125 97 454 102 3054 1
79 226 1174 500 1542 5202 83 31 696 154 104 497 122 2769 NA
55 122 1232 497 1513 5301 64 34 650 263 114 464 121 3024 1
95 249 1191 543 1633 5286 65 28 761 160 89 497 130 3062 1
62 268 1136 492 1452 5320 33 48 718 261 126 479 141 2981 NA
51 254 1166 505 1493 5169 90 36 645 178 95 453 137 3019 5
57 261 1206 506 1560 5303 72 31 690 176 141 466 123 2958 NA
75 253 1231 490 1477 5248 53 53 710 142 101 525 104 2903 NA
75 223 1410 481 1645 5320 67 35 635 170 84 512 121 2834 1
62 232 1184 519 1460 5231 30 40 671 120 111 472 95 2938 1
125 245 1314 552 1657 5277 27 31 670 204 105 491 118 2965 NA
46 237 1171 529 1476 5235 64 35 625 128 114 499 148 3007 9
55 248 1241 531 1523 5201 73 26 658 126 120 434 121 2980 NA
51 249 1116 529 1468 5340 96 40 659 221 108 428 132 2993 NA
38 230 1045 491 1476 5386 49 27 618 152 119 484 157 3167 NA
38 183 1101 449 1477 5278 69 33 687 104 112 437 65 3129 1
55 254 1136 503 1499 5342 78 42 694 149 131 545 110 3096 NA
61 106 1302 493 1627 5216 22 29 696 210 81 418 126 2883 NA
67 217 1187 506 1368 5060 90 32 653 160 92 464 138 3126 NA
43 197 1093 426 1417 5285 66 32 755 274 124 474 112 3095 NA
47 229 1169 546 1492 5302 84 39 762 257 91 553 94 3053 2
41 94 1192 514 1448 5260 43 36 675 160 106 422 127 2851 NA
63 248 1172 513 1445 5235 66 51 673 136 107 469 155 2846 4
72 234 1239 510 1444 5111 70 33 670 208 97 482 131 2819 NA
71 256 1206 509 1589 5348 51 45 706 242 112 523 116 3057 NA
65 232 1113 561 1432 5159 40 38 658 167 119 485 120 2924 1
59 225 1136 517 1579 5083 76 30 627 240 132 473 117 2885 1
54 212 1123 494 1566 5266 56 39 720 162 119 492 144 3125 NA
60 211 1233 485 1575 5316 73 53 687 157 115 530 116 2884 1
89 243 1149 490 1547 5144 66 49 730 120 128 531 139 3124 1
51 212 1190 471 1428 5296 66 43 659 155 109 437 98 3009 1
72 306 1307 464 1484 5167 68 24 685 152 87 468 115 2914 NA
52 214 1185 434 1512 5309 50 47 651 184 94 495 103 3121 NA
45 239 1149 509 1393 5162 51 40 695 124 84 463 107 3021 1
22 234 1407 470 1658 5370 48 41 686 303 138 409 133 2986 4
64 236 1292 552 1701 5276 61 35 621 114 106 514 100 2767 2
42 249 1150 568 1464 5097 62 42 640 191 100 449 114 2946 3
50 187 1172 454 1425 5219 69 36 719 168 132 542 132 2960 NA
67 188 1264 474 1484 5395 77 50 645 182 136 477 103 2992 1
37 227 1295 475 1454 5333 68 39 642 108 112 561 99 3056 NA
43 246 1256 513 1490 5065 77 38 669 157 116 455 142 3300 3
46 248 1114 475 1455 5217 105 47 674 191 105 471 103 3167 2
80 242 1193 472 1633 5256 66 42 630 154 93 460 50 3073 1
63 228 1321 513 1514 5334 63 34 692 156 123 494 138 3266 3
82 238 1168 492 1540 5271 92 38 651 148 119 472 126 2830 NA
47 222 1179 482 1588 5121 68 34 682 241 107 482 132 3389 1
25 210 1221 485 1501 5311 51 51 635 181 95 500 103 2758 1
76 279 1241 568 1449 5122 44 40 637 172 119 449 132 3029 1
51 228 1280 506 1620 5353 58 31 693 182 113 484 109 3130 NA
41 215 1165 473 1481 5353 52 55 762 155 108 521 119 3016 1
72 128 1342 517 1541 5408 65 31 669 181 112 519 130 2957 2
32 272 1210 525 1537 5222 65 50 729 218 109 487 116 3030 1
51 203 1130 485 1289 5201 51 27 575 140 135 474 115 3015 3
48 206 1174 536 1417 5307 86 25 671 260 110 464 128 2760 1
27 224 1209 528 1498 5047 81 16 674 231 124 443 117 2961 1
68 245 1270 544 1418 5233 56 33 676 186 129 530 130 2925 NA
43 208 1313 518 1775 5481 47 26 605 181 113 520 135 3048 1
86 248 1115 524 1472 5254 57 44 661 154 105 433 99 3092 5
85 277 1188 553 1427 5140 63 36 720 197 132 481 115 2955 1
49 256 1237 503 1624 5218 57 11 718 137 80 534 106 2992 NA
61 240 1185 501 1494 5475 38 47 652 191 118 508 126 3097 1
46 230 1221 520 1509 5470 47 33 668 163 84 484 129 2939 2
60 218 1279 526 1776 5335 49 47 728 156 104 490 132 3114 1
52 212 1153 530 1509 5318 89 38 718 158 112 431 108 2944 2
37 202 1110 442 1409 5073 41 47 672 163 106 523 115 2975 1
66 250 1272 543 1659 5364 82 32 604 146 114 428 140 3059 1
88 246 1196 558 1431 5457 62 45 670 266 109 485 109 2897 NA
46 239 1297 520 1518 4884 87 58 619 217 117 451 116 3088 2
55 232 1110 527 1479 5251 66 33 651 237 98 520 127 3132 NA
49 249 1204 521 1499 5114 79 31 593 162 103 481 126 3044 1
71 240 1212 482 1460 5038 31 26 647 157 116 434 133 2887 1
96 271 1192 582 1446 5242 126 30 683 200 116 538 110 3197 4
40 246 1192 541 1536 5297 49 43 712 130 117 535 145 2785 2
61 237 1126 504 1438 5197 58 44 602 179 99 457 99 2880 2
54 211 1093 491 1359 5408 37 36 665 199 102 502 156 2875 2
58 224 1115 489 1456 5232 33 36 694 160 106 479 130 2874 1
56 226 1260 489 1482 5504 77 38 702 314 89 520 132 3179 NA
49 222 1125 495 1451 5404 62 31 686 117 106 456 148 2996 1
43 167 1207 497 1355 5217 59 43 701 199 113 453 118 2995 NA
34 239 1103 499 1309 5126 59 39 674 188 119 497 110 2964 1
79 245 1195 551 1587 5424 59 37 712 158 117 469 99 2904 1
37 227 1129 493 1501 5234 68 44 691 164 111 492 109 3023 2
57 201 1248 467 1594 5415 87 31 662 243 100 462 125 3139 NA
65 254 1223 490 1516 5341 58 49 676 316 86 443 127 3097 1
27 212 1154 513 1455 5203 85 41 660 163 123 520 120 2792 4
86 252 1287 485 1511 5330 58 38 680 187 107 488 101 2848 3
62 219 1187 518 1503 5360 59 48 656 145 121 432 109 2887 3
95 223 1165 601 1532 5148 40 18 680 204 109 484 102 2974 1
82 227 1074 481 1495 5178 43 15 625 168 107 447 102 2919 1
39 257 1328 547 1715 5246 75 24 671 193 107 533 112 2936 1
40 278 1188 506 1518 5244 88 43 624 130 103 472 101 3009 1
70 221 1210 542 1543 5252 83 44 678 152 109 447 117 2815 1
36 231 1249 475 1438 5105 78 28 664 227 115 508 143 2981 1
84 241 1244 557 1547 5351 50 45 658 162 101 517 135 2884 NA
45 224 1240 511 1540 5229 74 39 620 150 98 462 93 2729 5
