"kdkd" "kukd" "kuku" "pkd" "pku" "pp" "tdkd" "tdku" "tdp" "tdtd" "tukd" "tuku" "tup" "tutd" "tutu"
49 151 695 323 881 2891 25 18 359 107 60 1 257 58 1421
51 173 564 327 774 2878 51 17 378 57 45 1 241 57 1412
27 123 656 288 832 3005 17 24 330 107 51 NA 207 44 1424
17 135 748 290 806 2875 38 22 339 60 61 3 259 42 1333
53 116 649 286 853 3042 37 17 386 98 49 NA 224 69 1390
39 116 697 270 844 2867 45 17 302 61 68 1 247 42 1298
29 128 602 307 843 3009 30 16 370 99 49 1 261 70 1403
51 156 626 295 796 2929 38 30 370 45 83 NA 218 48 1323
22 131 759 288 696 2899 43 11 322 79 61 NA 201 55 1543
32 147 659 299 874 2862 45 25 350 154 52 1 271 62 1419
35 165 650 296 836 2975 28 25 351 185 56 NA 254 61 1324
27 120 667 261 879 2791 20 33 313 49 61 1 206 64 1425
20 119 656 312 834 2886 34 15 340 62 64 2 233 47 1335
46 158 665 316 901 3064 47 21 362 75 78 NA 282 65 1350
55 175 688 319 865 2988 33 18 356 90 52 NA 243 52 1410
37 168 632 321 728 2967 12 18 336 58 65 1 209 42 1267
47 138 647 312 798 2910 25 27 371 30 45 NA 224 62 1342
39 162 650 338 941 2835 42 19 347 57 72 3 241 61 1340
32 104 607 325 825 2947 56 22 405 93 67 NA 268 63 1468
46 143 671 277 825 2821 90 19 361 71 49 NA 249 58 1351
21 128 678 292 895 2955 34 27 365 147 66 1 249 42 1438
41 130 645 297 775 2978 68 31 362 62 43 NA 225 58 1445
25 155 712 277 865 2959 28 19 337 186 38 NA 242 46 1282
26 118 658 318 873 2881 36 22 351 70 51 1 224 70 1368
27 168 679 276 881 2908 38 13 353 64 59 NA 215 49 1362
19 117 664 296 810 2879 61 24 393 97 71 4 232 59 1448
53 151 672 314 805 2877 40 28 369 105 46 NA 222 43 1368
53 146 620 317 784 2881 23 18 305 58 46 NA 237 54 1555
71 170 751 312 960 2919 17 25 327 45 53 NA 248 63 1474
26 169 706 345 844 3008 33 17 349 42 55 NA 228 47 1466
65 167 744 298 890 2707 26 21 344 52 61 NA 184 46 1553
29 69 600 330 746 2979 10 7 309 106 39 4 214 50 1393
26 115 659 267 806 2887 39 7 345 77 91 NA 278 56 1514
42 134 748 284 907 2867 63 29 339 67 77 1 233 52 1398
33 159 671 322 873 2879 31 10 387 160 72 3 259 48 1364
78 159 732 375 884 2993 13 13 291 101 63 4 237 59 1443
51 129 667 328 859 3081 50 17 354 114 57 1 220 60 1387
20 149 667 322 860 2866 54 9 351 101 73 NA 237 52 1482
29 139 723 251 939 2914 23 12 303 60 54 NA 236 37 1296
40 148 615 294 804 2895 40 30 349 65 75 1 218 49 1467
51 158 634 305 825 2788 38 31 342 115 56 NA 219 42 1502
56 180 739 355 908 2847 35 28 327 53 46 NA 190 28 1362
42 139 646 296 833 2829 60 19 345 113 66 2 237 64 1401
14 108 661 280 814 2874 61 15 350 80 70 2 249 86 1333
34 141 655 314 828 2841 61 17 344 135 56 1 268 64 1480
20 117 685 271 877 2795 33 26 330 69 61 2 284 94 1328
32 154 602 305 734 2959 33 14 324 127 65 NA 229 57 1355
57 151 682 313 833 2807 52 27 381 67 59 NA 215 67 1285
30 112 706 276 823 2861 54 23 318 48 46 1 279 59 1318
28 139 562 304 762 3049 23 32 337 43 49 4 209 64 1433
32 146 660 326 910 2935 51 28 337 79 61 2 264 33 1286
55 140 656 339 911 3018 26 18 367 52 76 NA 239 58 1366
54 140 669 330 837 2900 31 14 318 98 55 NA 254 59 1405
24 117 663 326 895 2993 32 17 427 75 72 2 245 58 1372
36 176 661 292 812 2932 44 6 319 81 62 NA 255 48 1434
30 164 755 302 867 2995 51 16 355 47 85 NA 228 56 1398
23 119 723 295 944 2753 69 13 395 78 54 NA 199 47 1350
44 120 618 331 778 2901 22 25 349 51 46 NA 277 72 1359
37 138 609 294 748 2862 36 28 333 61 59 NA 212 55 1462
42 141 631 350 852 3014 57 20 362 125 76 NA 211 48 1423
56 116 707 289 876 2866 25 19 415 67 61 NA 237 59 1385
48 164 655 294 951 2905 49 20 342 113 58 NA 214 51 1428
29 125 664 311 793 2879 38 21 339 65 56 1 236 67 1394
29 75 679 294 858 2964 50 11 375 71 40 NA 220 24 1393
17 121 612 328 749 2805 16 13 355 112 63 NA 258 73 1420
41 164 640 336 783 2833 29 24 375 93 59 1 224 46 1418
31 131 637 306 818 2824 15 19 348 118 63 1 241 55 1456
39 58 641 302 828 2882 52 22 315 50 51 1 218 76 1437
17 109 671 285 831 2981 23 30 330 114 44 NA 267 60 1416
56 155 701 294 782 2890 28 9 336 42 60 NA 240 53 1444
40 143 682 315 901 2848 15 22 346 84 62 NA 273 60 1306
31 128 736 288 887 2897 17 11 344 67 59 NA 212 57 1412
51 155 716 333 856 2941 29 10 299 63 66 NA 225 51 1211
70 159 697 356 849 3031 43 19 318 89 66 1 243 62 1418
36 81 690 301 863 3048 35 11 309 101 53 NA 219 52 1314
35 204 662 341 821 2988 38 22 320 114 63 NA 212 44 1467
35 138 692 312 880 2953 26 16 388 49 46 NA 118 78 1337
14 113 731 241 843 2988 43 12 383 99 53 NA 212 69 1422
24 132 719 296 900 2889 29 7 333 59 51 NA 253 52 1376
46 150 692 302 825 2892 25 28 360 135 80 1 243 53 1307
41 158 736 330 843 2903 33 19 354 72 55 1 281 25 1373
45 164 679 317 886 2975 30 14 348 77 54 2 208 43 1347
24 102 666 239 790 2853 26 16 382 98 55 1 233 58 1303
33 174 737 328 826 2985 40 30 340 61 72 NA 120 52 1443
39 126 620 297 829 2884 10 14 329 138 61 1 242 85 1314
43 154 689 291 905 2906 50 21 368 96 70 1 225 40 1406
27 143 661 322 746 2987 41 26 356 75 53 3 238 48 1316
56 154 669 348 841 2795 33 13 359 108 63 1 223 81 1470
31 139 722 317 771 2774 22 23 326 72 37 1 249 53 1307
44 171 673 309 884 3040 78 17 396 112 58 NA 218 68 1453
41 169 703 343 812 2988 33 16 371 66 59 1 264 44 1371
49 136 647 286 811 2779 27 19 295 74 68 NA 227 55 1299
15 110 629 275 888 2923 43 25 323 136 61 NA 209 53 1398
53 145 619 322 810 2949 51 26 327 102 48 NA 253 65 1396
21 138 707 312 803 2857 50 21 367 65 53 NA 201 47 1424
21 147 667 321 952 2949 54 23 363 149 45 NA 224 59 1382
29 122 714 326 753 2700 31 22 373 164 73 2 243 45 1395
46 139 707 322 800 2879 34 30 330 65 72 NA 198 51 1510
60 126 602 296 792 2791 42 21 340 115 58 2 225 49 1436
24 127 740 302 866 2893 45 32 383 68 70 NA 302 59 1433
