"kdkd" "kukd" "kuku" "pkd" "pku" "pp" "tdkd" "tdku" "tdp" "tdtd" "tukd" "tuku" "tup" "tutd" "tutu"
"1" 22 72 89 42 94 161 2 NA 6 14 NA NA 7 11 18
"2" 29 42 46 38 24 143 NA NA 20 18 NA NA 4 8 19
"3" 17 60 67 43 55 116 NA NA 11 14 NA NA 4 7 17
"4" 22 54 73 25 42 105 NA NA 19 16 NA NA 8 17 32
"5" 9 36 51 22 52 111 2 NA 14 15 NA NA 11 7 37
"6" 21 23 46 36 47 138 1 NA 22 18 NA NA 1 5 18
"7" 15 60 56 22 33 135 NA NA 6 13 1 NA 3 11 23
"8" 27 70 81 45 29 152 NA NA 6 13 2 NA 11 4 18
"9" 28 43 63 29 58 118 NA NA 16 5 NA NA 3 12 30
"10" 17 49 52 21 44 127 1 NA 16 12 NA NA 5 8 29
"11" 25 47 50 33 57 136 NA NA 10 13 NA NA 7 9 19
"12" 28 70 89 38 62 137 1 NA 22 15 NA NA 6 14 17
"13" 16 42 53 29 62 110 NA NA 17 15 NA NA 6 13 12
"14" 20 55 68 36 53 144 NA NA 13 8 3 NA 6 8 29
"15" 20 56 70 35 52 156 1 NA 11 4 NA NA 3 2 17
"16" 21 58 54 36 71 127 1 NA 9 9 NA NA 5 6 16
"17" 18 54 69 29 76 113 NA NA 16 6 1 NA 4 7 22
"18" 15 51 61 22 49 119 2 NA 7 16 NA NA 6 7 36
"19" 11 22 86 15 55 145 NA NA 14 16 1 1 7 15 23
"20" 21 56 81 33 75 123 NA 1 17 8 NA NA 5 11 27
"21" 31 49 59 36 58 131 NA NA 19 15 NA NA 13 8 28
"22" 19 59 64 28 83 124 1 NA 16 3 NA NA 7 12 27
"23" 15 49 70 29 69 117 NA NA 18 3 NA NA 5 6 18
"24" 13 50 54 37 50 124 NA NA 12 8 NA NA 11 17 27
"25" 15 25 52 29 46 101 NA NA 15 5 1 NA 7 11 16
"26" 30 77 56 29 54 144 NA NA 23 9 NA NA 9 11 19
"27" 20 54 56 29 53 118 NA NA 16 14 NA NA 4 9 27
"28" 18 30 64 53 79 140 NA NA 11 12 NA NA 5 9 28
"29" 21 65 65 41 63 124 NA NA 11 3 1 NA 3 8 22
"30" 49 80 76 33 65 146 2 NA 17 16 NA NA 7 10 21
"31" 17 50 51 44 52 139 NA NA 15 9 NA NA 6 9 14
"32" 26 51 61 34 74 133 NA NA 7 15 NA NA 9 7 16
"33" 14 67 79 33 58 141 2 NA 17 14 1 NA 8 8 26
"34" 22 44 62 41 62 156 1 1 18 9 1 NA 5 12 21
"35" 23 57 59 35 45 136 NA NA 19 7 1 NA 10 9 23
"36" 24 70 77 28 82 129 NA NA 13 10 1 NA 4 7 20
"37" 33 76 65 35 25 144 1 NA 24 20 NA 1 9 6 22
"38" 19 49 74 31 44 132 1 NA 15 12 NA NA 2 7 10
"39" 13 40 48 26 55 106 NA NA 23 7 NA NA 1 12 20
"40" 29 74 89 40 70 149 1 2 15 14 NA NA 3 11 18
"41" 18 58 70 34 51 143 1 NA 14 16 4 NA 7 12 24
"42" 16 52 48 31 71 121 2 2 13 10 1 NA 2 5 15
"43" 25 58 69 43 29 172 NA NA 8 6 1 NA 5 8 20
"44" 29 62 64 34 68 135 4 NA 12 17 1 NA 5 9 28
"45" 33 74 72 32 50 120 NA NA 8 16 2 NA 10 7 40
"46" 12 42 68 19 40 134 NA NA 18 9 NA NA 4 8 24
"47" 27 58 58 40 57 134 NA NA 27 7 NA 1 6 11 21
"48" 23 73 55 30 48 142 NA NA 15 19 1 NA 3 17 23
"49" 34 62 70 33 89 142 1 NA 6 15 1 1 3 13 24
"50" 23 64 59 37 59 130 NA NA 9 8 NA NA 7 2 30
"51" 20 56 72 42 65 141 NA NA 25 12 NA NA 3 13 23
"52" 19 46 60 29 37 134 1 1 19 15 3 NA 9 9 19
"53" 15 41 74 12 55 131 1 NA 12 8 NA NA 2 14 19
"54" 20 56 69 23 72 126 NA 2 19 8 NA NA 8 2 27
"55" 25 62 70 34 58 130 NA NA 19 15 NA NA 4 11 21
"56" 11 47 46 27 59 115 NA NA 12 10 NA NA 8 10 19
"57" 15 49 61 37 56 126 1 NA 12 8 1 NA 9 11 30
"58" 18 55 69 25 67 123 NA NA 12 9 1 NA 2 15 27
"59" 31 83 74 43 73 139 NA NA 19 10 NA NA 4 18 24
"60" 16 59 59 34 70 130 NA NA 11 13 NA NA 8 5 28
"61" 10 48 66 32 45 132 NA NA 21 6 NA NA 3 11 17
"62" 26 63 62 36 44 151 NA NA 9 13 1 NA 6 8 21
"63" 26 61 65 28 47 129 2 NA 14 10 1 NA 5 7 16
"64" 9 52 67 21 67 112 NA NA 18 7 NA NA 5 7 19
"65" 20 50 72 37 57 149 NA NA 10 14 1 NA 4 17 32
"66" 16 57 73 27 54 136 NA 1 12 7 NA NA 4 5 22
"67" 26 45 71 32 52 129 NA 1 21 7 NA NA 2 10 22
"68" 32 61 69 29 69 134 NA 1 18 14 2 NA 5 5 22
"69" 12 38 58 27 47 123 1 NA 12 15 NA NA 7 3 26
"70" 17 52 57 33 53 135 1 NA 17 7 NA NA 8 8 18
"71" 12 52 68 19 60 125 NA NA 15 5 1 NA 5 5 13
"72" 24 68 86 33 73 141 NA NA 13 15 NA NA 3 7 20
"73" 16 69 73 40 57 121 NA NA 17 6 1 NA 6 6 22
"74" 9 45 59 19 62 130 1 NA 15 12 NA NA 7 11 12
"75" 22 48 80 30 72 140 NA NA 23 12 1 NA 5 10 23
"76" 23 58 61 45 70 132 NA NA 17 5 1 NA 5 17 17
"77" 27 65 56 26 55 128 1 1 19 7 3 NA 3 4 21
"78" 27 63 70 42 74 135 NA NA 17 7 NA NA 7 17 18
"79" 22 49 103 31 78 142 NA NA 13 7 1 NA 7 5 22
"80" 13 45 68 19 64 115 NA NA 10 7 NA NA 7 14 36
"81" 21 51 59 37 64 141 NA NA 21 13 NA NA 1 11 17
"82" 19 46 71 23 68 106 NA NA 13 16 NA NA 3 7 18
"83" 18 62 59 32 54 122 NA NA 29 9 1 NA 3 7 23
"84" 18 59 66 31 54 133 1 NA 6 11 NA NA 10 15 32
"85" 24 37 43 29 53 140 1 1 8 19 NA NA 3 8 19
"86" 24 65 50 31 57 116 NA NA 11 15 NA NA 2 7 23
"87" 17 61 68 27 30 142 NA NA 11 17 NA NA 12 7 17
"88" 23 44 62 30 70 124 3 NA 8 5 NA NA 6 6 31
"89" 17 43 82 19 67 109 NA NA 5 21 NA NA 8 13 25
"90" 13 53 69 29 43 114 NA NA 11 5 NA NA 2 4 19
"91" 22 51 79 34 81 130 1 1 19 4 NA NA 12 5 24
"92" 19 57 62 25 58 132 1 NA 16 8 NA NA 3 9 25
"93" 23 52 69 26 65 149 2 NA 18 17 1 NA 9 12 34
"94" 25 61 78 25 71 145 2 NA 17 18 NA NA 9 12 24
"95" 21 53 72 46 52 119 NA NA 6 12 1 NA 2 6 27
"96" 20 54 67 30 47 130 NA NA 15 10 NA NA 1 9 28
"97" 20 58 62 36 59 158 NA 1 10 11 NA NA 3 9 18
"98" 24 45 74 26 66 153 NA NA 7 4 NA NA 5 3 27
"99" 13 45 50 28 45 124 NA NA 7 4 NA NA 8 12 15
"100" 13 39 33 21 45 144 NA NA 15 17 NA NA 3 15 36
"101" 32 72 71 55 66 131 1 NA 14 10 NA NA 10 14 32
"102" 28 67 65 38 70 141 1 NA 12 14 1 NA 6 13 16
"103" 20 50 66 33 43 147 NA NA 11 13 NA NA 6 8 13
"104" 20 48 59 32 56 112 2 NA 7 14 1 NA 7 8 26
"105" 30 68 70 30 38 138 3 NA 15 15 NA NA 7 17 26
"106" 11 37 51 36 60 124 NA NA 14 15 NA NA 5 12 17
"107" 14 40 73 26 65 132 4 NA 19 15 NA NA 4 9 30
"108" 27 47 58 26 42 128 3 NA 9 10 NA NA 6 10 18
"109" 20 45 76 27 55 134 NA NA 16 11 NA NA 6 13 20
"110" 17 67 61 34 50 135 NA NA 17 9 NA NA NA 2 19
"111" 33 37 78 18 57 125 2 1 20 9 NA NA NA 7 25
"112" 18 71 82 27 61 116 1 NA 12 14 2 NA 9 13 27
"113" 20 52 52 30 51 118 1 NA 28 9 NA NA 5 8 28
"114" 18 50 70 24 44 120 NA NA 24 18 1 NA 7 7 31
"115" 23 67 84 31 24 128 NA NA 18 14 1 NA 7 10 15
"116" 23 46 79 28 37 111 1 NA 5 5 NA NA 6 5 26
"117" 20 75 79 30 50 137 1 NA 27 11 1 NA 6 13 24
"118" 9 54 72 27 55 157 1 NA 18 13 NA NA 7 9 27
"119" 20 61 53 34 21 118 NA NA 18 8 NA NA 4 3 15
"120" 19 53 78 35 64 142 2 NA 13 15 NA NA 2 11 17
"121" 19 49 61 28 73 111 NA NA 18 8 NA NA 3 4 21
"122" 15 57 55 24 37 125 NA NA 13 7 NA NA 3 5 15
"123" 32 26 69 40 66 119 1 NA 12 9 NA NA 5 7 22
"124" 16 51 69 22 56 131 NA NA 8 15 1 NA 4 9 29
"125" 19 64 55 30 52 126 NA NA 16 8 NA NA 3 15 23
"126" 23 58 78 33 36 127 2 NA 16 10 1 NA 5 7 23
"127" 20 69 81 50 64 127 NA NA 6 7 1 NA 12 14 31
"128" 17 52 45 31 64 143 NA NA 14 15 1 NA 6 9 20
"129" 14 68 60 37 56 115 NA NA 11 13 1 NA 5 16 28
"130" 27 80 59 30 45 124 1 NA 20 12 NA NA 4 14 26
"131" 19 50 68 27 65 140 NA NA 12 22 NA NA 4 15 12
"132" 27 31 87 37 68 128 NA NA 13 6 NA NA 7 14 21
"133" 13 57 64 14 47 147 NA NA 5 9 NA NA 8 8 18
"134" 11 53 65 22 48 110 1 1 2 11 1 NA 9 12 23
"135" 26 59 73 32 61 128 NA NA 9 13 1 NA 4 15 16
"136" 26 54 98 27 59 144 NA 1 15 11 NA NA 7 11 28
"137" 33 87 81 33 62 120 1 NA 17 12 NA NA 7 11 25
"138" 13 57 47 27 36 122 NA NA 16 13 1 1 12 4 22
"139" 18 58 51 25 47 111 1 NA 26 11 NA NA 1 4 24
"140" 18 50 52 37 52 135 NA NA 13 13 NA NA 5 11 8
"141" 24 60 72 22 47 127 NA NA 12 9 NA NA 8 16 31
"142" 17 75 67 34 61 138 NA NA 9 19 NA NA 5 11 29
"143" 8 43 59 38 49 155 NA NA 14 12 NA NA 8 11 22
"144" 18 55 64 33 56 152 1 NA 13 10 NA NA 7 11 29
"145" 22 25 59 45 66 134 NA 1 26 10 NA NA 9 4 31
"146" 19 22 70 31 61 114 NA NA 10 8 1 NA 13 11 19
"147" 13 61 85 18 42 111 1 NA 20 9 NA NA 4 17 21
"148" 22 35 71 32 74 127 NA 1 19 13 1 NA 7 12 16
"149" 23 55 77 21 56 121 NA NA 18 15 NA NA 12 8 20
"150" 17 41 45 36 68 153 NA 1 15 15 1 NA 6 4 25
"151" 25 56 68 38 57 107 1 NA 18 15 1 NA 6 9 20
"152" 26 51 58 30 49 128 NA NA 22 24 NA NA 4 13 20
"153" 16 59 60 35 56 125 NA NA 15 6 NA NA 3 4 26
"154" 25 54 64 27 37 125 NA NA 11 17 1 1 8 10 20
"155" 22 65 79 25 86 133 NA 1 31 30 NA NA 1 11 28
"156" 48 97 90 48 71 112 2 NA 18 23 NA NA 10 5 31
"157" 16 49 63 40 58 145 NA NA 13 14 1 NA 4 3 22
"158" 13 37 60 23 36 107 NA NA 15 14 NA NA 4 11 18
"159" 15 54 71 24 56 120 NA NA 13 8 NA NA 4 6 20
"160" 15 61 74 34 52 135 NA NA 21 13 NA NA 1 6 21
"161" 17 47 52 34 67 141 2 NA 17 7 1 NA 3 11 13
"162" 9 70 63 35 78 116 NA NA 9 23 NA NA 2 13 31
"163" 16 20 60 32 44 108 NA 1 10 19 NA NA 6 13 35
"164" 20 52 72 33 71 126 3 NA 15 8 NA NA 5 9 16
"165" 23 62 63 35 76 128 NA NA 32 8 NA NA 5 4 29
"166" 27 65 77 35 55 147 3 NA 17 18 NA NA 5 3 18
"167" 16 21 51 23 50 120 1 NA 25 12 NA NA 4 8 14
"168" 23 68 66 25 60 142 NA NA 6 8 NA NA 2 7 14
"169" 14 41 60 33 49 112 NA NA 18 15 NA NA 4 8 31
"170" 29 58 62 25 59 133 1 NA 11 18 NA NA 11 8 28
"171" 21 70 79 27 61 143 1 1 22 14 NA NA 5 12 26
"172" 14 64 67 41 69 163 NA NA 14 4 NA NA 7 5 22
"173" 30 53 77 35 77 123 NA NA 18 15 NA NA 14 7 17
"174" 33 72 78 46 47 138 NA NA 11 5 NA NA 7 9 25
"175" 17 47 68 19 40 139 NA NA 13 8 NA NA 9 7 20
"176" 15 53 61 48 62 135 NA NA 16 9 3 NA 9 4 25
"177" 13 48 62 39 32 141 NA NA 11 15 1 NA 8 8 25
"178" 15 42 50 32 52 124 NA 1 6 5 1 NA 7 2 21
"179" 13 59 60 36 78 126 NA NA 15 16 2 NA 6 10 22
"180" 26 54 76 15 68 182 NA 2 16 6 NA NA 6 11 35
"181" 26 75 77 31 47 112 2 NA 16 5 1 NA 6 10 17
"182" 14 26 71 31 48 126 NA NA 14 7 1 NA 7 6 30
"183" 43 69 69 60 75 176 NA NA 10 15 1 NA 8 7 20
"184" 15 46 55 11 53 125 NA NA 12 14 3 NA 6 9 22
"185" 32 70 56 40 69 115 NA NA 14 18 NA NA 7 9 19
"186" 25 59 71 28 60 103 NA NA 9 21 NA NA 3 4 22
"187" 24 79 77 33 62 117 NA NA 15 10 NA NA 7 9 18
"188" 12 29 59 33 58 130 NA NA 18 15 NA NA 5 15 23
"189" 13 57 73 31 35 116 NA NA 16 11 1 NA 1 4 24
"190" 12 51 66 25 63 142 NA NA 15 11 NA NA 12 11 17
"191" 15 68 79 37 74 123 NA NA 14 8 1 NA 3 3 25
"192" 14 56 78 43 64 149 NA NA 10 6 NA NA 5 10 30
"193" 19 49 48 21 41 106 NA NA 15 17 NA NA 7 13 21
"194" 25 76 65 32 48 132 3 NA 16 9 NA NA 1 15 22
"195" 25 54 71 29 47 118 3 NA 21 7 NA 1 7 3 22
"196" 18 30 71 44 41 140 NA NA 9 16 NA NA 8 4 26
"197" 27 61 58 24 48 143 1 NA 23 7 NA NA 5 8 23
"198" 23 73 62 30 51 143 1 NA 20 7 NA NA 10 5 26
"199" 19 57 73 42 65 131 NA NA 19 8 NA NA 4 15 43
"200" 16 46 51 34 63 153 1 NA 22 5 1 NA 1 3 21
"201" 17 54 66 25 55 140 NA NA 15 16 2 NA 6 6 28
"202" 21 51 61 37 70 137 NA NA 15 9 1 NA 6 8 19
"203" 35 37 60 22 44 127 2 NA 17 17 NA NA 9 7 16
"204" 25 56 68 42 55 114 NA NA 7 13 NA NA 11 10 17
"205" 21 72 71 31 58 149 NA NA 7 7 NA NA 7 11 21
"206" 23 80 59 40 50 117 NA NA 11 8 NA NA 11 5 24
"207" 23 69 75 29 57 138 NA 1 16 11 NA NA 5 7 26
"208" 19 56 52 40 56 147 1 NA 25 23 1 NA 11 11 22
"209" 32 68 66 21 82 122 NA NA 14 13 NA NA 8 10 21
"210" 33 66 59 54 70 126 1 1 18 17 1 NA 2 8 20
"211" 25 78 61 23 45 145 NA NA 14 13 NA NA 10 15 31
"212" 27 77 102 34 94 116 NA NA 18 15 NA NA 4 2 38
"213" 34 93 80 42 55 139 1 NA 4 21 2 NA 3 7 16
"214" 25 63 63 35 69 132 NA NA 8 12 NA NA 2 5 17
"215" 13 48 57 23 47 140 3 NA 9 14 NA NA 6 11 29
"216" 14 39 50 22 71 118 1 NA 7 3 1 NA NA 5 24
"217" 18 45 55 28 42 148 NA NA 15 8 1 NA 7 4 24
"218" 16 57 51 32 38 101 1 NA 6 9 NA NA 3 5 11
"219" 15 48 66 25 38 104 4 NA 12 13 NA NA 9 8 18
"220" 28 68 81 32 52 115 NA NA 28 12 NA NA 2 5 33
"221" 11 50 67 24 40 122 1 1 8 9 1 NA 8 8 23
"222" 30 65 57 19 44 122 1 NA 12 10 1 NA 4 12 30
"223" 39 84 71 35 61 135 NA NA 4 9 NA NA 3 9 16
"224" 45 83 100 40 94 140 NA NA 13 14 NA NA 5 18 18
"225" 23 44 60 31 81 152 NA NA 9 9 3 NA 1 2 25
"226" 20 30 76 40 87 147 NA NA 15 4 NA NA 5 5 16
"227" 16 45 58 38 66 118 1 NA 10 19 1 NA 3 7 21
"228" 19 59 76 12 42 113 NA NA 10 20 NA NA 2 16 15
"229" 19 78 74 40 81 138 NA 1 5 11 NA NA 5 6 20
"230" 21 67 71 45 66 113 1 1 18 7 2 NA 5 5 26
"231" 28 30 57 32 42 115 NA NA 20 12 5 NA 7 14 25
"232" 29 57 59 32 82 118 3 NA 12 12 NA NA 6 9 27
"233" 36 57 54 25 41 119 NA 1 17 9 NA NA 5 12 20
"234" 27 67 66 17 52 134 NA NA 23 5 NA NA 11 5 29
"235" 25 47 56 25 47 111 NA NA 15 14 NA NA 4 5 32
"236" 24 70 64 29 66 133 2 1 21 13 1 NA 3 5 18
"237" 26 45 77 28 51 146 1 NA 11 11 NA NA 4 15 17
"238" 16 57 61 29 62 159 NA 1 15 6 NA NA 9 3 23
"239" 19 51 77 34 81 118 NA NA 11 14 1 NA 4 12 22
"240" 30 66 65 40 67 128 1 NA 22 17 1 NA 1 11 14
"241" 20 52 81 32 60 132 NA NA 15 9 1 NA 5 9 17
"242" 19 58 69 26 49 157 NA NA 16 13 NA NA 10 9 22
"243" 13 52 92 34 61 124 NA 1 18 7 NA NA 9 11 25
"244" 15 35 48 25 60 147 1 NA 22 18 NA 1 1 3 14
"245" 17 53 65 27 49 131 NA NA 10 18 1 NA 5 6 21
"246" 20 24 68 33 72 121 NA NA 16 13 NA NA 3 5 24
"247" 30 73 94 51 63 120 7 NA 15 9 NA NA 1 3 17
"248" 22 65 65 18 50 126 2 NA 7 21 NA NA 4 10 29
"249" 9 46 59 31 60 149 NA 1 13 12 2 NA 5 8 29
"250" 26 76 93 31 80 135 1 NA 17 11 NA NA 8 17 24
"251" 23 51 63 42 57 143 NA NA 19 14 NA NA 9 7 23
"252" 14 57 77 47 27 110 NA NA 13 17 1 NA 3 12 25
"253" 21 70 83 32 46 127 NA NA 21 6 NA NA 3 11 21
"254" 13 42 65 21 52 130 1 NA 8 11 NA NA 8 9 15
"255" 27 65 80 33 71 139 NA NA 7 8 NA NA 10 8 22
"256" 11 36 58 29 53 143 NA NA 16 9 NA NA 3 11 22
"257" 18 42 56 22 75 151 1 NA 13 16 1 NA 1 7 14
"258" 6 33 55 27 47 90 3 NA 19 16 NA NA 5 12 22
"259" 16 26 64 23 38 112 1 1 14 12 NA NA 13 11 35
"260" 24 50 71 16 42 126 NA NA 16 11 1 NA 2 9 28
"261" 20 56 74 28 45 136 NA NA 12 10 NA NA 7 7 18
"262" 22 51 63 33 48 121 NA NA 23 15 NA 2 4 13 23
"263" 22 47 52 22 37 102 2 NA 10 5 1 NA 9 8 28
"264" 22 32 63 26 64 144 NA NA 14 6 1 NA 8 8 13
"265" 14 56 72 27 24 119 NA 1 15 13 NA NA 15 7 24
"266" 24 59 66 30 51 132 NA NA 22 14 1 NA 10 14 19
"267" 18 59 83 16 67 119 NA 1 24 16 2 NA 14 5 24
"268" 28 65 72 27 60 138 NA NA 23 10 NA NA 4 8 15
"269" 27 57 70 32 46 137 NA NA 7 11 NA NA 6 9 30
"270" 26 48 47 38 31 145 NA NA 13 13 1 NA 7 5 29
"271" 20 25 71 31 79 138 NA NA 19 14 NA NA 6 13 21
"272" 24 42 51 37 52 102 2 NA 15 11 NA NA 6 13 24
"273" 23 66 71 36 82 144 NA NA 15 11 NA NA 7 14 21
"274" 26 59 55 36 45 119 NA NA 23 10 NA NA 8 14 20
"275" 18 46 55 27 71 151 NA NA 14 11 1 NA 3 3 16
"276" 27 68 67 36 51 127 NA NA 20 6 NA NA 11 13 21
"277" 21 64 76 16 63 161 2 NA 15 5 1 NA 3 9 17
"278" 29 64 61 43 47 170 1 NA 17 3 1 NA 10 7 39
"279" 21 47 68 27 49 117 NA NA 19 7 NA NA 10 13 17
"280" 26 27 68 27 49 126 2 NA 14 11 NA NA 3 10 30
"281" 18 58 60 23 49 100 1 NA 9 10 NA NA 7 4 18
"282" 34 28 59 28 73 136 1 NA 5 9 1 NA 6 8 14
"283" 27 68 66 37 69 143 3 2 23 12 NA NA 5 8 22
"284" 16 48 61 31 59 165 NA NA 16 19 1 1 7 9 18
"285" 21 52 67 44 52 154 NA NA 15 6 1 NA 5 15 14
"286" 37 73 73 38 63 139 NA NA 14 8 NA NA 3 12 29
"287" 18 47 69 29 38 111 NA 1 13 12 1 NA 2 12 17
"288" 28 66 59 19 69 123 1 NA 17 11 NA NA 8 8 25
"289" 14 55 47 31 48 128 NA NA 17 10 1 NA 9 13 27
"290" 17 47 55 41 51 131 NA NA 18 18 NA NA 9 10 26
"291" 23 56 56 24 44 128 NA NA 9 2 NA NA 4 9 19
"292" 14 42 71 33 60 135 NA NA 17 6 NA NA 1 6 32
"293" 24 48 66 37 46 134 NA NA 14 9 1 NA 9 7 21
"294" 25 61 67 25 41 125 2 NA 8 10 NA NA 11 11 23
"295" 17 43 50 35 61 133 NA NA 16 19 1 NA 1 5 17
"296" 18 54 68 33 56 138 1 NA 10 13 NA 1 3 2 16
"297" 21 31 74 21 40 121 3 NA 4 20 1 NA 3 11 14
"298" 22 61 65 14 52 120 1 NA 14 9 NA NA 3 8 16
"299" 21 58 69 30 69 113 1 NA 15 9 NA 1 8 15 20
"300" 22 45 56 30 55 126 NA NA 14 3 NA NA 8 5 14
"301" 21 40 59 33 51 117 2 NA 25 14 NA NA 8 17 22
"302" 17 43 77 37 56 136 1 NA 15 12 NA NA 13 9 27
"303" 21 71 53 23 40 121 NA NA 20 18 2 NA 3 16 18
"304" 17 64 71 33 33 136 NA NA 25 7 NA NA 4 8 23
"305" 19 48 75 26 26 118 NA NA 22 13 NA 1 6 4 27
"306" 29 86 75 31 43 139 1 NA 25 19 NA NA 4 7 41
"307" 26 53 57 33 75 149 4 NA 13 14 1 NA 5 9 24
"308" 20 64 68 25 55 137 1 NA 19 7 NA NA 9 11 21
"309" 27 73 66 25 44 136 NA NA 13 4 1 3 3 4 15
"310" 38 83 67 31 61 114 NA NA 15 14 NA NA 9 12 18
"311" 16 48 63 39 41 131 NA 3 16 15 NA NA 11 10 24
"312" 20 60 59 40 57 154 2 1 9 9 NA NA 3 6 14
"313" 23 37 73 35 70 155 NA NA 9 20 2 NA 9 11 24
"314" 28 66 67 29 55 135 NA 1 7 4 2 NA 2 3 26
"315" 20 60 57 43 55 119 NA NA 14 11 NA NA 15 9 29
"316" 21 42 55 36 47 133 NA NA 5 5 NA NA 4 10 22
"317" 33 60 71 24 67 120 NA NA 11 9 NA NA 10 11 20
"318" 14 34 60 29 63 132 1 NA 6 10 NA NA 4 3 16
"319" 11 49 43 30 48 144 4 NA 18 3 5 NA 6 7 27
"320" 27 71 70 32 84 128 2 NA 17 12 1 NA 3 4 17
"321" 18 50 73 31 65 148 1 1 12 8 NA NA 14 10 20
"322" 18 47 54 42 59 139 NA NA 10 17 NA NA 7 10 24
"323" 26 60 65 35 69 124 NA NA 13 7 NA NA 9 9 22
"324" 24 75 73 43 54 124 1 NA 15 7 NA NA 3 7 16
"325" 10 44 58 21 45 142 NA NA 9 9 NA NA 5 8 14
"326" 23 62 79 48 90 145 1 NA 13 12 1 NA 7 9 35
"327" 25 54 63 49 84 153 1 NA 11 15 NA NA 7 5 32
"328" 24 74 49 31 43 121 NA NA 21 13 NA NA 11 7 21
"329" 31 57 54 39 56 133 NA NA 13 14 NA NA 7 15 23
"330" 22 62 68 28 59 146 1 NA 17 5 NA NA 4 9 17
"331" 29 69 76 45 70 121 NA 1 17 11 1 NA 6 7 15
"332" 26 49 48 27 39 100 NA NA 22 10 1 NA 7 10 18
"333" 21 42 52 33 48 134 NA NA 15 16 NA NA 2 13 21
"334" 10 49 61 26 69 120 NA NA 17 6 NA NA 9 5 17
"335" 28 59 67 28 65 120 1 NA 20 14 NA NA 7 6 26
"336" 10 47 68 45 60 159 4 NA 18 11 2 NA 13 8 19
"337" 18 58 94 32 80 134 NA NA 18 18 1 NA 3 11 20
"338" 14 51 64 31 28 132 NA NA 13 14 NA 1 4 18 21
"339" 24 59 61 29 43 113 NA NA 14 12 NA NA 7 7 18
"340" 17 53 56 26 21 147 3 NA 21 13 1 NA 3 4 22
"341" 17 42 64 20 50 135 NA NA 11 10 NA NA 5 10 14
"342" 21 54 62 26 45 127 NA NA 11 14 NA NA 1 7 27
"343" 26 61 57 40 59 147 NA NA 15 9 NA NA 12 9 26
"344" 16 54 77 32 64 125 NA NA 21 7 NA NA 6 12 14
"345" 21 59 60 46 76 135 NA NA 12 7 NA NA 5 12 14
"346" 28 65 61 35 76 176 NA NA 19 14 NA NA 5 2 24
"347" 13 69 57 23 41 161 NA NA 18 14 NA NA 7 7 20
"348" 8 35 50 24 52 154 NA NA 17 10 NA NA 8 11 27
"349" 27 84 83 51 77 135 NA NA 14 18 NA NA 4 5 20
"350" 25 57 52 45 61 109 NA 1 20 10 NA 1 9 10 20
"351" 19 49 59 29 70 145 NA NA 18 11 NA NA 7 7 32
"352" 16 50 57 41 52 133 1 NA 13 11 1 NA 9 9 24
"353" 20 61 59 30 54 137 NA NA 19 13 NA NA 16 13 26
"354" 18 47 69 41 61 134 NA NA 15 11 NA NA 10 6 19
"355" 14 64 60 32 66 129 1 1 8 12 NA NA 5 8 28
"356" 41 58 66 28 60 119 NA NA 15 8 NA NA 5 4 17
"357" 22 57 51 21 39 149 2 NA 14 7 NA NA 9 11 33
"358" 15 38 67 40 58 107 4 NA 17 14 NA NA 5 11 23
"359" 25 68 84 38 70 151 3 NA 21 11 NA NA 9 14 29
"360" 22 66 78 31 61 151 NA 1 16 13 NA NA 9 12 16
"361" 29 52 65 28 43 127 2 NA 20 2 2 NA 1 13 16
"362" 19 58 65 30 34 127 4 2 17 9 1 NA 5 6 19
"363" 33 54 86 24 57 134 2 NA 16 10 1 NA 6 16 18
"364" 14 50 83 31 58 145 1 NA 12 17 1 NA 3 5 17
"365" 30 86 83 37 66 138 NA NA 18 8 NA NA 5 6 19
"366" 22 60 81 36 59 139 1 1 13 10 1 NA 3 9 20
"367" 26 58 89 44 81 162 NA NA 7 12 NA NA 2 4 25
"368" 19 47 93 27 74 123 2 NA 12 9 1 NA 3 4 24
"369" 21 53 72 25 69 136 NA NA 20 13 NA 2 1 12 29
"370" 21 56 52 39 58 127 NA NA 12 15 NA NA 4 9 24
"371" 18 52 59 27 51 118 2 NA 13 11 1 NA 7 11 30
"372" 17 55 73 39 29 152 1 NA 16 10 NA NA 10 10 35
"373" 23 56 55 37 49 125 NA NA 10 15 NA NA 5 10 21
"374" 33 72 65 50 65 119 NA NA 8 17 NA NA 6 7 24
"375" 20 65 68 33 43 112 NA NA 15 12 NA NA 4 10 32
"376" 26 53 59 33 58 132 NA NA 21 11 1 NA 4 12 19
"377" 18 43 64 34 39 124 2 1 25 18 1 NA 6 10 24
"378" 20 64 62 19 66 105 NA NA 13 11 NA NA 5 9 24
"379" 22 85 75 36 56 159 NA NA 15 11 1 NA 2 9 15
"380" 24 56 89 28 55 140 NA NA 6 9 NA NA 6 4 21
"381" 26 55 70 27 51 137 2 1 16 13 NA NA 8 13 28
"382" 13 61 59 22 51 120 NA NA 10 7 NA NA 5 12 22
"383" 17 37 78 33 77 133 1 NA 8 5 NA NA 11 11 21
"384" 21 76 63 35 47 133 NA NA 19 14 NA NA 8 11 25
"385" 13 49 64 30 65 134 NA 1 15 6 1 NA 7 12 21
"386" 30 60 61 39 47 113 2 2 15 11 NA NA 6 14 24
"387" 24 66 73 28 59 137 NA NA 13 17 1 NA 3 14 29
"388" 28 74 85 36 64 121 NA NA 14 13 NA NA 5 9 19
"389" 18 43 39 37 55 148 NA NA 11 11 NA NA 11 7 21
"390" 18 55 75 33 61 115 NA NA 9 17 NA NA 4 10 23
"391" 9 58 71 20 61 137 NA NA 11 8 NA NA 8 13 22
"392" 34 66 85 34 77 148 2 2 8 13 NA NA 7 7 27
"393" 40 72 74 32 31 118 1 NA 11 12 NA NA 6 5 10
"394" 32 76 83 35 83 139 NA NA 5 13 NA NA 9 9 20
"395" 28 66 71 33 66 142 NA NA 13 11 NA NA 5 4 29
"396" 26 34 59 27 66 107 1 NA 7 12 1 NA 6 3 25
"397" 25 61 67 38 62 146 1 NA 13 10 NA NA 4 17 17
"398" 25 61 71 39 54 114 NA 1 11 6 NA NA 8 9 23
"399" 20 61 62 19 63 118 1 NA 17 11 1 NA 5 5 28
"400" 20 53 81 28 51 152 NA 1 17 3 1 NA 13 5 19
"401" 20 56 62 18 54 137 NA NA 21 18 NA NA 7 6 24
"402" 14 37 65 26 36 143 1 NA 12 4 1 NA 5 4 14
"403" 18 63 87 29 52 127 1 NA 16 12 1 NA 10 7 15
"404" 37 78 86 36 66 109 NA NA 12 9 NA NA 7 6 14
"405" 20 72 94 19 45 123 NA NA 28 18 1 NA 11 11 28
"406" 16 59 84 39 64 141 NA NA 15 12 2 NA 7 11 19
"407" 24 56 60 29 60 148 1 NA 8 12 1 NA 8 12 23
"408" 29 59 63 43 80 142 1 NA 9 5 NA NA 10 13 28
"409" 20 49 49 26 52 97 NA NA 11 13 NA NA 3 9 19
"410" 37 59 61 47 67 130 NA NA 15 17 3 NA 6 12 13
"411" 13 35 74 31 67 149 1 1 19 7 1 NA 9 5 27
"412" 37 85 75 45 56 126 NA NA 14 10 NA NA 2 9 21
"413" 25 77 79 50 36 122 NA NA 9 4 NA NA 5 7 35
"414" 14 62 77 39 80 103 1 NA 13 13 NA NA 7 8 25
"415" 16 53 51 32 57 149 1 1 11 5 NA NA 9 2 12
"416" 28 52 60 31 39 126 NA 1 18 12 NA NA 6 11 27
"417" 21 50 48 33 50 142 NA NA 23 9 NA NA 2 14 31
"418" 23 57 64 32 70 139 1 NA 18 10 1 NA 4 2 19
"419" 36 55 75 37 49 138 NA NA 11 4 NA 1 16 8 29
"420" 14 48 62 23 59 129 1 NA 15 13 2 NA 3 4 18
"421" 20 62 79 24 77 140 1 NA 6 22 NA NA 1 2 16
"422" 12 55 71 21 59 107 NA NA 12 10 NA NA 3 9 14
"423" 18 56 65 37 39 112 1 NA 25 17 1 NA 8 10 34
"424" 26 56 51 31 53 137 NA NA 12 11 1 NA 4 9 30
"425" 23 57 66 35 51 141 NA NA 19 16 2 NA 12 12 24
"426" 27 52 65 29 51 124 2 NA 18 12 3 NA 5 11 17
"427" 13 55 78 14 56 137 NA NA 19 10 NA NA 5 14 23
"428" 27 56 60 18 59 113 NA NA 15 4 NA NA 4 5 29
"429" 15 47 67 36 46 108 NA NA 10 14 NA NA 4 8 26
"430" 25 40 63 25 63 141 1 NA 17 9 NA NA 11 12 31
"431" 22 60 73 38 58 115 1 NA 14 12 2 NA 6 6 22
"432" 25 37 73 51 86 157 1 NA 14 16 NA NA 3 11 14
"433" 13 52 58 31 45 118 NA NA 8 5 NA NA 1 13 20
"434" 15 32 78 16 49 133 1 NA 19 5 4 NA 3 8 24
"435" 11 55 71 37 66 131 2 NA 23 12 NA NA 1 10 18
"436" 33 69 78 35 76 146 1 1 23 11 1 NA 4 9 21
"437" 19 67 62 21 70 124 1 NA 14 6 NA NA 5 7 26
"438" 21 60 76 43 68 147 1 NA 10 13 1 NA 3 15 32
"439" 21 56 64 41 72 121 1 NA 15 19 NA 1 3 8 27
"440" 26 67 73 30 73 139 NA NA 16 20 NA NA 8 17 34
"441" 24 75 81 29 46 139 1 NA 25 17 NA NA 2 7 29
"442" 19 49 57 22 70 124 NA NA 21 7 1 NA 9 13 22
"443" 21 46 65 39 62 144 NA NA 12 6 NA NA 7 8 37
"444" 27 65 77 44 69 123 NA NA 17 12 1 2 7 4 19
"445" 24 66 76 41 72 139 NA NA 7 6 NA NA 1 11 25
"446" 19 67 79 35 60 114 1 NA 17 12 1 NA 4 13 32
"447" 18 53 52 31 52 124 NA NA 9 15 1 NA 11 15 24
"448" 3 34 64 33 79 140 NA NA 15 10 NA NA 3 13 27
"449" 12 62 71 34 65 127 1 3 13 4 1 NA 2 13 18
"450" 12 38 52 36 61 136 NA NA 15 11 NA NA 8 8 16
"451" 28 59 62 42 67 116 1 NA 22 15 NA NA 9 10 28
"452" 31 84 75 31 63 142 NA NA 14 13 NA NA 7 5 20
"453" 10 57 65 35 64 147 NA NA 20 14 1 NA 8 11 19
"454" 5 43 67 22 57 146 1 NA 11 14 NA NA 1 11 22
"455" 35 59 58 39 58 142 1 1 6 17 1 NA 3 8 22
"456" 23 52 63 31 56 124 1 NA 6 10 1 NA 9 19 22
"457" 22 54 66 34 68 119 1 NA 15 13 NA NA 6 8 32
"458" 12 43 39 43 40 138 1 NA 15 19 1 NA 2 10 20
"459" 21 48 54 33 58 130 NA NA 28 12 NA NA 3 7 21
"460" 20 72 67 19 47 149 1 NA 15 9 NA NA 7 5 20
"461" 16 22 71 23 51 124 1 NA 21 14 1 NA 10 9 24
"462" 23 62 68 29 58 112 NA NA 16 8 NA NA 7 11 23
"463" 26 74 68 47 62 140 NA NA 11 13 NA NA 2 13 11
"464" 37 67 58 35 51 136 NA NA 17 12 NA NA 8 5 24
"465" 22 60 76 47 53 127 1 NA 14 10 NA NA 1 15 23
"466" 18 32 68 39 71 149 4 2 20 12 NA NA 9 7 22
"467" 20 54 55 31 46 115 NA NA 6 6 NA NA 11 17 16
"468" 21 49 57 32 77 162 NA NA 16 15 NA NA 3 11 33
"469" 12 38 52 23 57 118 2 1 24 23 NA NA 4 3 16
"470" 14 38 46 28 54 129 NA 1 18 12 NA NA 11 5 18
"471" 33 82 74 32 42 145 NA NA 5 7 NA NA 4 7 24
"472" 25 77 78 37 68 134 NA NA 8 5 1 NA 5 11 17
"473" 19 62 51 27 47 141 1 1 27 14 NA NA 9 10 39
"474" 13 31 51 27 59 118 NA NA 13 9 3 NA 4 13 26
"475" 20 34 74 35 78 151 2 NA 10 13 NA NA 5 9 20
"476" 21 62 74 31 58 142 1 1 19 13 1 NA 4 17 33
"477" 15 60 62 28 70 160 NA NA 7 21 1 NA 2 7 20
"478" 18 65 49 33 55 126 NA NA 17 9 1 NA 5 8 21
"479" 7 35 55 28 50 119 1 1 16 10 1 NA 7 6 26
"480" 12 61 67 38 46 123 NA 1 18 14 NA NA 4 12 12
"481" 6 46 56 28 61 118 NA 1 20 14 NA NA NA 11 27
"482" 22 63 65 52 55 104 NA NA 13 6 NA NA 1 9 19
"483" 23 41 51 29 50 152 NA NA 18 16 NA NA 2 4 24
"484" 23 62 65 37 75 141 NA NA 10 19 NA NA 7 11 20
"485" 21 64 74 30 67 108 NA NA 17 20 1 NA 2 9 25
"486" 24 72 87 32 43 137 2 1 14 12 1 NA 2 8 15
"487" 16 56 66 23 43 127 3 NA 14 20 NA NA 10 14 18
"488" 6 46 67 25 43 126 NA 4 15 9 NA NA 10 9 24
"489" 17 48 53 29 45 160 NA NA 20 11 NA NA 3 11 23
"490" 15 43 51 34 61 150 NA NA 20 10 1 NA 6 10 14
"491" 27 60 60 39 64 135 1 1 15 11 1 NA 8 11 24
"492" 20 26 83 32 70 134 NA NA 11 6 NA NA 3 3 20
"493" 20 68 63 39 71 147 1 NA 12 14 1 NA 6 8 14
"494" 22 47 64 27 59 153 3 NA 14 13 NA NA 6 9 28
"495" 23 55 77 30 67 146 NA NA 22 15 NA NA 3 11 30
"496" 28 55 84 24 49 104 NA NA 15 7 2 NA 2 11 23
"497" 18 32 68 29 58 126 NA NA 13 14 2 NA 6 9 23
"498" 20 45 77 36 74 135 NA NA 23 9 NA NA 5 3 15
"499" 19 55 52 30 56 140 2 NA 14 8 NA NA 5 14 13
"500" 16 44 70 32 70 131 1 NA 16 11 NA NA 7 11 20
"501" 18 60 70 38 87 125 NA 2 9 9 1 NA 5 9 19
"502" 28 63 61 34 59 128 NA NA 21 7 3 NA 2 19 39
"503" 22 58 76 43 65 116 5 NA 7 7 2 NA 3 7 28
"504" 23 70 56 37 69 127 NA NA 15 16 NA NA 5 6 35
"505" 24 45 56 24 58 142 NA NA 15 8 NA NA 1 13 20
"506" 11 53 80 23 47 116 1 1 15 11 NA NA 4 6 29
"507" 19 49 57 26 63 131 NA NA 17 9 NA NA 7 8 22
"508" 17 49 64 35 60 139 NA 1 15 12 1 NA 4 9 23
"509" 13 51 78 34 71 139 NA NA 16 7 NA NA 9 14 20
"510" 21 66 57 38 56 125 1 NA 14 16 NA NA 5 19 26
"511" 20 69 86 40 65 138 NA 1 16 11 NA NA 7 6 24
"512" 20 43 59 33 45 123 1 2 18 12 NA NA 5 11 29
"513" 13 56 62 31 55 153 NA NA 14 14 NA NA 5 6 19
"514" 27 46 44 48 77 131 3 NA 19 11 1 NA 1 11 30
"515" 20 53 89 21 68 109 1 NA 11 20 NA NA 3 4 21
"516" 20 59 82 31 43 109 NA NA 20 24 NA NA 5 6 25
"517" 19 59 76 39 75 129 NA NA 26 9 NA NA 4 7 29
"518" 18 58 64 35 65 122 1 NA 6 15 NA NA 4 17 19
"519" 33 64 72 23 50 125 1 NA 17 5 NA NA 7 16 24
"520" 10 60 57 29 64 141 NA NA 18 13 NA NA 5 9 21
"521" 10 42 57 22 53 136 NA 2 12 9 NA NA 8 5 22
"522" 20 54 52 25 22 125 NA NA 14 10 NA NA 8 3 17
"523" 26 61 83 20 45 121 1 NA 14 15 NA NA 7 5 16
"524" 24 68 60 39 73 143 NA NA 19 21 1 NA 5 3 20
"525" 18 55 82 31 53 124 2 NA 17 17 NA NA 2 9 23
"526" 22 77 76 42 80 125 1 1 12 6 NA NA 4 2 29
"527" 21 62 84 17 66 108 NA NA 19 12 1 NA 9 5 21
"528" 10 29 73 26 56 138 NA NA 17 10 NA NA 3 9 30
"529" 16 59 57 27 55 115 NA 1 18 10 2 NA 9 13 26
"530" 16 55 70 11 18 127 NA 1 11 6 NA NA 7 2 22
"531" 19 50 67 28 58 110 1 NA 14 21 NA 1 4 11 16
"532" 22 57 61 36 55 170 NA NA 16 4 2 NA 2 6 19
"533" 28 58 71 29 65 126 NA NA 8 9 1 NA 3 5 22
"534" 13 40 66 42 76 133 2 1 25 9 NA NA 2 10 19
"535" 16 75 72 44 67 126 NA NA 16 12 NA NA 3 7 25
"536" 23 66 85 29 69 138 1 NA 20 9 1 NA 2 6 22
"537" 17 54 57 21 40 140 1 NA 11 13 1 NA 2 10 24
"538" 15 61 75 37 59 132 1 NA 15 13 NA NA 5 12 21
"539" 6 44 65 19 69 125 3 NA 17 6 NA NA 6 7 30
"540" 23 52 57 34 54 102 3 1 9 11 NA NA 8 9 31
"541" 24 52 74 34 62 140 1 NA 9 12 NA NA 9 9 29
"542" 20 67 63 40 79 112 1 NA 12 16 1 NA 5 10 23
"543" 20 54 76 24 62 124 NA NA 15 4 NA NA 5 5 23
"544" 28 59 62 30 76 110 3 NA 14 13 NA NA 7 7 22
"545" 23 63 63 33 84 165 NA NA 12 12 NA NA 5 8 20
"546" 26 59 60 43 51 148 1 NA 5 18 1 NA 9 22 23
"547" 28 32 70 30 46 147 NA NA 18 15 1 NA 8 12 24
"548" 29 73 68 41 71 127 NA NA 25 14 1 NA 5 13 16
"549" 13 55 53 29 35 153 NA NA 9 12 NA NA 3 5 21
"550" 25 65 74 34 59 119 NA NA 21 15 NA NA 6 18 21
"551" 14 50 56 31 60 134 NA NA 12 7 1 NA 7 6 33
"552" 19 65 64 9 53 122 1 NA 17 12 NA NA 7 8 22
"553" 31 61 69 39 82 158 NA NA 18 22 NA NA 8 5 23
"554" 16 56 79 31 57 116 NA NA 7 8 3 NA 7 4 19
"555" 11 21 50 29 53 150 NA NA 20 15 NA NA 5 3 20
"556" 23 55 53 26 64 140 2 NA 9 22 NA NA 12 10 29
"557" 21 29 70 38 67 174 NA NA 8 4 NA NA 3 6 23
"558" 30 73 46 39 66 139 NA 1 9 7 2 NA 12 13 23
"559" 17 41 63 23 73 137 NA NA 22 13 NA NA 3 5 20
"560" 17 55 41 35 42 106 NA NA 14 4 NA NA 7 6 21
"561" 24 60 72 19 57 114 1 NA 12 12 NA NA 9 11 23
"562" 9 35 60 33 60 124 NA NA 9 9 1 NA 10 13 22
"563" 20 58 63 36 59 136 1 1 5 9 NA NA 11 11 32
"564" 30 49 45 26 51 128 1 NA 21 18 NA NA 3 7 20
"565" 21 59 55 25 45 118 2 NA 8 16 NA NA 6 9 28
"566" 13 60 56 37 63 125 2 NA 18 10 1 NA 7 5 14
"567" 15 49 61 33 47 133 NA 1 15 19 1 NA 5 17 38
"568" 16 57 73 26 28 141 1 1 7 10 NA 1 7 7 24
"569" 19 60 47 34 28 118 NA 1 9 5 1 NA 6 11 27
"570" 8 44 60 35 73 134 NA NA 11 9 1 NA 3 9 24
"571" 39 69 84 33 35 131 2 NA 16 10 NA NA 7 14 26
"572" 22 48 63 47 73 149 NA 1 17 6 1 NA 5 8 22
"573" 16 53 62 38 69 144 1 NA 15 5 NA NA 9 7 22
"574" 11 43 68 27 47 138 NA NA 10 4 NA NA 3 13 23
"575" 23 56 46 33 64 119 NA NA 13 8 1 NA 2 11 19
"576" 14 57 68 31 70 140 NA 1 19 12 NA NA 12 18 23
"577" 21 67 91 35 70 134 NA NA 8 8 NA NA 9 5 31
"578" 24 57 66 33 76 122 1 NA 18 11 NA 1 1 8 28
"579" 20 68 69 33 54 123 1 NA 15 9 NA NA 4 9 26
"580" 23 51 52 26 56 135 NA NA 15 9 NA NA 4 5 22
"581" 19 55 83 30 49 113 NA NA 6 12 NA NA 4 4 22
"582" 15 61 77 32 59 125 3 NA 14 9 1 NA 3 7 21
"583" 18 60 70 23 62 139 1 NA 14 13 NA NA 8 8 18
"584" 21 64 60 23 49 130 NA NA 19 13 NA NA 8 12 21
"585" 24 50 74 35 61 111 1 NA 14 22 NA NA 3 7 15
"586" 29 62 85 35 75 154 2 NA 10 10 NA NA 9 8 24
"587" 42 73 69 25 47 126 NA 1 15 13 1 NA 3 9 30
"588" 18 44 53 31 48 118 NA NA 13 8 2 NA 3 4 14
"589" 25 66 74 19 50 131 1 NA 11 6 1 NA 7 13 27
"590" 13 49 55 35 58 151 NA NA 14 7 1 NA 3 3 11
"591" 16 43 58 27 61 121 2 NA 18 7 NA NA 7 13 29
"592" 15 58 55 22 49 125 1 NA 10 6 1 NA 2 10 24
"593" 18 51 61 30 82 135 NA NA 19 7 NA NA 3 16 16
"594" 26 59 67 25 58 119 1 NA 17 13 NA NA 5 9 15
"595" 17 60 65 22 40 128 NA NA 15 12 NA NA 5 11 13
"596" 36 71 87 42 70 123 1 NA 10 10 NA 1 7 9 25
"597" 10 45 68 31 38 127 NA NA 7 15 NA NA 5 9 28
"598" 22 52 37 26 45 103 2 NA 17 11 2 NA 2 6 21
"599" 25 66 58 29 39 136 1 NA 23 17 NA NA 9 12 16
"600" 17 43 67 33 65 132 NA NA 14 21 NA NA 2 9 27
"601" 26 64 50 36 56 112 NA NA 17 15 1 2 13 12 25
"602" 29 62 60 39 75 123 NA NA 9 5 1 1 3 8 21
"603" 19 53 54 28 57 136 NA NA 17 6 NA NA 6 9 25
"604" 25 49 72 24 56 137 NA NA 19 9 NA NA 13 13 32
"605" 22 58 46 22 38 126 NA NA 15 8 1 1 6 5 17
"606" 29 67 60 29 41 120 1 NA 8 9 NA NA 4 13 18
"607" 14 61 69 28 52 124 1 NA 16 16 NA NA 8 10 15
"608" 19 45 55 28 40 122 NA NA 17 16 NA NA 8 2 15
"609" 21 57 75 19 40 113 NA NA 9 13 NA NA 1 8 20
"610" 22 58 76 35 67 142 NA NA 18 8 NA NA 10 9 14
"611" 24 43 58 34 56 125 NA NA 6 8 NA NA 4 7 21
"612" 17 61 59 31 46 160 1 NA 18 5 NA NA 2 14 23
"613" 19 41 66 28 46 131 NA NA 12 4 NA NA 3 9 26
"614" 34 67 77 35 56 114 NA NA 13 9 NA NA 9 9 28
"615" 12 47 68 21 47 124 NA NA 17 22 NA NA 7 1 31
"616" 12 38 70 33 57 113 NA NA 12 17 NA NA 1 4 17
"617" 21 64 66 28 62 120 1 NA 23 14 NA NA 8 13 9
"618" 23 52 67 39 62 134 NA NA 11 7 NA NA 3 15 17
"619" 14 39 70 35 57 134 NA NA 19 15 NA 2 7 2 15
"620" 22 60 75 28 27 106 NA NA 6 13 NA NA 9 15 18
"621" 18 53 67 44 74 126 NA NA 14 7 NA NA 3 12 16
"622" 13 34 79 29 63 112 NA NA 16 18 1 NA 4 11 28
"623" 19 45 67 19 30 142 NA NA 20 12 NA NA 7 5 28
"624" 29 77 78 25 53 137 NA NA 5 12 NA NA 7 2 27
"625" 14 56 74 29 79 128 1 NA 12 11 1 NA 1 5 26
"626" 16 48 46 32 54 133 NA NA 16 22 3 NA 4 3 25
"627" 14 49 49 17 43 110 NA NA 16 5 1 NA 6 10 20
"628" 14 53 69 16 73 149 NA NA 18 8 NA NA 8 8 22
"629" 18 38 53 31 48 155 NA NA 21 8 NA NA 8 9 14
"630" 18 57 85 33 80 131 1 NA 21 13 NA NA 9 13 24
"631" 32 75 72 45 50 131 1 NA 8 11 NA NA 9 20 14
"632" 8 36 58 32 26 112 NA NA 7 18 1 NA 3 17 19
"633" 12 60 66 29 76 119 NA NA 17 9 NA NA 8 7 15
"634" 16 56 65 27 56 122 NA NA 13 13 NA NA 5 6 21
"635" 33 77 100 40 87 138 1 1 16 2 NA 1 7 8 20
"636" 24 51 63 32 44 115 1 NA 10 13 1 NA 10 6 17
"637" 30 72 73 45 77 142 NA NA 11 5 1 NA 2 6 29
"638" 18 54 74 24 73 166 NA NA 9 18 NA NA 4 4 24
"639" 32 72 68 41 85 135 NA NA 19 13 NA NA 3 7 18
"640" 15 61 61 40 56 142 3 1 24 20 2 NA 3 6 20
"641" 33 79 80 35 70 114 1 NA 16 9 NA NA 3 9 16
"642" 16 42 58 25 61 138 1 NA 22 22 NA NA 5 7 29
"643" 17 52 58 31 54 129 NA NA 15 9 NA NA 1 7 16
"644" 19 75 73 27 55 146 1 NA 24 5 NA NA 1 17 22
"645" 26 66 46 26 50 113 NA NA 7 8 1 NA 6 11 9
"646" 22 52 71 27 50 139 NA NA 23 9 NA NA 3 7 29
"647" 17 55 78 23 53 133 NA NA 25 13 2 NA 10 5 24
"648" 29 72 72 26 93 135 1 NA 10 11 1 NA 5 11 22
"649" 10 54 63 22 49 117 NA 1 20 6 NA NA 10 6 25
"650" 24 54 57 25 42 125 1 1 12 8 1 NA 13 5 22
"651" 25 59 69 13 37 151 NA 2 24 10 NA NA 6 14 29
"652" 33 70 73 29 62 125 1 NA 21 12 NA NA 10 15 26
"653" 17 40 60 27 68 123 NA NA 18 6 1 NA 9 4 22
"654" 23 76 69 38 67 136 1 NA 17 9 NA NA 1 9 33
"655" 24 47 70 39 56 134 1 1 15 16 NA NA 5 6 38
"656" 17 55 43 35 52 140 NA 1 19 7 2 NA 4 11 22
"657" 13 52 74 26 65 119 NA NA 15 11 NA NA 4 7 17
"658" 11 59 50 23 47 135 NA NA 6 15 2 NA 6 11 18
"659" 9 26 91 30 73 126 1 NA 13 18 NA NA 3 11 18
"660" 15 26 58 42 41 151 NA NA 6 12 1 NA 6 7 23
"661" 31 56 55 30 57 148 3 NA 15 7 NA NA 5 8 37
"662" 12 42 50 26 42 129 1 NA 17 15 NA NA 7 15 24
"663" 14 55 60 30 73 140 NA NA 9 5 1 NA 7 3 26
"664" 22 69 56 29 61 134 1 NA 5 8 NA NA 4 10 14
"665" 30 56 74 38 69 125 1 NA 12 10 NA NA 7 9 21
"666" 16 52 68 35 42 153 NA NA 16 9 1 NA 10 12 21
"667" 21 43 63 17 50 137 NA 1 19 6 NA NA 2 3 29
"668" 16 51 78 45 79 107 1 NA 18 10 1 NA 9 15 31
"669" 24 33 48 33 56 138 NA 1 7 7 NA NA 2 15 18
"670" 29 53 80 36 76 148 1 NA 21 3 2 NA 3 9 30
"671" 13 35 58 35 60 131 1 1 11 9 1 NA 5 16 24
"672" 35 84 59 41 42 126 3 1 15 17 NA NA 4 14 20
"673" 23 62 96 46 42 130 1 NA 11 7 NA NA 11 6 22
"674" 21 55 56 24 63 124 NA NA 14 18 2 NA 7 11 16
"675" 25 65 66 18 54 125 NA NA 11 11 NA NA 1 5 26
"676" 33 58 68 44 77 134 2 NA 12 9 1 NA 8 1 27
"677" 21 68 69 27 59 144 NA NA 15 10 NA NA 7 10 23
"678" 16 55 63 21 54 104 NA NA 12 7 NA NA 5 13 19
"679" 20 60 65 28 61 124 NA NA 17 10 NA NA 7 9 19
"680" 16 49 68 18 50 118 1 NA 18 5 NA NA 9 13 27
"681" 30 67 84 34 57 132 1 NA 14 6 NA NA 1 5 17
"682" 14 64 99 48 65 169 NA NA 17 5 NA NA 7 9 12
"683" 11 49 49 36 58 131 NA NA 5 16 NA NA 1 5 25
"684" 26 61 69 38 63 153 NA NA 21 17 NA NA 9 10 15
"685" 18 50 63 32 60 130 1 NA 12 17 1 NA 4 9 17
"686" 9 53 66 38 55 135 NA NA 18 19 NA NA 7 3 32
"687" 27 62 63 46 73 132 2 NA 18 19 NA NA 8 9 29
"688" 20 40 52 29 63 132 NA NA 8 6 NA NA 5 15 13
"689" 24 52 67 42 62 136 NA NA 14 5 2 NA 4 13 23
"690" 14 62 64 35 55 115 NA NA 18 12 NA NA 5 8 17
"691" 21 58 65 32 58 144 NA 2 8 5 1 NA 9 13 18
"692" 27 66 86 35 52 129 1 NA 17 6 1 NA 1 14 18
"693" 14 33 69 27 55 119 1 NA 12 4 2 NA 7 7 23
"694" 26 73 87 34 68 128 NA NA 11 7 1 NA 5 9 18
"695" 24 60 60 40 30 134 1 2 10 7 3 NA 10 14 24
"696" 15 50 43 24 44 122 1 NA 17 15 3 1 10 13 25
"697" 14 66 73 38 62 130 1 1 17 9 1 NA 5 9 23
"698" 13 51 59 30 43 122 NA NA 26 15 NA NA 8 8 26
"699" 16 46 64 19 38 134 NA 1 17 15 NA NA 1 11 33
"700" 24 57 51 27 47 132 NA NA 17 13 NA NA 2 14 32
"701" 10 58 62 26 49 124 2 NA 16 14 NA NA 3 4 22
"702" 13 53 56 27 44 130 NA 1 9 7 1 NA 5 11 29
"703" 17 49 53 24 44 154 NA NA 13 15 NA NA 2 19 28
"704" 35 63 70 33 63 165 NA NA 14 16 NA NA 8 14 31
"705" 19 43 61 35 68 133 1 3 13 6 NA NA 6 11 25
"706" 39 69 77 31 73 160 1 NA 11 9 1 NA 3 14 25
"707" 23 55 51 32 61 126 NA NA 17 11 NA NA 4 9 16
"708" 11 47 66 24 55 137 1 NA 7 13 1 NA 4 7 20
"709" 16 46 53 19 53 106 NA NA 13 6 NA NA 10 7 23
"710" 21 68 66 42 63 115 NA NA 11 14 1 NA 6 13 34
"711" 26 58 57 29 51 133 3 NA 6 11 1 NA 2 11 12
"712" 21 55 65 29 59 108 NA NA 17 5 NA NA 7 2 26
"713" 18 57 73 40 48 134 2 NA 13 4 NA NA 2 10 31
"714" 24 60 90 29 38 120 NA NA 18 19 NA NA 3 11 15
"715" 28 35 68 37 71 124 2 NA 13 6 NA NA 7 3 21
"716" 17 57 62 25 52 125 NA NA 19 8 NA NA 6 5 19
"717" 19 22 63 27 48 118 1 1 12 19 NA NA 3 9 27
"718" 21 94 99 30 95 156 3 NA 12 11 NA NA 7 13 25
"719" 8 44 58 14 68 140 NA NA 16 12 NA NA 15 6 22
"720" 15 52 52 27 55 132 1 1 14 15 NA 2 11 16 29
"721" 32 60 66 24 45 124 1 NA 11 9 NA NA 6 3 23
"722" 28 43 72 20 22 126 NA NA 14 16 NA NA 1 11 26
"723" 19 51 69 12 64 125 3 NA 13 17 1 NA 5 9 26
"724" 14 50 70 32 49 116 NA NA 10 7 NA NA 3 3 20
"725" 12 59 69 32 55 141 1 NA 18 15 NA NA 8 18 30
"726" 26 67 74 36 53 131 NA NA 22 12 NA NA 11 6 26
"727" 20 53 70 31 42 130 2 1 17 12 NA NA 3 13 38
"728" 18 77 97 32 71 135 NA NA 14 6 NA NA 13 8 25
"729" 24 50 76 42 57 141 NA NA 17 6 NA NA 11 5 25
"730" 19 38 49 40 43 130 NA 1 9 4 NA NA 2 8 17
"731" 25 65 70 31 52 121 NA NA 12 8 NA NA 2 8 20
"732" 10 59 78 36 51 123 NA NA 21 17 NA NA 3 16 20
"733" 27 58 84 34 66 124 NA NA 15 6 NA NA 1 6 24
"734" 29 59 58 30 59 148 1 NA 18 7 NA NA 6 10 16
"735" 19 57 57 31 39 131 NA NA 13 8 NA NA 4 3 25
"736" 18 55 70 32 64 104 1 1 8 5 NA NA 5 14 19
"737" 18 53 65 19 68 110 3 1 10 20 2 NA 11 7 29
"738" 16 57 70 43 56 111 NA NA 15 13 1 NA 10 6 27
"739" 16 53 58 35 51 126 NA NA 18 20 1 NA 6 14 16
"740" 21 41 69 28 56 150 NA NA 17 11 NA NA 4 3 25
"741" 20 56 65 26 57 127 NA NA 17 15 1 NA 11 3 28
"742" 20 58 68 33 77 133 NA 1 15 16 1 NA 2 10 14
"743" 24 78 83 31 53 135 NA NA 10 16 1 NA 7 8 22
"744" 23 26 71 19 78 128 1 NA 18 16 1 NA 10 11 34
"745" 25 52 56 33 70 130 NA NA 15 7 1 NA 5 5 23
"746" 35 68 76 45 60 125 NA NA 18 7 NA NA 7 3 11
"747" 21 50 58 25 34 122 NA 1 16 18 NA NA 7 6 18
"748" 24 47 67 30 59 132 1 NA 26 15 1 NA 4 13 28
"749" 10 43 59 25 57 142 NA NA 17 12 NA 1 12 4 14
"750" 16 43 72 37 73 113 NA 2 14 10 1 NA 1 7 31
"751" 18 38 45 29 53 155 NA NA 25 13 NA NA 8 9 22
"752" 18 33 84 40 58 175 1 NA 11 16 NA NA 8 8 19
"753" 12 37 62 37 46 130 NA NA 12 5 1 NA 11 3 17
"754" 32 56 57 29 29 126 1 NA 25 13 2 NA 3 7 16
"755" 21 41 68 32 63 134 1 NA 20 6 1 NA 3 17 23
"756" 19 47 63 24 47 120 1 NA 16 8 NA 1 7 12 25
"757" 18 48 64 27 59 138 NA NA 13 16 NA NA 11 5 17
"758" 11 51 57 39 79 129 NA NA 20 14 NA NA 9 16 23
"759" 29 51 67 35 60 142 NA NA 8 13 NA NA 2 8 19
"760" 19 55 71 44 84 145 NA NA 6 10 NA NA 2 11 29
"761" 28 58 78 23 50 139 NA NA 11 12 1 NA 7 9 24
"762" 16 45 55 27 71 135 NA NA 10 13 NA NA 10 6 19
"763" 51 71 69 41 67 144 NA NA 11 8 NA NA 7 10 19
"764" 16 40 81 35 67 130 1 NA 17 7 NA NA 2 11 14
"765" 15 47 61 24 49 139 NA NA 11 20 1 NA 9 13 41
"766" 23 64 69 49 53 128 NA 1 7 12 NA NA 5 5 20
"767" 12 56 69 29 44 129 NA NA 20 5 NA 1 5 4 23
"768" 22 57 76 29 75 124 3 NA 16 22 NA NA 8 8 21
"769" 18 55 66 23 50 127 1 1 22 11 1 NA 3 9 19
"770" 10 34 58 28 27 141 NA NA 10 14 NA NA 6 9 19
"771" 18 52 54 48 64 133 1 NA 12 11 3 NA 9 12 36
"772" 13 54 55 27 76 129 1 NA 12 8 1 NA 6 7 23
"773" 23 45 47 19 33 138 1 NA 14 8 1 NA 5 3 18
"774" 27 71 59 35 48 103 NA NA 15 10 1 NA 7 6 30
"775" 16 42 48 22 54 134 1 NA 11 12 NA NA 3 5 21
"776" 16 46 45 17 44 109 2 NA 18 20 NA NA 6 9 21
"777" 18 62 86 28 68 130 NA NA 10 8 1 NA 5 8 17
"778" 26 64 78 36 56 114 1 NA 10 11 NA NA 6 8 26
"779" 23 62 62 38 67 118 NA NA 21 10 NA NA 5 10 14
"780" 12 51 66 36 63 168 NA NA 8 7 NA NA 1 5 26
"781" 12 54 66 41 51 147 NA 1 20 8 1 NA 3 5 14
"782" 20 54 57 39 63 139 NA NA 14 10 1 NA 6 12 36
"783" 21 54 67 41 73 128 1 NA 12 7 2 1 7 8 24
"784" 11 51 71 26 50 129 2 NA 8 9 NA NA 7 6 12
"785" 14 63 73 36 75 117 1 NA 13 7 NA NA 9 7 20
"786" 33 68 65 45 64 121 1 1 15 11 NA NA 3 7 22
"787" 24 65 77 28 77 121 NA NA 19 7 NA NA 9 5 16
"788" 18 50 70 39 59 127 NA NA 11 4 NA NA 4 5 25
"789" 18 48 55 39 60 149 NA NA 19 11 NA NA 10 7 20
"790" 28 68 87 42 73 149 2 NA 5 18 NA NA 8 9 14
"791" 23 44 60 29 55 134 NA NA 15 17 1 NA 3 8 26
"792" 25 67 70 35 83 157 1 NA 16 12 NA NA 4 13 20
"793" 22 47 59 33 63 123 NA NA 13 2 NA NA 8 10 18
"794" 15 44 58 30 60 113 NA NA 7 10 NA NA 8 6 19
"795" 33 77 62 33 73 150 2 NA 6 11 NA NA 6 2 26
"796" 24 66 73 37 71 112 NA NA 18 14 NA NA 5 8 26
"797" 37 58 59 41 49 104 2 NA 15 9 NA NA 9 12 21
"798" 10 50 63 29 74 157 NA NA 15 12 1 NA 7 3 24
"799" 13 58 56 33 68 134 NA NA 13 4 NA NA 5 9 27
"800" 39 62 66 38 64 147 NA NA 9 11 NA 1 5 9 19
"801" 41 79 63 36 73 126 1 NA 15 8 NA NA 5 4 28
"802" 33 63 58 38 55 110 NA NA 15 18 1 NA 8 11 33
"803" 27 65 94 30 72 149 1 NA 20 15 1 NA 12 10 19
"804" 26 48 66 30 59 148 NA NA 17 11 NA NA 10 15 28
"805" 34 78 71 17 45 126 NA NA 19 5 1 NA 3 6 23
"806" 24 67 71 43 70 133 NA NA 17 16 NA NA 4 7 22
"807" 15 54 58 30 46 119 1 NA 15 8 2 NA 6 12 25
"808" 32 72 76 42 87 134 1 NA 11 8 1 NA 6 8 30
"809" 27 52 71 23 48 119 NA NA 15 13 1 NA 5 9 26
"810" 23 66 66 44 71 181 NA NA 17 17 1 NA 1 11 17
"811" 19 58 63 29 23 106 NA NA 20 9 NA NA 4 15 23
"812" 26 55 56 35 68 135 NA NA 15 16 NA NA 3 11 26
"813" 22 40 52 37 70 123 NA NA 20 12 NA NA 6 16 32
"814" 35 75 86 38 78 130 2 NA 24 13 1 NA 11 12 26
"815" 17 50 67 30 58 135 1 NA 15 13 1 NA 1 14 29
"816" 33 85 63 27 44 133 NA NA 26 12 1 NA 2 11 33
"817" 18 46 60 20 46 119 2 NA 20 18 NA NA 11 17 22
"818" 15 54 63 33 24 117 2 1 7 8 NA 1 10 3 31
"819" 11 45 57 27 41 125 2 NA 11 15 NA NA 4 8 22
"820" 18 53 75 35 47 113 NA NA 10 9 3 NA 3 10 24
"821" 29 58 76 32 55 104 NA NA 19 5 NA NA 6 10 20
"822" 28 69 61 35 52 137 1 NA 15 13 NA NA 8 9 28
"823" 40 93 78 42 69 130 NA 1 22 3 1 NA 8 7 35
"824" 21 64 74 33 45 111 2 NA 21 13 1 2 9 12 24
"825" 20 53 59 27 58 115 NA NA 13 8 NA NA 3 12 21
"826" 43 69 70 30 69 152 1 NA 12 9 NA NA 8 15 20
"827" 20 67 59 27 22 144 NA 2 17 9 NA NA 9 7 15
"828" 19 63 64 38 56 138 NA NA 13 14 NA NA 3 14 22
"829" 13 68 87 25 68 101 NA NA 7 9 NA NA 2 7 23
"830" 8 54 63 28 57 125 1 NA 20 11 2 NA 6 10 20
"831" 26 62 45 44 81 162 1 NA 6 15 NA NA 7 10 29
"832" 43 60 58 38 65 136 1 NA 13 17 1 NA 5 7 21
"833" 17 66 65 44 77 148 1 2 10 12 NA NA 8 3 23
"834" 15 34 51 33 29 110 NA NA 9 12 NA 1 8 12 24
"835" 18 56 70 33 60 108 NA NA 24 11 NA NA 2 10 21
"836" 29 63 81 30 58 138 NA 1 14 17 NA NA 9 13 22
"837" 16 52 58 29 41 118 NA NA 12 9 1 NA 7 10 19
"838" 19 49 61 34 48 155 NA NA 19 16 1 1 7 6 24
"839" 29 52 61 22 56 137 NA 1 11 12 NA NA 7 10 10
"840" 14 39 54 23 37 126 1 NA 26 9 NA NA 11 14 30
"841" 31 69 68 30 45 112 1 NA 11 7 NA NA 3 10 21
"842" 19 55 63 13 61 129 NA NA 12 5 NA 1 10 10 33
"843" 15 58 55 29 79 141 1 NA 14 8 NA NA 9 9 24
"844" 19 54 53 39 52 129 NA 1 22 15 NA NA 4 11 34
"845" 30 68 51 31 59 107 1 NA 17 15 NA NA 7 7 22
"846" 37 83 69 40 79 123 4 NA 19 8 4 NA 4 4 14
"847" 25 63 64 34 53 125 1 NA 26 13 NA 1 3 9 20
"848" 19 75 74 30 63 129 1 NA 20 5 1 NA 3 3 11
"849" 32 55 59 38 51 127 NA NA 14 12 1 NA 6 6 23
"850" 14 50 63 9 52 137 NA NA 19 8 2 NA 3 8 16
"851" 17 46 56 27 46 121 NA NA 11 16 NA NA 6 9 30
"852" 29 52 57 31 68 135 NA NA 9 4 NA NA 5 9 21
"853" 11 46 57 41 65 107 NA 1 19 8 1 NA 7 3 26
"854" 18 39 59 22 52 122 NA NA 15 9 NA NA 4 9 13
"855" 21 58 48 22 27 140 NA NA 16 6 1 NA 6 10 21
"856" 21 64 89 14 78 116 NA NA 11 12 2 NA 2 12 26
"857" 28 49 53 33 32 133 NA NA 8 2 NA NA 9 4 14
"858" 12 47 48 27 57 145 2 2 19 14 NA NA 6 11 26
"859" 15 46 39 30 33 142 3 NA 16 15 NA NA 7 9 34
"860" 16 28 52 28 52 128 1 NA 5 9 1 NA 5 9 15
"861" 20 76 81 38 57 158 1 NA 22 13 1 1 10 13 27
"862" 18 66 70 25 49 126 NA NA 16 18 NA NA 2 9 22
"863" 10 52 57 35 63 131 NA NA 15 5 NA NA 7 8 21
"864" 15 63 67 25 52 109 2 NA 17 10 NA NA 7 8 21
"865" 23 63 77 14 68 129 NA NA 22 10 NA NA 3 9 33
"866" 26 67 79 32 87 137 NA NA 16 9 1 NA 11 6 22
"867" 10 37 53 25 48 129 1 NA 12 7 1 NA 3 5 13
"868" 25 55 56 29 55 132 NA NA 17 11 NA NA 18 9 20
"869" 15 44 67 27 50 112 NA NA 18 28 1 NA 7 10 29
"870" 16 50 48 26 48 141 1 NA 13 15 1 NA 5 7 19
"871" 17 65 66 35 55 134 1 NA 12 7 1 NA 5 6 14
"872" 27 71 93 38 70 141 2 NA 14 7 NA NA 8 8 18
"873" 10 44 63 25 58 140 NA NA 15 16 NA NA 7 9 18
"874" 23 55 56 33 63 130 1 NA 23 14 1 NA 8 8 17
"875" 23 77 89 37 74 138 NA NA 23 14 NA NA 2 7 33
"876" 20 70 84 24 55 102 2 NA 13 8 1 NA 7 3 16
"877" 37 82 60 31 61 158 NA 1 17 9 NA NA 3 4 14
"878" 20 77 68 17 58 104 NA NA 11 18 NA NA 5 4 14
"879" 27 34 68 39 51 145 NA NA 11 14 NA NA 5 10 27
"880" 29 51 64 34 28 119 NA NA 12 12 NA NA 2 5 20
"881" 33 63 59 32 68 136 NA NA 12 5 NA NA 3 7 17
"882" 20 55 70 26 63 114 NA NA 11 7 1 NA 10 6 23
"883" 15 54 71 24 40 117 1 NA 13 14 NA NA 6 11 24
"884" 36 84 73 39 73 142 NA NA 9 9 1 NA 3 11 36
"885" 29 53 61 30 61 137 1 NA 5 17 NA NA 6 16 24
"886" 29 65 59 28 57 132 NA NA 19 13 1 NA 5 12 23
"887" 15 37 54 23 62 150 NA NA 19 16 NA NA 7 14 21
"888" 29 75 80 39 70 117 NA NA 17 7 NA NA 7 12 22
"889" 20 67 62 29 43 114 NA NA 17 12 NA NA 6 10 25
"890" 18 46 56 11 50 103 NA NA 13 9 NA NA 3 10 27
"891" 17 34 62 29 46 133 1 NA 10 12 1 NA 5 7 21
"892" 30 58 56 30 44 124 1 NA 17 6 NA NA 6 12 24
"893" 12 26 74 31 83 172 NA 1 20 18 NA NA 1 7 26
"894" 19 45 53 30 56 106 NA NA 15 17 1 NA 7 6 25
"895" 17 52 57 34 50 133 2 NA 11 6 NA NA 5 8 18
"896" 15 57 48 25 24 135 2 NA 15 15 NA NA 5 10 20
"897" 21 57 58 32 52 126 NA NA 10 9 NA NA 6 9 19
"898" 14 59 45 28 58 148 NA NA 11 8 NA NA 4 5 25
"899" 30 63 66 35 55 108 NA NA 7 8 NA NA 7 13 22
"900" 27 25 55 29 50 110 NA NA 21 18 NA 1 1 14 17
"901" 34 77 84 46 84 147 1 NA 9 10 1 NA 2 8 22
"902" 25 47 61 34 64 135 1 NA 12 9 1 NA 5 3 15
"903" 19 47 65 23 73 112 1 NA 17 8 NA NA 5 13 14
"904" 21 59 67 25 59 125 NA NA 11 11 NA NA 7 12 27
"905" 20 48 67 29 49 154 1 NA 16 9 NA NA 4 9 16
"906" 23 46 52 24 55 136 1 NA 16 22 1 NA 1 14 21
"907" 10 15 67 37 75 161 NA NA 7 8 NA NA 10 3 15
"908" 22 52 76 32 62 122 1 NA 15 9 NA NA 7 12 20
"909" 13 81 68 26 55 100 NA NA 9 7 NA NA 9 6 26
"910" 9 56 75 26 65 134 NA NA 18 12 NA NA 7 9 23
"911" 28 52 77 42 71 119 NA NA 15 12 NA NA 5 4 12
"912" 12 45 62 17 53 130 NA NA 13 18 NA NA 7 11 24
"913" 15 58 62 31 32 130 1 NA 12 14 1 NA 9 8 21
"914" 20 60 62 35 69 116 3 NA 17 10 NA NA 4 8 33
"915" 14 49 69 42 66 115 1 NA 18 7 1 NA 5 13 26
"916" 18 57 69 43 34 130 NA NA 20 20 NA NA 6 12 24
"917" 24 60 65 26 26 116 NA NA 10 5 1 NA 3 10 18
"918" 29 64 73 32 43 138 6 NA 17 16 NA NA 7 11 17
"919" 20 67 67 30 51 114 NA NA 11 10 NA NA 9 8 28
"920" 19 69 84 39 75 100 NA NA 15 9 NA NA 11 12 21
"921" 14 50 57 33 55 137 1 NA 13 11 3 NA 7 14 24
"922" 23 61 62 42 78 137 NA NA 20 12 NA NA 3 7 16
"923" 27 34 74 42 71 118 NA NA 11 5 NA NA 6 14 24
"924" 21 64 67 35 54 125 NA NA 13 16 1 NA 3 11 22
"925" 22 57 58 39 47 149 NA NA 9 7 NA NA 5 7 17
"926" 22 66 77 27 53 123 NA NA 14 8 2 NA 5 3 20
"927" 38 76 76 43 61 117 2 NA 15 12 2 NA 10 10 21
"928" 21 53 55 29 63 105 NA NA 13 10 NA NA 4 7 21
"929" 25 79 79 35 23 132 NA NA 13 12 NA NA 4 9 17
"930" 16 56 56 34 51 109 1 NA 22 17 1 NA 3 5 23
"931" 29 76 68 26 65 118 NA NA 9 11 NA NA 8 10 8
"932" 22 66 63 42 48 157 NA NA 13 13 NA 2 8 10 25
"933" 14 58 68 23 63 111 NA NA 9 8 NA NA 7 11 32
"934" 28 63 59 13 58 140 NA NA 7 15 NA NA 5 6 18
"935" 24 22 68 35 69 103 2 NA 16 10 NA NA 1 7 21
"936" 13 48 62 32 49 154 NA NA 16 9 NA 4 9 6 31
"937" 18 46 65 15 54 137 NA NA 17 15 1 NA 9 5 25
"938" 27 85 73 48 32 142 NA NA 16 12 NA NA 2 8 19
"939" 27 78 65 43 68 122 1 NA 17 11 NA NA 3 13 23
"940" 13 32 55 16 61 128 NA 1 11 16 NA NA 13 3 35
"941" 26 31 67 39 57 130 NA NA 11 12 NA NA 3 4 19
"942" 26 55 74 41 68 158 NA NA 20 13 NA NA 12 9 15
"943" 20 55 78 25 56 117 NA NA 13 11 NA NA 5 5 30
"944" 23 54 60 36 61 162 5 NA 14 15 1 NA 1 7 17
"945" 19 70 71 30 52 122 2 NA 17 15 NA NA 10 13 28
"946" 22 44 71 28 60 132 1 NA 15 5 1 NA 3 9 25
"947" 16 53 46 27 58 136 NA NA 18 16 NA NA 3 11 16
"948" 11 48 61 24 23 141 NA NA 22 7 1 NA 6 9 20
"949" 17 46 66 36 71 103 NA NA 15 8 NA NA 3 5 24
"950" 20 65 75 28 66 144 NA NA 9 13 NA NA 8 9 23
"951" 27 58 61 40 54 116 NA NA 13 11 NA NA 4 5 32
"952" 12 40 54 35 44 147 1 NA 13 11 NA NA 7 16 16
"953" 28 56 66 35 73 135 NA NA 10 5 NA NA 4 12 20
"954" 13 49 57 29 61 131 1 NA 14 9 NA NA 2 15 23
"955" 27 56 77 24 55 155 1 NA 20 15 NA NA 8 10 19
"956" 26 70 59 39 76 120 2 NA 5 11 NA NA 4 12 20
"957" 25 74 85 37 50 118 1 NA 12 13 NA NA 3 5 20
"958" 30 89 76 50 52 156 2 NA 8 7 NA NA 9 2 22
"959" 18 69 68 49 62 155 1 NA 18 12 1 NA 5 14 18
"960" 6 46 56 19 55 166 1 NA 15 15 2 NA 3 10 18
"961" 16 56 67 38 75 133 1 NA 23 7 NA NA 8 8 27
"962" 28 61 75 21 57 128 NA NA 15 18 NA NA 7 8 18
"963" 14 53 60 31 58 151 1 NA 19 13 NA NA 4 13 21
"964" 24 82 81 34 63 135 NA NA 15 9 4 NA 7 8 15
"965" 28 61 73 34 79 135 NA NA 16 10 NA NA 8 6 22
"966" 41 86 72 39 53 125 NA NA 7 8 NA NA 5 8 16
"967" 17 43 69 38 47 130 NA NA 12 5 1 NA 3 2 25
"968" 23 52 61 36 41 140 NA NA 15 6 NA NA 9 9 21
"969" 25 30 67 30 60 144 NA 1 11 13 1 NA 5 4 30
"970" 14 39 43 17 44 126 1 NA 23 7 NA NA 1 15 22
"971" 17 47 74 25 62 122 NA NA 18 16 NA NA 3 5 27
"972" 34 69 84 28 65 132 NA NA 10 12 NA NA 5 10 24
"973" 32 72 58 41 52 128 1 NA 20 15 NA NA 7 7 21
"974" 17 43 61 34 61 118 NA NA 12 10 NA NA 6 12 21
"975" 15 44 55 25 55 134 1 NA 15 4 NA NA 5 8 19
"976" 26 54 60 35 77 149 NA NA 13 16 NA NA 6 13 24
"977" 12 51 77 37 78 130 1 3 20 18 NA NA 5 5 10
"978" 19 65 64 35 52 133 NA NA 18 1 NA NA 6 8 20
"979" 15 40 80 24 52 93 NA NA 12 21 NA NA 3 5 16
"980" 32 79 74 43 48 136 NA NA 15 20 1 NA 4 13 20
"981" 17 49 64 35 62 142 NA 1 9 24 NA NA 2 13 27
"982" 22 58 53 19 57 132 NA NA 5 5 NA NA 6 9 20
"983" 26 68 74 29 61 105 NA NA 21 10 1 NA 4 6 29
"984" 18 47 58 33 47 131 NA NA 7 12 NA NA 3 8 15
"985" 14 66 70 34 43 152 NA NA 19 10 1 NA 5 13 27
"986" 12 51 62 25 50 141 NA NA 20 5 NA NA 7 7 25
"987" 6 35 50 38 68 136 NA NA 17 11 2 NA 3 11 32
"988" 23 53 67 27 51 121 NA NA 19 14 1 NA 7 15 21
"989" 34 66 77 24 46 124 1 NA 8 2 NA NA 4 7 24
"990" 18 50 54 37 73 117 NA 1 16 22 NA NA 7 15 20
"991" 17 51 87 18 79 159 NA NA 12 8 NA NA 6 9 18
"992" 18 38 49 28 41 107 NA NA 17 6 NA NA 5 7 22
"993" 30 63 73 51 70 148 NA NA 11 13 NA NA 4 4 12
"994" 19 53 50 29 53 113 NA NA 16 12 NA NA 9 15 10
"995" 23 46 68 22 60 158 NA NA 12 9 1 NA 3 7 23
"996" 7 35 57 34 71 128 NA NA 14 5 NA NA 12 7 20
"997" 21 57 84 12 55 121 NA NA 13 13 NA 1 9 12 22
"998" 26 61 63 17 54 121 NA NA 17 7 NA NA 5 13 23
"999" 35 83 70 26 64 115 NA NA 18 6 1 NA 8 11 16
"1000" 17 51 71 28 71 98 1 2 4 13 NA NA 3 4 29
"1001" 36 56 54 48 93 155 NA 1 23 14 2 NA 5 13 20
"1002" 17 47 72 25 62 118 1 NA 16 18 NA 1 5 16 29
"1003" 25 76 70 25 59 123 NA 1 17 15 1 NA 5 11 15
"1004" 9 64 81 37 66 118 1 1 11 18 NA NA 9 7 38
"1005" 19 49 73 35 65 127 NA 1 30 13 1 NA 7 8 23
"1006" 24 39 52 35 30 134 NA NA 12 11 1 NA 7 7 15
"1007" 29 60 62 36 75 125 NA NA 15 9 1 NA 11 4 22
"1008" 24 57 75 43 73 127 NA NA 19 12 NA NA 3 6 25
"1009" 19 73 96 42 85 145 1 NA 11 21 NA NA 3 7 26
"1010" 13 59 80 31 83 145 NA NA 14 8 NA NA 7 5 41
"1011" 23 60 70 30 53 128 NA NA 15 9 2 NA 5 5 14
"1012" 39 59 64 44 49 139 1 2 11 13 NA NA 1 12 23
"1013" 20 52 51 24 48 143 NA NA 17 12 1 NA 11 9 19
"1014" 19 51 72 34 59 117 NA NA 21 13 1 NA 3 14 18
"1015" 23 53 72 26 70 117 5 NA 16 7 NA NA 1 7 17
"1016" 12 63 60 14 71 118 NA 1 9 3 NA NA 8 6 19
"1017" 19 51 42 35 32 137 NA 1 18 11 NA NA 3 12 12
"1018" 6 44 46 20 42 123 NA NA 14 12 NA NA 13 4 7
"1019" 26 68 75 44 68 120 2 NA 19 12 1 NA 15 8 33
"1020" 20 56 56 23 55 121 NA 1 20 15 1 NA 3 8 17
"1021" 19 52 52 26 75 131 NA NA 11 7 NA NA 7 7 20
"1022" 23 51 53 16 55 134 1 NA 21 14 NA NA 7 13 27
"1023" 22 65 62 33 67 179 2 NA 20 8 NA NA 3 14 26
"1024" 19 57 71 40 55 117 2 NA 21 11 NA NA 8 3 31
"1025" 18 62 80 33 65 150 NA NA 13 9 NA NA 5 7 27
"1026" 14 41 53 25 55 148 NA NA 22 9 NA NA 8 7 15
"1027" 16 47 57 31 43 146 NA 1 15 7 NA NA 6 3 14
"1028" 39 81 66 27 47 105 1 NA 4 5 NA NA 4 3 21
"1029" 30 61 81 35 62 135 NA NA 7 10 1 NA 6 3 20
"1030" 22 65 97 30 66 126 NA NA 9 17 NA NA 4 6 41
"1031" 17 49 51 42 55 135 1 2 18 9 NA NA 7 9 20
"1032" 18 58 60 25 52 111 1 NA 14 6 NA NA 5 7 22
"1033" 18 51 50 26 47 146 NA NA 13 4 1 NA 5 4 25
"1034" 30 54 46 42 52 147 NA NA 13 6 NA NA 9 9 25
"1035" 22 54 82 37 77 105 1 NA 15 13 NA NA 8 7 17
"1036" 8 47 73 32 82 152 2 NA 13 13 1 NA 7 7 29
"1037" 19 56 72 31 56 116 NA NA 13 16 1 NA 7 12 18
"1038" 22 57 69 16 52 130 1 NA 21 8 NA NA 11 11 29
"1039" 16 42 70 20 44 117 NA NA 13 7 NA NA 5 5 23
"1040" 26 66 76 36 64 129 NA NA 20 8 NA NA 5 7 15
"1041" 26 53 63 40 31 139 1 NA 11 12 NA NA 4 14 19
"1042" 16 59 63 33 66 128 NA 1 10 17 1 NA 7 7 26
"1043" 16 56 69 25 46 148 NA NA 19 7 1 NA 4 9 21
"1044" 23 52 68 43 68 118 NA NA 7 8 NA NA 4 15 25
"1045" 14 55 77 30 47 132 2 1 7 9 NA NA 3 12 40
"1046" 22 64 75 32 52 109 NA 1 18 7 NA NA 6 3 18
"1047" 22 68 68 37 73 125 1 NA 16 7 NA NA 1 5 27
"1048" 19 52 60 40 67 141 NA NA 18 19 NA NA 7 12 21
"1049" 9 53 55 30 50 127 NA NA 13 16 1 NA 4 9 25
"1050" 31 59 62 31 67 130 NA NA 11 12 NA NA 3 11 30
"1051" 14 33 62 28 65 129 NA NA 12 11 NA NA 11 7 37
"1052" 23 53 75 31 51 132 NA NA 24 7 1 NA 7 10 23
"1053" 25 64 61 28 54 146 1 1 10 12 NA NA 7 6 22
"1054" 7 41 69 34 67 116 NA NA 18 6 NA NA 3 15 24
"1055" 17 47 51 34 46 152 1 NA 11 8 NA NA 8 7 31
"1056" 18 54 64 20 40 137 NA NA 19 7 1 NA 6 12 23
"1057" 16 44 66 36 61 139 3 NA 18 18 NA NA 6 14 25
"1058" 24 59 61 22 51 131 NA NA 14 12 1 NA 7 12 31
"1059" 22 61 71 44 74 141 NA NA 12 7 NA NA 5 5 21
"1060" 18 41 56 25 54 118 2 NA 12 8 1 NA 9 9 14
"1061" 15 46 66 26 52 121 NA NA 12 10 1 NA 9 5 26
"1062" 12 53 71 25 71 128 NA NA 12 8 1 NA 3 5 25
"1063" 20 45 53 34 58 138 1 NA 11 10 NA NA 7 3 20
"1064" 25 61 56 38 37 137 1 NA 14 4 1 NA 1 11 10
"1065" 17 41 65 22 40 107 1 NA 19 7 NA NA 7 21 34
"1066" 15 59 70 24 48 118 1 1 19 14 1 NA 4 4 24
"1067" 30 68 66 40 52 139 NA NA 19 12 NA NA 4 13 19
"1068" 37 83 66 43 52 142 NA NA 12 10 1 NA 3 11 19
"1069" 14 20 62 30 57 127 NA 1 17 17 NA NA 7 10 25
"1070" 15 38 54 33 56 139 1 2 13 7 NA NA 5 12 15
"1071" 35 74 62 31 47 132 NA NA 14 7 NA NA 14 9 23
"1072" 24 54 74 31 50 131 NA NA 9 16 NA NA 4 10 25
"1073" 30 54 77 35 57 155 NA 1 15 11 NA NA 11 9 24
"1074" 27 42 49 39 27 137 2 NA 10 8 1 NA 7 10 19
"1075" 11 48 58 32 62 123 NA NA 22 11 NA NA 2 9 20
"1076" 21 58 59 30 62 131 2 1 12 8 NA NA 8 11 25
"1077" 18 54 90 26 67 165 NA NA 18 15 NA NA 3 9 23
"1078" 23 60 63 39 60 114 NA NA 14 8 3 NA 7 9 14
"1079" 22 47 48 33 59 140 NA NA 14 3 NA NA 6 7 13
"1080" 29 62 71 28 55 117 NA 2 19 7 NA NA 4 5 25
"1081" 12 41 57 43 51 155 NA 3 16 10 NA NA 3 11 17
"1082" 24 64 78 47 69 114 2 NA 10 11 NA NA 1 14 16
"1083" 34 77 79 49 76 124 1 1 16 8 NA 1 1 9 24
"1084" 11 43 57 28 60 135 2 NA 19 14 1 NA 9 12 14
"1085" 23 60 65 17 73 156 1 NA 13 10 NA NA 7 7 24
"1086" 16 53 62 40 50 134 NA NA 20 6 1 NA 11 8 21
"1087" 22 57 77 28 69 152 NA 1 14 6 1 NA 4 12 22
"1088" 16 50 53 19 71 126 NA NA 13 17 NA NA 2 4 21
"1089" 31 78 65 43 77 116 NA NA 15 18 4 NA 5 4 17
"1090" 16 47 56 27 65 117 1 NA 12 7 2 NA 8 6 10
"1091" 23 64 66 33 26 119 NA NA 23 6 NA NA 2 7 18
"1092" 25 60 59 33 42 103 NA NA 16 12 NA NA 2 4 24
"1093" 27 66 72 26 61 130 NA NA 20 23 NA NA 1 9 19
"1094" 32 64 77 51 80 116 2 1 14 15 1 NA 3 10 20
"1095" 32 63 82 47 72 134 2 NA 13 6 NA NA 2 15 25
"1096" 37 68 66 31 64 129 NA NA 21 16 NA NA 7 8 23
"1097" 18 25 70 14 76 157 NA NA 17 25 NA NA 8 15 21
"1098" 11 20 81 37 55 129 NA NA 12 11 1 NA 8 5 12
"1099" 27 74 80 43 75 113 4 NA 24 20 1 NA 8 10 23
"1100" 19 55 54 17 48 137 NA NA 17 12 NA NA 3 3 24
"1101" 18 71 62 18 58 127 NA NA 11 5 NA NA 1 5 17
"1102" 31 65 72 27 48 141 1 1 14 15 1 NA 11 5 20
"1103" 13 46 55 25 47 126 1 NA 12 5 2 NA 9 5 25
"1104" 20 66 69 50 65 137 NA NA 12 10 NA NA 10 5 23
"1105" 30 70 66 46 80 146 NA NA 10 8 NA NA 7 11 27
"1106" 24 57 76 33 76 123 1 1 20 12 1 NA 7 9 18
"1107" 17 56 63 35 49 102 NA NA 10 8 NA NA 5 1 19
"1108" 28 62 61 29 47 128 1 NA 14 15 NA NA 6 4 29
"1109" 15 59 49 28 51 135 3 NA 20 17 4 NA 4 11 21
"1110" 31 69 62 45 59 130 2 NA 21 15 NA NA 4 9 20
"1111" 17 56 55 20 32 118 NA NA 11 13 NA NA 1 7 12
"1112" 13 63 59 24 55 131 1 1 23 13 1 NA 5 5 17
"1113" 20 39 70 27 51 119 NA NA 17 11 NA NA 9 14 23
"1114" 14 67 57 29 49 128 NA 1 10 8 1 NA 4 8 26
"1115" 20 57 78 19 39 133 NA NA 11 13 NA 1 5 7 19
"1116" 26 65 53 44 57 128 1 NA 11 20 3 NA 3 9 20
"1117" 7 31 52 19 40 122 NA 1 23 7 NA NA 2 6 26
"1118" 28 66 56 34 42 142 NA NA 6 3 1 NA 7 5 27
"1119" 19 55 67 51 30 123 NA NA 22 14 1 NA 4 8 12
"1120" 26 62 70 40 65 110 NA NA 15 9 1 NA 4 6 16
"1121" 17 25 50 37 61 140 NA NA 19 14 1 NA 7 10 19
"1122" 21 51 50 23 66 171 1 NA 16 16 NA NA 7 19 24
"1123" 17 49 72 34 59 136 NA NA 5 18 NA NA 3 13 19
"1124" 24 60 53 32 56 123 NA NA 18 13 NA NA 11 12 26
"1125" 19 45 59 21 68 128 2 NA 20 15 NA NA 4 10 21
"1126" 19 61 93 40 83 139 NA NA 14 14 1 1 3 9 22
"1127" 25 60 60 33 31 143 NA NA 6 13 NA NA 5 9 14
"1128" 26 76 85 30 56 134 NA NA 22 13 1 NA 6 8 11
"1129" 10 55 86 32 54 140 NA NA 12 6 NA NA 3 7 9
"1130" 22 70 72 30 52 148 1 NA 22 19 NA NA 7 11 24
"1131" 13 47 71 42 66 128 NA NA 15 8 NA NA 4 6 25
"1132" 14 52 81 22 51 129 NA NA 9 13 NA NA 3 8 11
"1133" 32 85 74 33 55 141 NA NA 10 8 1 NA 8 19 26
"1134" 13 68 82 26 57 129 NA NA 14 7 NA NA 3 12 27
"1135" 14 56 81 16 58 132 NA NA 15 15 1 NA 17 3 20
"1136" 22 66 78 39 75 112 NA 1 15 10 NA NA 7 11 22
"1137" 15 63 84 37 80 137 2 1 7 9 1 NA 2 9 24
"1138" 16 43 55 28 68 131 NA 1 19 14 3 1 3 4 23
"1139" 17 65 69 29 49 127 NA NA 12 10 NA NA 5 3 18
"1140" 22 54 80 43 60 115 1 1 11 21 NA NA 9 8 17
"1141" 36 81 95 40 53 133 NA NA 15 23 1 NA 7 13 21
"1142" 23 45 83 29 49 135 1 NA 12 8 1 NA 10 6 26
"1143" 29 56 82 41 57 128 NA 1 20 16 NA NA 2 5 20
"1144" 12 16 57 37 70 114 2 NA 6 10 1 NA 1 10 25
"1145" 30 58 105 43 69 140 NA NA 17 11 NA NA 2 6 19
"1146" 22 45 51 35 35 121 NA NA 15 5 2 NA 10 10 27
"1147" 11 37 49 28 71 118 1 NA 9 9 1 NA 4 10 12
"1148" 21 55 56 26 58 112 NA NA 17 16 1 NA 11 10 23
"1149" 31 77 63 37 64 138 NA NA 17 10 NA NA 7 10 31
"1150" 26 51 76 47 84 153 1 NA 15 11 1 3 5 8 27
"1151" 44 87 82 43 65 102 1 NA 15 13 NA NA 1 4 21
"1152" 32 58 74 41 71 118 NA NA 15 4 NA NA 1 8 18
"1153" 34 79 65 48 70 151 1 NA 22 8 NA 1 9 11 19
"1154" 23 54 52 39 21 117 1 NA 18 10 NA NA 9 11 24
"1155" 20 60 79 13 48 130 NA NA 13 6 NA NA 9 11 12
"1156" 13 59 68 28 50 109 NA NA 10 12 NA NA 1 11 28
"1157" 30 75 73 40 58 141 1 NA 6 11 NA NA 8 4 21
"1158" 18 62 75 38 71 128 NA NA 15 13 2 NA 16 10 24
"1159" 23 65 85 31 61 147 NA NA 26 26 NA NA 8 11 27
"1160" 23 59 66 22 43 138 NA NA 10 6 NA NA 7 7 17
"1161" 24 64 62 36 62 130 NA NA 14 13 1 NA 4 7 17
"1162" 20 60 70 33 65 135 NA 1 12 13 NA NA 7 7 19
"1163" 16 21 64 39 63 126 NA NA 11 11 1 NA 2 9 17
"1164" 31 54 65 35 60 133 NA NA 19 13 NA NA 14 7 28
"1165" 17 48 62 30 43 149 2 NA 14 8 NA NA 3 10 23
"1166" 14 66 74 26 66 158 NA NA 18 16 NA NA 3 5 35
"1167" 9 44 63 40 56 126 NA NA 13 7 NA NA 4 13 20
"1168" 23 61 59 41 64 141 NA 1 16 6 NA NA 5 10 25
"1169" 21 65 74 32 52 122 1 NA 17 10 NA NA 1 6 25
"1170" 15 43 61 28 62 156 NA NA 22 14 NA NA 5 14 17
"1171" 10 53 66 32 57 132 1 NA 13 15 1 NA 8 12 26
"1172" 10 44 57 20 61 130 NA NA 19 17 NA NA 9 3 28
"1173" 8 36 83 39 68 147 NA NA 11 6 NA NA 1 2 28
"1174" 22 55 63 36 60 139 NA NA 19 14 NA NA 3 10 22
"1175" 18 71 65 33 72 120 1 NA 10 6 NA NA 4 10 13
"1176" 15 50 51 36 49 118 1 NA 19 6 2 NA 8 11 32
"1177" 13 51 63 45 61 150 NA NA 17 3 NA NA 7 7 18
"1178" 27 47 55 29 63 163 NA 1 12 15 1 NA 6 12 18
"1179" 26 69 92 31 55 118 NA NA 19 14 NA NA 7 10 33
"1180" 32 62 65 30 57 133 NA NA 13 12 1 NA 6 25 17
"1181" 25 76 57 17 74 137 2 NA 21 6 1 NA 9 5 19
"1182" 9 45 58 33 52 132 NA 1 5 4 NA NA 4 9 13
"1183" 24 73 92 39 72 128 2 NA 16 9 NA NA 3 4 19
"1184" 27 44 53 27 43 131 NA NA 21 9 NA NA 7 10 23
"1185" 18 67 105 40 73 149 NA NA 15 9 NA NA 5 7 26
"1186" 19 50 70 29 58 120 1 1 14 14 1 NA 12 13 21
"1187" 18 30 92 25 71 136 1 NA 9 7 2 NA 3 8 22
"1188" 16 45 62 21 54 135 NA NA 21 13 NA NA 12 17 26
"1189" 23 46 61 40 64 136 NA NA 21 10 1 NA 9 9 29
"1190" 18 78 84 18 79 157 1 NA 17 10 NA NA 4 5 21
"1191" 10 45 65 30 54 151 NA 1 14 9 NA NA 9 11 22
"1192" 20 43 62 43 62 136 1 NA 20 14 NA NA 3 3 12
"1193" 25 61 71 36 82 127 NA 1 23 14 1 1 6 6 22
"1194" 27 70 58 39 48 148 NA NA 14 9 NA 1 8 9 23
"1195" 19 50 60 29 54 142 1 NA 14 9 2 NA 3 8 21
"1196" 13 27 47 27 53 136 NA NA 14 7 NA NA 8 7 20
"1197" 14 41 70 32 80 145 NA NA 14 11 NA NA 2 7 13
"1198" 14 41 59 31 65 116 1 NA 20 14 1 NA 8 9 18
"1199" 35 80 62 23 45 125 1 NA 14 8 NA NA 8 8 22
"1200" 30 79 71 46 69 137 1 NA 19 19 NA NA 6 6 28
"1201" 15 41 55 25 46 124 1 NA 22 6 NA NA 4 9 30
"1202" 12 41 70 23 59 130 NA NA 6 13 NA NA 5 7 17
"1203" 20 45 58 39 67 115 NA NA 18 7 NA NA 7 7 17
"1204" 20 62 49 27 54 132 NA NA 13 7 NA NA 7 10 19
"1205" 27 54 60 32 77 125 1 NA 24 14 NA 1 2 4 17
"1206" 24 55 66 32 55 125 3 NA 23 10 NA NA 4 12 13
"1207" 22 58 77 37 72 137 NA NA 18 6 1 NA 6 7 18
"1208" 24 65 63 45 52 143 NA NA 14 20 NA NA 5 7 31
"1209" 19 54 65 39 78 120 NA NA 20 16 NA NA 2 13 16
"1210" 13 43 55 30 43 121 1 NA 16 12 NA NA 11 12 23
"1211" 25 63 61 47 107 132 3 NA 11 9 NA NA 3 9 16
"1212" 11 50 57 28 44 125 1 NA 13 13 1 1 6 8 23
"1213" 26 59 62 31 59 148 1 1 17 13 1 NA 7 2 30
"1214" 21 39 65 30 65 132 2 NA 12 11 NA NA 4 10 18
"1215" 19 65 72 37 78 150 NA NA 14 9 NA 1 3 9 24
"1216" 25 70 82 27 50 137 NA NA 13 20 NA NA 16 9 34
"1217" 14 49 55 42 84 135 NA 1 20 17 2 NA 11 5 29
"1218" 30 34 71 35 77 119 1 NA 13 9 1 NA 1 7 29
"1219" 11 51 71 26 63 121 NA 1 11 19 1 NA 5 10 24
"1220" 17 55 65 33 68 133 1 NA 11 6 NA NA 7 9 22
"1221" 28 68 74 29 59 117 1 NA 15 18 NA 1 4 8 17
"1222" 37 81 78 25 55 105 NA NA 18 7 1 1 3 4 25
"1223" 7 44 67 29 47 110 1 NA 11 11 NA NA 7 7 16
"1224" 15 35 56 23 38 122 NA NA 24 13 NA NA 6 12 30
"1225" 38 82 61 42 64 119 NA NA 9 9 1 NA 7 7 22
"1226" 19 40 52 16 63 101 1 NA 10 16 NA NA NA 10 18
"1227" 18 36 54 43 67 154 1 NA 19 24 NA NA 8 7 23
"1228" 21 64 88 34 49 117 NA 1 9 12 NA NA 4 9 23
"1229" 15 47 58 33 53 115 NA NA 11 17 NA NA 8 10 16
"1230" 20 62 45 28 58 118 2 1 15 9 NA NA 7 10 22
"1231" 20 47 61 25 62 131 NA NA 15 10 1 NA 5 9 24
"1232" 28 71 60 23 41 152 NA NA 15 11 NA NA 3 9 14
"1233" 15 49 66 31 59 125 2 NA 16 11 NA NA 3 9 22
"1234" 17 26 54 26 50 117 1 NA 12 14 1 NA 6 9 23
"1235" 22 48 46 13 51 144 NA NA 16 15 NA NA 3 13 21
"1236" 25 55 58 39 25 115 NA NA 13 12 NA NA 1 5 20
"1237" 27 76 58 29 47 121 1 NA 19 5 NA NA 10 5 10
"1238" 15 52 66 31 78 121 NA NA 8 7 3 NA 3 14 21
"1239" 23 55 53 36 62 151 1 NA 11 10 1 NA 6 13 18
"1240" 27 44 49 25 68 142 NA NA 9 10 NA NA 6 6 14
"1241" 20 48 79 47 79 124 NA NA 14 11 NA NA 3 10 20
"1242" 26 59 72 23 52 129 1 NA 13 13 2 NA 6 9 24
"1243" 17 50 66 26 59 122 NA NA 8 12 1 NA 5 9 41
"1244" 12 40 52 22 71 113 1 NA 12 15 NA NA 5 7 21
"1245" 36 69 70 32 63 149 1 NA 23 17 NA NA 12 8 19
"1246" 21 70 95 32 53 137 NA NA 15 10 NA NA 2 9 24
"1247" 28 62 57 34 58 130 NA 1 24 15 NA NA 6 13 34
"1248" 23 59 96 26 67 127 NA NA 21 19 1 NA 7 5 25
"1249" 18 66 82 43 34 142 NA 1 17 16 NA NA 9 10 21
"1250" 34 66 41 34 50 138 1 NA 12 5 4 NA 6 7 27
"1251" 17 58 71 34 52 117 NA NA 13 14 NA NA 2 16 21
"1252" 33 66 72 39 54 110 1 NA 16 21 NA NA 7 18 29
"1253" 21 59 69 41 77 162 NA NA 14 11 1 NA 4 6 26
"1254" 22 31 67 42 79 140 1 NA 18 9 1 NA 10 13 26
"1255" 24 26 60 31 61 121 NA NA 22 10 NA NA 3 16 19
"1256" 12 40 40 31 41 115 NA NA 13 6 NA NA 5 12 28
"1257" 16 48 50 24 63 126 NA NA 12 14 1 NA 3 4 24
"1258" 32 63 68 32 52 115 2 NA 18 17 NA NA 2 13 26
"1259" 23 55 78 49 62 142 NA NA 15 12 1 NA NA 11 25
"1260" 19 57 77 39 56 126 1 NA 17 7 NA NA 12 14 26
"1261" 15 45 51 28 44 98 1 NA 16 13 NA NA 5 8 18
"1262" 24 60 64 26 82 120 NA NA 32 29 NA NA 5 5 13
"1263" 11 52 70 32 55 142 1 NA 12 12 NA NA 10 5 22
"1264" 25 65 56 37 40 121 1 NA 17 18 1 NA 6 8 22
"1265" 25 65 74 38 48 125 NA NA 14 14 NA NA 1 11 16
"1266" 18 59 66 14 61 130 NA 1 18 15 NA NA 8 8 23
"1267" 22 55 69 37 48 108 NA NA 12 15 2 NA 4 9 31
"1268" 16 57 69 35 70 116 3 NA 17 15 2 NA 6 6 22
"1269" 26 60 74 38 69 132 NA NA 12 10 NA NA 7 9 15
"1270" 18 41 57 37 34 121 1 NA 16 9 1 2 1 13 24
"1271" 11 34 59 19 39 121 NA NA 12 19 NA NA 5 10 24
"1272" 13 47 73 23 49 111 2 NA 10 4 NA NA 3 8 14
"1273" 29 74 79 37 60 128 1 1 16 14 NA NA 4 5 20
"1274" 8 60 67 25 66 146 NA NA 20 10 2 NA 5 6 25
"1275" 15 59 56 32 57 111 NA NA 10 10 2 NA 6 5 32
"1276" 12 46 55 23 43 141 NA NA 21 15 NA NA 4 8 20
"1277" 14 42 63 30 43 137 NA NA 8 7 NA NA 8 12 31
"1278" 28 70 79 37 69 122 NA 1 5 11 1 NA 7 1 26
"1279" 8 41 54 29 38 137 1 1 15 17 NA NA 3 9 15
"1280" 28 63 69 43 32 145 1 NA 20 21 NA NA 6 11 27
"1281" 26 74 81 27 62 102 3 NA 22 6 NA NA 2 9 18
"1282" 25 62 51 29 59 123 2 1 21 7 NA NA 8 6 21
"1283" 22 64 63 33 47 129 NA NA 16 11 1 NA 8 11 22
"1284" 19 55 60 22 41 113 NA NA 15 5 3 NA 8 4 25
"1285" 23 70 76 31 62 125 4 NA 9 6 NA NA 2 12 16
"1286" 26 72 74 26 64 121 1 1 18 12 1 NA 9 7 18
"1287" 11 64 51 32 50 132 1 NA 19 8 1 5 1 11 20
"1288" 13 44 79 31 87 143 NA NA 17 12 1 2 3 9 13
"1289" 21 61 73 25 49 133 3 NA 7 28 NA NA 3 12 10
"1290" 27 56 70 27 59 105 1 NA 19 14 NA NA 3 10 17
"1291" 16 45 65 24 54 137 NA NA 19 9 NA NA 11 5 34
"1292" 35 35 65 39 57 134 NA NA 17 7 NA NA 1 5 29
"1293" 15 51 70 31 48 128 3 NA 7 5 NA NA 3 11 14
"1294" 29 64 64 42 63 122 1 NA 18 17 2 NA 3 9 42
"1295" 19 53 51 27 60 103 2 NA 16 12 NA NA 5 6 22
"1296" 15 41 50 34 63 125 1 NA 19 13 NA NA 1 11 23
"1297" 18 53 62 28 67 141 3 NA 17 11 NA NA 13 7 11
"1298" 38 76 82 35 67 144 NA 2 18 6 NA NA 16 12 18
"1299" 25 66 74 52 68 162 2 NA 12 15 NA NA 7 11 15
"1300" 25 64 62 39 55 140 NA NA 9 10 NA NA 7 5 16
"1301" 27 67 64 39 66 151 2 NA 20 10 1 1 8 13 22
"1302" 28 48 56 38 64 131 1 2 22 8 NA NA 1 11 25
"1303" 36 90 110 42 66 126 2 NA 7 7 1 NA 3 5 25
"1304" 30 55 66 33 57 133 NA NA 8 17 1 NA 2 11 21
"1305" 30 83 83 39 75 171 NA NA 12 13 1 NA 7 7 16
"1306" 26 88 79 41 82 138 NA NA 8 9 1 1 14 3 32
"1307" 10 27 78 26 67 112 NA NA 14 22 1 NA 6 11 23
"1308" 24 40 53 28 53 125 1 NA 14 8 NA NA 10 5 10
"1309" 20 44 43 43 71 139 NA NA 16 23 1 NA 9 12 30
"1310" 12 50 65 22 57 118 NA NA 9 7 NA NA 11 12 22
"1311" 22 28 72 16 69 145 NA NA 13 13 NA NA 9 7 26
"1312" 16 43 57 26 49 120 1 NA 5 8 NA NA 7 6 15
"1313" 19 51 69 37 49 118 NA NA 17 13 NA NA 7 10 29
"1314" 12 53 72 29 55 117 NA NA 11 16 1 NA 5 9 23
"1315" 10 52 57 24 26 143 NA 1 13 3 1 NA 3 6 26
"1316" 26 74 67 23 76 144 NA NA 21 13 3 NA 12 10 22
"1317" 27 69 82 33 67 128 NA NA 13 15 1 NA 11 6 16
"1318" 12 53 76 13 55 120 NA NA 18 8 1 NA 5 12 15
"1319" 17 68 64 23 41 115 1 NA 6 12 NA NA 3 15 12
"1320" 35 74 84 27 41 133 NA NA 13 8 NA NA 7 3 19
"1321" 34 52 70 36 70 146 NA NA 12 7 NA NA 6 9 23
"1322" 24 46 87 30 62 171 3 NA 17 9 NA NA 1 5 27
"1323" 25 68 82 31 70 135 NA NA 14 10 1 NA 7 9 29
"1324" 17 57 68 15 62 125 NA NA 10 5 NA NA 5 14 30
"1325" 12 47 67 31 65 114 1 NA 16 9 1 NA 9 7 31
"1326" 17 57 70 19 70 135 NA NA 3 10 NA NA 9 7 22
"1327" 37 81 67 38 63 128 1 2 20 15 1 NA 5 4 24
"1328" 24 68 66 27 67 114 NA NA 13 16 2 NA 2 9 13
"1329" 30 61 61 34 31 139 NA NA 9 10 NA NA 6 12 25
"1330" 18 48 55 28 42 154 NA NA 12 13 NA NA 7 11 26
"1331" 11 31 63 25 53 127 NA NA 10 12 NA NA 3 12 24
"1332" 20 50 57 20 40 169 1 NA 24 22 1 NA 4 10 20
"1333" 19 56 66 31 52 113 NA NA 14 13 1 NA 5 12 20
"1334" 33 68 81 46 65 125 NA NA 17 19 2 NA 5 7 39
"1335" 11 56 64 37 35 150 NA NA 19 8 NA NA 4 4 26
"1336" 24 68 69 15 53 156 1 NA 12 11 NA NA 3 12 31
"1337" 22 55 70 25 61 133 1 NA 19 20 NA NA 10 5 22
"1338" 18 54 75 29 58 94 NA NA 14 16 NA NA 1 10 30
"1339" 13 65 59 37 69 120 NA 1 9 7 NA NA 4 8 24
"1340" 11 39 52 34 66 138 1 NA 19 12 NA NA 5 5 26
"1341" 15 55 62 33 77 133 NA NA 24 9 NA NA 3 7 30
"1342" 8 51 54 21 41 125 1 NA 5 15 1 NA 5 5 27
"1343" 9 33 52 32 27 161 1 NA 16 6 NA NA 3 6 22
"1344" 20 42 46 38 65 141 NA NA 21 6 NA NA 1 12 28
"1345" 9 50 95 31 65 147 NA NA 12 15 NA NA 7 8 28
"1346" 28 62 78 38 72 127 1 NA 7 11 1 NA 8 7 23
"1347" 15 40 60 29 61 148 2 NA 17 11 NA NA 7 5 21
"1348" 23 57 55 31 58 138 3 1 17 9 NA NA 9 4 16
"1349" 27 62 74 37 69 130 2 NA 7 15 NA NA 4 10 26
"1350" 24 59 59 38 62 114 NA 1 9 13 1 NA 4 4 18
"1351" 25 63 75 17 60 138 NA NA 9 13 NA NA 7 10 29
"1352" 20 59 61 32 44 152 1 NA 16 15 NA NA 1 14 14
"1353" 31 61 71 37 63 137 NA NA 14 15 NA NA 7 16 34
"1354" 12 47 72 31 68 142 NA NA 9 8 NA NA 7 6 12
"1355" 24 51 55 21 73 140 1 NA 15 16 1 NA 7 10 16
"1356" 19 60 49 32 46 136 NA NA 5 16 NA NA 5 5 20
"1357" 13 48 62 38 61 135 NA NA 13 9 NA NA 3 11 24
"1358" 16 54 65 41 62 126 NA 1 15 8 NA NA 6 11 25
"1359" 15 52 72 27 67 153 NA NA 14 4 NA NA 6 6 31
"1360" 30 52 65 43 65 122 NA NA 6 13 1 NA 7 8 29
"1361" 12 53 53 27 50 156 NA NA 14 2 1 NA 7 7 13
"1362" 21 50 74 17 62 166 1 NA 15 19 1 NA 5 13 26
"1363" 15 57 74 22 46 123 1 NA 15 10 1 NA 9 6 22
"1364" 24 52 67 26 58 129 NA NA 15 5 NA NA 1 4 24
"1365" 34 34 51 54 69 140 NA 2 18 22 NA NA 4 12 25
"1366" 16 34 53 34 49 124 NA 1 14 4 1 NA 1 13 24
"1367" 28 68 73 34 64 145 NA NA 14 12 1 NA 11 14 22
"1368" 19 63 80 33 70 115 4 NA 23 15 NA NA 5 13 28
"1369" 23 57 59 30 54 107 1 1 23 23 2 NA 2 10 21
"1370" 28 57 67 38 56 134 1 NA 10 8 NA NA 11 14 18
"1371" 27 47 74 33 59 140 NA NA 18 13 1 NA 3 15 27
"1372" 23 57 55 34 63 140 NA 2 22 12 NA NA 6 7 31
"1373" 15 51 62 37 84 119 NA NA 18 14 NA NA 9 8 28
"1374" 26 62 64 37 72 108 2 NA 17 9 NA NA 8 4 16
"1375" 24 45 86 41 80 151 NA NA 4 7 1 NA 9 8 20
"1376" 28 60 74 16 61 114 NA 1 13 9 1 2 2 11 23
"1377" 21 41 69 22 67 148 1 NA 14 7 NA NA 2 11 36
"1378" 5 38 60 9 65 110 NA NA 20 13 1 NA 5 7 16
"1379" 15 45 47 32 39 111 NA NA 12 16 NA NA 6 5 28
"1380" 14 39 55 19 48 149 1 NA 22 16 1 NA 5 14 50
"1381" 25 68 73 37 65 112 NA NA 8 16 NA NA 4 9 26
"1382" 25 54 77 27 73 117 NA NA 7 4 NA NA 4 8 20
"1383" 8 42 66 39 70 110 1 NA 8 13 NA NA 8 14 23
"1384" 21 67 63 46 57 163 4 NA 8 16 NA NA 8 8 17
"1385" 22 57 73 29 71 115 3 NA 14 14 2 NA 1 7 26
"1386" 15 49 86 32 62 143 NA NA 15 14 NA NA 5 5 12
"1387" 37 70 82 50 80 143 NA 1 10 6 1 NA 5 4 19
"1388" 13 64 80 30 49 132 NA NA 13 12 NA NA 5 9 15
"1389" 15 49 72 27 57 135 1 NA 21 7 NA NA 6 9 26
"1390" 28 51 54 27 48 109 NA NA 13 14 1 NA 4 13 22
"1391" 12 50 58 38 58 137 NA NA 16 12 NA NA 7 11 25
"1392" 17 35 60 12 43 102 NA NA 8 8 NA NA 4 8 26
"1393" 10 46 77 28 59 139 NA NA 5 11 1 NA 8 8 28
"1394" 30 62 68 27 49 113 NA NA 19 9 NA NA 3 4 15
"1395" 13 36 75 29 52 133 1 NA 13 16 NA NA 9 9 25
"1396" 15 43 68 21 57 115 NA NA 16 11 1 NA 8 6 22
"1397" 9 33 63 27 69 121 NA NA 17 16 2 NA 2 14 24
"1398" 9 36 59 12 39 121 NA NA 20 13 1 NA 6 14 20
"1399" 26 70 79 42 83 161 NA NA 19 12 NA NA 2 13 28
"1400" 16 41 74 33 74 125 NA NA 5 8 NA NA 1 12 18
"1401" 16 33 32 12 49 158 1 NA 9 11 NA NA 7 14 27
"1402" 33 68 66 39 65 150 NA NA 19 12 NA NA 8 6 20
"1403" 34 84 62 33 72 151 NA NA 16 8 NA NA 6 8 14
"1404" 20 36 71 27 56 129 4 NA 18 5 NA NA 3 8 23
"1405" 9 47 56 32 80 147 1 NA 14 22 1 1 7 11 32
"1406" 17 68 89 37 55 106 2 1 13 10 NA NA 4 7 17
"1407" 17 52 64 24 38 124 NA NA 25 12 1 NA 1 11 20
"1408" 20 69 68 35 54 117 NA NA 12 10 1 NA 5 9 19
"1409" 26 60 55 31 53 114 NA NA 15 2 NA NA 4 7 19
"1410" 21 53 56 34 49 123 NA NA 11 13 NA NA 5 3 18
"1411" 25 71 80 26 74 124 1 NA 17 19 NA NA 9 11 27
"1412" 6 35 60 30 84 157 1 NA 19 13 NA NA 8 9 21
"1413" 22 69 66 39 59 135 NA NA 13 9 NA NA 8 19 21
"1414" 9 50 54 34 61 136 NA NA 23 7 NA NA 14 12 24
"1415" 13 32 36 19 68 124 NA NA 19 9 2 NA 5 9 16
"1416" 14 42 47 21 74 114 NA NA 23 6 NA NA 5 6 19
"1417" 21 62 74 32 68 136 NA NA 16 11 NA NA 7 9 25
"1418" 22 54 57 14 44 122 NA 1 9 12 1 NA 8 3 20
"1419" 17 58 62 35 49 138 4 NA 16 8 NA NA 7 5 28
"1420" 36 83 78 27 52 138 NA NA 15 9 1 NA 3 9 21
"1421" 24 63 76 33 57 132 NA NA 18 9 1 NA 5 14 19
"1422" 17 54 56 37 62 143 2 1 12 15 NA NA 3 8 24
"1423" 16 43 65 27 42 142 NA NA 17 10 NA NA 4 4 23
"1424" 22 55 64 33 79 147 1 NA 20 9 1 NA 7 1 18
"1425" 21 53 71 48 80 141 NA NA 17 10 NA NA 5 9 19
"1426" 18 40 56 23 45 156 1 NA 10 22 NA NA 5 9 21
"1427" 12 53 53 33 41 112 1 1 8 17 NA NA 9 8 18
"1428" 17 39 87 35 66 145 NA NA 11 11 NA NA 7 13 23
"1429" 29 55 70 30 82 146 NA 1 16 9 NA NA 12 5 32
"1430" 27 57 53 38 36 104 1 NA 17 19 1 NA 5 9 26
"1431" 33 49 58 25 60 123 1 NA 19 15 1 NA 12 7 20
"1432" 21 65 86 38 88 161 NA NA 12 11 NA NA 6 8 35
"1433" 34 35 77 50 93 146 1 1 12 16 1 NA 7 13 21
"1434" 21 46 71 31 61 127 NA NA 8 16 NA NA 1 13 18
"1435" 12 50 56 9 51 116 1 1 7 12 NA 2 5 8 21
"1436" 18 55 71 28 64 133 NA NA 18 7 NA NA 5 10 23
"1437" 10 31 42 31 71 141 1 NA 15 9 NA NA 9 11 17
"1438" 27 27 59 37 71 142 NA NA 10 15 NA NA 3 4 18
"1439" 33 64 78 31 73 116 NA 1 19 12 3 NA 6 3 30
"1440" 15 63 63 33 54 110 NA NA 18 17 NA NA 2 8 34
"1441" 28 60 85 20 76 143 1 1 21 9 1 NA 2 5 22
"1442" 19 55 68 36 49 112 NA 1 20 13 2 NA 7 7 15
"1443" 21 47 56 14 62 124 NA 3 10 12 NA NA 3 7 16
"1444" 29 85 71 47 85 165 NA NA 12 8 NA NA 3 13 13
"1445" 24 71 79 37 69 133 NA NA 13 10 NA NA 3 4 21
"1446" 19 48 47 39 55 123 NA NA 22 7 NA NA 1 3 29
"1447" 41 68 69 33 57 123 NA NA 29 14 NA NA 7 5 16
"1448" 23 47 59 30 54 137 NA NA 16 16 NA NA 2 13 20
"1449" 22 51 49 31 38 149 NA NA 14 19 NA NA 4 13 16
"1450" 22 63 69 31 22 127 NA NA 14 5 NA NA 3 11 15
"1451" 14 57 51 33 62 125 1 NA 15 13 NA NA 2 9 20
"1452" 19 53 76 35 66 138 2 1 9 13 NA NA 8 8 10
"1453" 22 54 59 34 74 130 NA NA 10 6 NA NA 5 11 20
"1454" 23 66 83 29 59 131 NA NA 9 13 NA NA 6 4 23
"1455" 29 61 74 36 72 128 NA NA 13 8 NA NA 10 5 23
"1456" 12 58 72 29 62 124 2 2 5 9 1 NA 6 13 20
"1457" 22 52 53 39 63 113 2 NA 15 9 1 1 8 6 24
"1458" 17 42 68 22 46 108 4 NA 11 12 NA 1 3 3 19
"1459" 29 65 64 36 52 130 NA NA 18 16 NA NA 4 8 19
"1460" 14 47 61 32 48 109 3 NA 13 10 5 NA 13 16 26
"1461" 21 57 80 35 60 121 NA 3 16 18 NA NA 5 7 23
"1462" 18 67 62 39 60 136 1 NA 4 12 1 NA 5 8 21
"1463" 15 49 57 31 46 124 NA NA 16 6 NA NA 11 12 23
"1464" 16 48 77 23 39 130 NA NA 17 11 NA NA 3 13 21
"1465" 34 74 72 21 61 123 NA 1 16 7 NA NA 7 5 25
"1466" 16 69 70 32 68 144 NA NA 20 13 1 NA 5 8 23
"1467" 12 41 75 27 58 124 NA 1 12 9 NA NA 1 4 29
"1468" 19 53 59 29 25 127 NA NA 15 5 NA 2 3 5 15
"1469" 19 55 55 20 51 134 1 NA 14 7 NA NA 10 12 13
"1470" 27 26 76 43 77 156 NA NA 15 3 NA NA 6 4 17
"1471" 16 70 97 30 68 122 NA NA 18 13 NA NA 3 9 27
"1472" 33 78 93 39 80 141 1 1 16 3 NA NA 3 5 24
"1473" 20 47 72 27 77 125 NA NA 19 11 2 NA 12 3 23
"1474" 25 60 64 49 57 137 NA NA 16 13 NA NA 11 21 22
"1475" 13 41 58 40 54 128 NA NA 17 18 1 NA 5 9 16
"1476" 18 61 55 19 54 118 NA 1 6 7 NA NA 13 9 23
"1477" 17 50 45 30 67 139 NA 1 17 17 NA NA 1 6 20
"1478" 17 51 63 28 35 116 1 NA 20 14 NA NA 13 5 19
"1479" 12 47 58 23 55 117 NA NA 17 15 NA NA 3 6 22
"1480" 24 76 86 28 54 123 NA 1 19 18 NA NA 13 9 19
"1481" 18 39 54 34 66 118 1 NA 16 14 NA NA 4 12 22
"1482" 24 34 67 30 53 139 2 NA 10 16 NA NA 7 18 28
"1483" 37 58 78 32 67 123 1 NA 16 4 1 NA 8 6 16
"1484" 23 68 67 25 52 126 1 NA 20 16 1 NA 6 15 26
"1485" 14 51 56 34 60 131 NA NA 18 9 1 NA 10 2 22
"1486" 24 67 76 15 43 101 6 NA 16 7 NA NA 3 10 13
"1487" 25 63 68 38 82 132 NA NA 12 6 1 NA 2 13 29
"1488" 16 42 55 35 49 132 1 NA 20 10 1 NA 5 16 24
"1489" 23 45 75 37 51 139 1 NA 21 11 1 NA 7 17 11
"1490" 11 56 63 32 40 116 1 NA 7 8 NA NA 5 6 18
"1491" 18 49 61 36 53 130 NA NA 11 4 NA NA 7 7 16
"1492" 22 58 74 28 59 135 1 NA 18 11 NA NA 5 14 18
"1493" 35 72 79 23 76 152 5 NA 21 15 NA NA 7 9 16
"1494" 23 58 55 33 57 134 2 3 17 15 NA 2 4 8 44
"1495" 25 55 62 24 79 141 1 NA 17 2 1 NA 6 7 25
"1496" 28 71 84 37 68 106 1 NA 15 12 NA NA 7 11 23
"1497" 23 58 70 33 62 144 NA NA 20 8 NA NA 6 4 23
"1498" 28 54 56 25 54 152 1 NA 17 14 1 NA 6 15 24
"1499" 27 65 59 29 53 121 NA NA 17 13 NA NA 13 4 28
"1500" 18 55 80 37 79 145 NA NA 10 6 NA NA 5 10 15
"1501" 13 41 58 15 43 131 NA NA 17 7 1 NA 10 12 31
"1502" 39 87 77 26 82 123 NA NA 18 19 NA NA 6 20 23
"1503" 21 60 49 31 62 145 NA NA 17 8 NA NA 2 4 12
"1504" 23 56 54 21 70 133 NA NA 15 12 1 NA 8 9 22
"1505" 21 74 85 31 72 110 NA NA 13 7 1 NA 5 6 21
"1506" 32 48 59 34 59 155 NA NA 14 8 NA NA 2 9 21
"1507" 23 26 73 36 62 115 NA NA 5 12 NA NA 8 9 20
"1508" 24 55 75 36 33 151 NA NA 18 11 NA 1 4 11 26
"1509" 18 60 64 34 43 121 1 1 14 25 1 NA 3 5 32
"1510" 21 39 62 34 61 134 NA NA 18 15 NA 1 5 7 17
"1511" 23 27 66 27 49 110 NA NA 18 9 1 NA 1 10 13
"1512" 20 58 71 30 65 130 NA NA 15 7 1 NA 5 7 12
"1513" 35 57 67 22 55 118 NA NA 16 10 NA NA 4 12 14
"1514" 18 57 61 32 54 144 1 1 22 11 NA NA 2 4 20
"1515" 28 52 80 45 70 145 NA NA 17 10 1 NA 7 15 21
"1516" 27 56 69 23 47 151 1 NA 21 10 NA NA 3 8 21
"1517" 27 73 56 37 67 122 1 NA 17 12 1 NA 9 5 21
"1518" 19 69 49 43 47 116 NA NA 18 12 1 NA 5 7 13
"1519" 7 44 70 22 48 122 NA NA 24 12 NA NA 9 13 22
"1520" 11 43 56 29 66 136 1 1 20 16 NA NA 2 10 23
"1521" 12 39 71 22 68 147 NA NA 22 10 NA NA 4 13 26
"1522" 13 44 66 26 69 121 NA NA 12 8 3 NA 4 4 21
"1523" 23 61 69 31 73 140 NA NA 10 13 NA NA 1 12 21
"1524" 17 67 94 37 84 138 1 NA 17 10 2 NA 9 7 23
"1525" 13 48 90 33 85 128 NA 1 15 11 1 NA 11 5 16
"1526" 16 52 61 23 55 121 NA NA 23 14 NA NA 7 8 21
"1527" 18 45 53 24 67 141 1 NA 20 18 NA NA 3 3 25
"1528" 12 49 60 25 46 134 NA NA 17 18 NA NA 7 7 26
"1529" 23 27 71 39 56 143 1 NA 30 9 NA NA 6 8 20
"1530" 22 49 58 39 95 141 NA NA 15 17 1 NA 7 10 24
"1531" 34 81 70 42 63 133 1 NA 13 16 NA NA 8 5 20
"1532" 28 77 78 38 85 143 3 NA 17 7 NA NA 3 12 17
"1533" 23 58 73 39 73 136 NA NA 18 16 2 NA 4 22 25
"1534" 17 53 62 33 44 100 NA NA 11 11 1 NA 5 9 29
"1535" 26 60 74 25 39 143 1 1 16 15 1 NA 10 10 26
"1536" 26 74 75 42 61 114 2 NA 9 11 1 NA 8 9 15
"1537" 21 64 89 13 64 117 NA NA 7 13 1 NA 6 5 12
"1538" 22 45 58 39 62 136 NA NA 17 9 NA NA 11 9 25
"1539" 11 44 49 20 67 143 1 3 8 4 2 NA 5 7 20
"1540" 18 44 48 34 40 108 3 NA 9 9 NA NA 8 6 17
"1541" 22 76 80 39 76 126 NA NA 18 18 NA NA 7 17 24
"1542" 25 54 34 30 43 107 NA NA 21 8 NA NA 3 9 28
"1543" 21 70 81 22 60 115 NA NA 16 16 NA 1 9 13 22
"1544" 17 52 78 24 63 133 1 NA 13 8 NA NA 4 3 25
"1545" 18 50 67 21 56 138 2 1 18 15 1 NA 8 3 20
"1546" 30 64 73 31 59 113 NA NA 15 3 NA 1 9 9 29
"1547" 26 56 76 29 50 129 NA NA 16 14 2 NA 6 3 17
"1548" 15 67 79 31 55 123 1 NA 7 5 1 NA 2 10 24
"1549" 47 92 68 37 61 124 NA NA 13 8 NA NA 3 7 19
"1550" 10 48 67 31 52 134 1 NA 13 10 NA NA 5 9 23
"1551" 21 53 62 39 58 130 1 NA 13 12 2 NA 5 3 16
"1552" 38 73 70 36 50 132 1 NA 20 17 NA NA 3 9 31
"1553" 17 44 75 25 88 135 NA NA 16 3 NA NA 14 5 23
"1554" 30 82 76 42 63 146 NA NA 21 4 NA NA 9 2 22
"1555" 31 59 73 32 39 136 NA NA 5 20 NA NA 5 15 25
"1556" 24 57 67 32 54 148 NA NA 23 12 NA NA 6 4 30
"1557" 17 57 66 32 72 132 NA NA 17 7 NA NA 4 10 10
"1558" 33 68 65 30 58 131 NA NA 11 8 1 NA 11 11 30
"1559" 23 66 78 28 42 131 NA NA 20 9 NA NA 5 9 23
"1560" 10 51 67 27 56 114 3 NA 23 16 NA NA 10 10 19
"1561" 22 56 63 43 45 142 1 NA 15 16 2 NA 7 5 22
"1562" 13 43 56 20 41 144 NA NA 16 14 NA NA 5 8 19
"1563" 36 72 91 40 69 143 NA NA 10 9 1 NA 5 8 22
"1564" 11 48 72 41 78 124 2 NA 14 17 NA NA 14 6 35
"1565" 25 47 70 30 76 130 NA NA 13 6 NA NA 5 6 23
"1566" 30 67 72 38 57 123 1 NA 7 7 NA NA 6 9 17
"1567" 38 65 85 38 75 117 NA NA 13 8 NA NA 9 13 28
"1568" 33 69 65 34 61 118 2 NA 9 13 1 NA 7 4 22
"1569" 14 44 78 31 63 117 1 1 14 8 NA NA 3 7 25
"1570" 9 39 71 25 75 133 NA 1 13 9 1 NA 10 13 18
"1571" 35 61 67 43 67 123 3 NA 16 10 1 NA 7 11 26
"1572" 20 51 54 33 59 111 NA 1 16 16 1 NA 9 8 20
"1573" 20 55 65 37 52 123 2 NA 29 12 NA NA 3 5 21
"1574" 14 42 65 32 61 142 NA NA 11 12 NA NA 10 8 24
"1575" 20 66 95 48 72 116 2 NA 7 15 NA 1 5 13 20
"1576" 21 52 57 39 61 115 3 NA 9 11 1 NA 5 7 13
"1577" 26 75 72 32 25 124 1 NA 12 10 NA NA 2 11 16
"1578" 20 31 64 22 46 123 NA NA 12 13 1 NA 7 5 29
"1579" 21 51 79 22 53 130 1 NA 18 4 NA NA 4 9 25
"1580" 32 65 64 36 61 140 NA 2 9 10 1 NA 9 10 18
"1581" 13 44 64 31 57 142 1 NA 27 11 NA NA 7 4 25
"1582" 21 68 63 42 35 167 NA 1 20 25 NA NA 7 9 23
"1583" 18 40 66 29 68 137 1 NA 15 6 NA NA 5 8 26
"1584" 11 45 59 21 49 148 5 NA 13 12 2 NA 4 9 24
"1585" 19 56 68 31 48 130 1 1 12 11 NA NA 9 13 29
"1586" 24 45 60 42 57 140 3 NA 22 16 NA NA 3 9 23
"1587" 13 45 52 26 63 115 NA NA 15 15 2 NA 8 7 23
"1588" 24 62 66 44 55 126 NA 1 10 11 NA NA 8 3 28
"1589" 14 51 83 30 56 109 NA 1 20 9 NA NA 6 9 20
"1590" 13 50 72 22 58 118 NA NA 21 16 NA NA 5 12 24
"1591" 27 51 68 34 66 174 NA NA 19 4 NA NA 7 11 19
"1592" 21 58 54 38 58 141 1 NA 17 7 1 NA 8 9 15
"1593" 16 43 68 31 61 134 NA NA 11 11 NA NA 1 6 15
"1594" 14 48 58 30 54 144 NA NA 17 18 NA NA 5 14 19
"1595" 17 58 73 32 61 142 1 NA 14 19 NA NA 5 15 22
"1596" 38 54 62 51 62 137 NA NA 8 18 NA NA 4 6 24
"1597" 12 24 47 23 57 123 2 NA 12 6 1 NA 1 13 16
"1598" 39 75 105 24 85 140 1 1 11 18 NA NA 5 11 28
"1599" 14 34 50 12 44 123 NA NA 7 7 1 NA 1 6 11
"1600" 21 26 76 31 69 135 NA 1 14 11 1 NA 2 8 18
"1601" 15 27 49 39 53 126 1 NA 17 9 NA NA 4 5 28
"1602" 16 56 57 33 62 122 1 NA 12 5 NA NA 7 9 20
"1603" 11 42 62 32 47 146 NA NA 28 12 NA NA 6 9 27
"1604" 28 84 87 31 62 146 1 NA 14 20 NA NA 1 15 21
"1605" 13 49 71 21 63 126 NA 1 11 12 2 NA 7 5 24
"1606" 23 82 99 43 72 146 1 NA 18 8 NA NA 4 7 27
"1607" 32 60 63 34 53 125 1 1 18 9 NA NA 7 6 20
"1608" 20 61 71 27 57 119 NA NA 5 9 NA NA 6 9 21
"1609" 19 58 69 28 81 143 3 NA 12 15 NA NA 6 13 20
"1610" 26 66 69 29 51 145 NA NA 14 10 NA NA 5 10 16
"1611" 16 47 62 29 67 135 NA NA 12 12 NA NA 5 11 27
"1612" 17 62 72 35 65 118 NA NA 19 18 NA NA 9 4 21
"1613" 19 28 66 35 62 169 NA 1 15 9 1 NA 8 5 22
"1614" 18 54 70 27 66 134 NA 1 8 5 NA NA 10 5 20
"1615" 22 71 70 26 56 113 NA NA 13 8 NA 1 9 8 26
"1616" 9 37 46 13 48 132 NA NA 21 11 NA NA 8 11 19
"1617" 14 44 61 39 48 120 4 NA 18 7 NA NA 1 9 18
"1618" 25 54 56 36 71 116 1 NA 9 6 1 NA 6 9 15
"1619" 14 47 54 21 43 120 NA NA 13 10 1 NA 9 11 23
"1620" 21 50 50 36 65 112 NA NA 20 8 NA NA 2 10 29
"1621" 35 60 65 11 49 135 NA NA 18 6 2 NA 8 6 28
"1622" 32 67 74 34 76 167 NA 1 20 8 NA NA 6 13 22
"1623" 21 44 67 31 43 119 NA NA 21 11 NA NA 5 5 23
"1624" 28 79 73 29 55 149 NA NA 13 12 NA NA 6 8 20
"1625" 17 43 66 35 82 162 NA NA 10 11 NA NA 9 7 16
"1626" 30 77 80 12 51 107 1 NA 16 10 NA NA 9 14 20
"1627" 6 40 40 29 55 114 NA NA 14 6 NA NA 5 9 24
"1628" 25 75 72 41 65 120 NA 2 12 6 NA NA 3 11 28
"1629" 10 41 77 27 47 142 1 NA 20 21 NA NA 7 7 22
"1630" 20 49 57 29 46 132 NA NA 15 14 NA NA 3 14 27
"1631" 22 49 62 23 55 146 1 NA 8 6 2 NA 10 6 37
"1632" 18 42 60 32 55 102 2 NA 13 14 NA NA 10 10 21
"1633" 20 54 54 23 42 134 NA NA 19 15 1 NA 1 11 24
"1634" 28 55 54 37 50 129 NA NA 24 15 NA NA 11 5 25
"1635" 24 34 58 45 63 147 NA NA 24 7 1 NA 4 8 26
"1636" 21 64 75 33 62 119 1 NA 27 26 NA NA 11 12 22
"1637" 10 36 64 31 62 129 NA NA 11 11 NA NA 5 5 29
"1638" 17 48 55 33 72 143 1 NA 18 10 NA NA 3 6 15
"1639" 17 64 58 35 78 157 NA NA 10 7 NA NA 7 7 17
"1640" 24 57 55 38 57 116 NA 1 13 16 NA NA 1 6 20
"1641" 17 58 73 31 55 143 2 1 6 11 NA NA 7 5 33
"1642" 20 66 63 31 68 122 NA NA 17 8 NA NA 8 1 29
"1643" 40 79 78 41 59 94 3 NA 17 16 1 NA 2 11 30
"1644" 6 32 45 20 47 123 NA NA 12 5 NA NA 4 9 17
"1645" 8 35 48 24 37 152 1 NA 4 5 NA NA 5 8 31
"1646" 19 57 78 25 44 110 1 NA 8 5 1 NA 6 9 26
"1647" 29 65 63 40 57 148 1 NA 14 4 1 NA 7 11 25
"1648" 13 52 86 27 57 151 NA NA 21 6 NA NA 5 12 21
"1649" 6 37 59 31 61 133 1 NA 14 6 1 NA 10 6 29
"1650" 13 47 68 30 44 128 NA NA 15 16 1 NA 8 2 22
"1651" 8 32 48 23 32 115 1 1 21 17 NA NA 5 8 27
"1652" 21 49 63 24 44 130 NA NA 32 9 2 3 8 10 29
"1653" 29 57 66 39 28 131 NA NA 10 10 NA NA 3 9 26
"1654" 22 58 84 28 52 114 NA NA 18 14 NA NA 8 16 19
"1655" 36 67 83 37 65 136 4 1 13 10 1 1 3 9 31
"1656" 28 76 72 49 86 131 2 NA 11 5 1 NA 8 6 21
"1657" 23 59 55 33 43 128 1 NA 11 4 NA NA 12 4 24
"1658" 25 70 77 30 80 113 NA NA 18 14 NA NA 6 12 19
"1659" 14 28 64 21 70 132 NA NA 22 17 NA NA 4 9 24
"1660" 18 25 80 25 64 126 NA 1 11 9 NA NA 5 10 22
"1661" 22 72 71 45 78 124 NA NA 25 18 NA NA 9 9 20
"1662" 22 54 64 33 40 106 2 NA 15 16 NA NA 7 13 37
"1663" 21 67 67 27 53 131 NA 1 15 9 1 NA 8 3 31
"1664" 17 52 49 40 67 145 NA NA 15 13 NA NA 8 7 23
"1665" 22 47 64 30 61 134 NA NA 17 20 NA NA 5 4 28
"1666" 19 45 57 27 22 121 NA NA 13 8 NA NA 3 5 20
"1667" 26 71 64 41 39 118 NA NA 15 10 NA NA 10 8 26
"1668" 29 30 58 31 61 125 NA NA 12 15 NA NA 2 7 16
"1669" 24 58 69 39 78 149 NA NA 5 17 NA NA 11 13 20
"1670" 20 56 60 28 76 106 1 1 22 16 2 NA 5 15 23
"1671" 16 48 59 35 68 153 NA NA 18 8 NA NA 5 7 25
"1672" 23 57 62 15 56 117 1 1 16 7 NA NA NA 7 24
"1673" 18 47 73 36 66 137 NA NA 9 16 1 NA 11 11 28
"1674" 21 57 69 17 62 116 1 NA 7 8 1 NA 2 13 18
"1675" 16 48 80 20 63 122 NA NA 20 10 NA NA 8 7 22
"1676" 16 48 63 26 64 113 1 NA 17 12 1 NA 2 7 15
"1677" 13 39 70 26 58 121 3 NA 19 12 NA NA 5 7 16
"1678" 16 72 65 26 48 129 1 NA 19 14 NA NA 2 8 16
"1679" 26 72 89 30 77 119 NA NA 12 17 NA NA 9 15 21
"1680" 17 47 59 40 49 114 NA NA 20 8 2 NA 1 10 24
"1681" 11 50 54 35 65 136 1 NA 7 8 NA NA 4 6 16
"1682" 16 52 67 22 74 141 1 NA 12 9 1 NA 2 4 21
"1683" 26 70 90 12 69 123 1 NA 5 11 3 NA 1 5 20
"1684" 14 41 48 24 36 136 NA NA 8 13 1 NA 9 5 28
"1685" 20 62 74 29 53 124 NA NA 19 14 NA NA 4 5 13
"1686" 14 49 51 28 55 126 2 NA 18 10 NA NA 4 7 28
"1687" 16 40 62 26 56 112 NA NA 3 8 NA NA 3 13 21
"1688" 32 33 58 53 33 136 NA NA 18 12 NA NA 10 7 16
"1689" 18 48 63 26 50 124 NA NA 16 10 NA NA 3 7 24
"1690" 12 39 62 22 54 152 NA NA 22 20 1 NA 11 12 24
"1691" 23 80 65 45 63 156 NA NA 22 17 1 NA 1 10 25
"1692" 11 50 82 30 54 136 1 NA 16 15 1 NA 7 11 33
"1693" 20 57 53 26 71 144 NA NA 9 15 2 NA 7 7 18
"1694" 20 50 64 40 56 120 NA 1 8 13 1 2 14 7 15
"1695" 19 56 74 34 67 125 3 2 8 9 NA NA 6 4 28
"1696" 21 63 86 33 62 146 3 NA 13 12 1 NA 2 6 23
"1697" 21 48 53 33 57 114 NA NA 15 11 1 NA 9 13 36
"1698" 22 29 66 33 55 141 NA NA 16 4 NA NA 1 8 26
"1699" 15 61 57 35 46 123 3 NA 10 12 NA NA 2 8 20
"1700" 21 51 54 27 42 135 NA NA 13 13 2 NA 5 19 32
"1701" 20 51 80 12 57 153 1 NA 13 14 NA NA 5 13 20
"1702" 25 59 63 21 70 152 2 NA 18 9 1 NA 5 14 22
"1703" 31 62 65 31 55 131 1 NA 24 10 1 NA 10 9 29
"1704" 23 28 76 32 58 133 1 NA 11 13 NA NA 8 15 17
"1705" 16 28 54 20 42 109 NA NA 22 18 NA NA 6 19 19
"1706" 19 48 72 30 76 157 NA NA 10 16 NA NA 2 9 16
"1707" 21 60 66 38 41 133 NA NA 11 4 NA NA 2 11 33
"1708" 20 56 69 32 61 126 NA NA 19 19 NA NA 5 14 26
"1709" 22 48 51 28 57 140 NA 1 13 12 1 NA 11 14 21
"1710" 19 58 58 37 49 143 1 NA 14 3 3 NA 2 10 25
"1711" 9 50 56 34 48 119 NA NA 4 12 1 NA 1 6 17
"1712" 25 77 104 20 77 113 1 NA 18 10 NA 1 4 15 22
"1713" 26 57 64 28 56 117 1 1 17 10 NA NA 7 7 30
"1714" 27 28 75 39 68 122 NA NA 7 5 NA NA 5 5 11
"1715" 9 45 57 30 52 123 NA 1 14 19 NA NA 2 8 22
"1716" 29 75 53 32 47 135 1 NA 22 14 NA NA 5 4 17
"1717" 39 62 70 20 72 121 4 NA 17 23 3 NA 8 14 15
"1718" 19 60 73 35 57 114 1 NA 12 14 1 NA 5 7 30
"1719" 18 34 71 19 65 140 1 1 21 12 NA NA 3 9 24
"1720" 15 57 66 33 45 142 NA NA 12 8 NA NA 11 3 20
"1721" 17 43 53 21 38 142 NA NA 15 10 2 NA 5 10 23
"1722" 15 35 49 22 57 127 2 NA 9 6 1 NA 1 1 27
"1723" 31 92 74 13 42 112 NA NA 7 8 NA NA 4 6 20
"1724" 22 49 54 28 45 125 NA NA 15 9 NA NA 9 8 26
"1725" 26 67 70 27 50 127 NA NA 18 14 1 NA 5 3 16
"1726" 11 48 68 28 55 97 NA NA 11 7 NA NA 3 9 18
"1727" 19 44 56 32 59 126 NA NA 20 6 NA NA 6 15 13
"1728" 21 47 55 39 56 144 1 NA 19 6 1 NA 6 10 20
"1729" 18 48 67 27 18 98 2 NA 18 5 NA NA 9 6 12
"1730" 30 60 80 27 29 123 NA NA 9 16 NA NA 8 4 19
"1731" 28 59 69 43 63 128 NA NA 12 6 NA NA 7 8 22
"1732" 10 48 70 25 49 116 1 NA 17 19 3 NA 3 3 17
"1733" 15 45 59 24 37 139 NA NA 19 14 NA NA 3 13 27
"1734" 29 68 59 32 52 104 NA NA 5 11 1 NA 5 11 23
"1735" 21 47 82 20 45 145 NA NA 5 17 NA NA 13 9 21
"1736" 14 51 51 26 48 142 NA NA 16 15 NA NA 8 12 14
"1737" 11 42 60 28 56 125 NA NA 9 10 NA NA 7 11 19
"1738" 28 73 63 30 46 134 NA NA 15 15 1 NA 4 19 27
"1739" 28 73 66 45 51 147 1 NA 5 8 NA NA 3 11 21
"1740" 31 64 56 45 60 118 2 NA 17 8 NA NA 3 10 15
"1741" 17 36 77 12 49 87 NA NA 7 11 NA NA 1 9 21
"1742" 14 54 70 39 58 151 NA NA 11 12 NA NA 8 9 23
"1743" 28 69 104 30 71 147 1 NA 15 10 NA NA 6 10 26
"1744" 24 25 55 31 60 117 2 NA 17 20 NA NA 7 14 17
"1745" 18 23 75 50 77 114 3 NA 22 5 3 NA 5 8 26
"1746" 14 55 69 26 57 150 1 NA 17 11 1 NA 6 7 20
"1747" 23 47 59 14 64 125 3 NA 24 11 NA NA 6 16 25
"1748" 11 55 61 32 60 129 1 1 17 7 2 NA 6 10 19
"1749" 27 61 69 28 57 132 NA NA 20 12 1 NA 11 14 25
"1750" 24 66 43 42 38 91 NA NA 18 9 1 NA 3 3 24
"1751" 32 65 65 39 46 152 NA NA 14 12 NA NA 7 6 21
"1752" 9 41 44 26 61 105 NA 1 12 13 1 NA 6 15 27
"1753" 25 76 65 35 50 96 3 NA 10 3 2 NA 3 7 33
"1754" 19 50 51 31 63 129 3 NA 21 12 1 NA 11 4 31
"1755" 27 73 71 36 59 138 2 NA 15 6 1 NA 9 5 22
"1756" 20 27 82 25 59 131 NA 1 8 22 NA NA 7 8 21
"1757" 15 62 89 33 50 103 NA NA 15 6 NA NA 6 12 22
"1758" 20 49 69 28 58 119 NA NA 18 9 NA NA 12 11 19
"1759" 18 44 60 44 81 137 1 NA 23 12 NA NA NA 12 21
"1760" 18 54 76 26 73 119 NA NA 10 14 NA NA 6 6 19
"1761" 24 66 63 46 71 148 NA NA 15 8 1 NA 1 3 17
"1762" 28 66 59 39 62 141 NA NA 21 12 NA NA 9 9 29
"1763" 16 44 54 25 45 111 NA NA 17 10 NA NA 6 7 20
"1764" 30 58 65 25 61 137 3 NA 11 8 NA NA 6 10 24
"1765" 16 58 72 23 53 139 NA NA 21 4 NA NA 8 9 23
"1766" 14 49 69 32 55 133 NA 2 13 6 NA NA 4 8 17
"1767" 17 62 65 34 54 116 NA NA 16 16 NA NA 3 11 20
"1768" 23 38 46 32 46 131 1 NA 19 15 NA NA 3 8 14
"1769" 20 52 69 31 70 142 NA NA 9 7 NA NA 3 6 23
"1770" 21 48 63 54 74 131 NA NA 15 8 1 NA 9 12 22
"1771" 22 58 81 27 53 129 NA NA 20 7 1 NA 3 7 17
"1772" 22 54 62 37 82 143 NA 2 8 9 3 NA 10 5 24
"1773" 21 47 65 33 44 114 NA NA 13 9 1 NA 6 10 18
"1774" 7 37 70 28 48 141 NA NA 14 10 NA NA 6 10 27
"1775" 32 81 87 26 64 117 NA NA 15 8 NA NA 9 12 29
"1776" 26 55 51 25 29 130 NA NA 16 16 1 NA 2 12 18
"1777" 17 57 56 34 78 129 2 NA 16 12 NA NA 6 4 28
"1778" 18 34 59 36 49 135 NA NA 13 13 NA NA 8 14 21
"1779" 26 58 54 21 41 126 1 NA 18 16 1 NA 4 13 14
"1780" 19 61 56 36 68 173 NA NA 13 14 NA NA 1 4 20
"1781" 14 66 79 23 42 104 2 NA 26 15 1 NA 7 14 26
"1782" 14 47 53 35 65 114 NA NA 15 7 NA NA 6 12 24
"1783" 28 52 50 33 53 122 NA 1 14 10 NA NA 7 5 18
"1784" 14 60 61 37 51 137 NA NA 10 9 NA NA 6 7 28
"1785" 12 44 55 19 49 133 NA NA 22 10 NA NA 6 12 15
"1786" 14 43 59 38 48 136 1 1 20 10 1 NA 3 11 20
"1787" 5 47 75 19 69 128 4 NA 24 14 1 NA 7 12 29
"1788" 21 50 67 24 49 118 NA NA 9 9 NA NA 4 4 23
"1789" 21 57 61 31 43 109 NA NA 9 9 NA NA 6 5 17
"1790" 21 69 67 42 70 128 1 NA 26 10 1 NA 16 11 34
"1791" 21 69 61 43 67 118 NA NA 7 5 NA NA 5 6 18
"1792" 18 56 87 13 51 154 1 NA 14 14 NA NA 2 12 20
"1793" 18 64 65 26 60 131 1 NA 18 11 1 NA 7 12 16
"1794" 25 74 66 25 66 131 NA NA 23 22 NA NA 3 13 25
"1795" 31 57 60 39 58 122 NA NA 14 18 NA NA 5 9 21
"1796" 13 38 69 33 65 152 NA NA 15 14 1 NA 9 8 25
"1797" 20 65 68 53 102 171 NA NA 18 17 NA NA 2 4 28
"1798" 22 52 47 31 73 130 NA NA 14 7 NA NA 7 6 26
"1799" 26 68 82 30 67 141 NA NA 15 9 NA NA 10 10 31
"1800" 27 48 57 29 56 141 NA NA 14 14 NA NA 6 2 21
"1801" 28 45 60 25 46 102 NA NA 15 6 NA NA 9 19 25
"1802" 23 48 73 18 49 99 1 1 19 12 NA NA 6 9 20
"1803" 8 50 78 29 79 130 NA NA 11 13 1 NA 5 1 23
"1804" 11 45 64 21 52 124 1 NA 20 20 1 NA 7 8 28
"1805" 14 63 69 26 56 139 NA NA 27 14 NA NA 5 11 26
"1806" 14 68 58 28 41 142 NA NA 15 6 NA NA 2 12 12
"1807" 29 83 80 33 75 108 NA NA 19 8 1 NA 7 15 16
"1808" 24 49 71 45 69 128 5 NA 14 10 1 NA 3 3 24
"1809" 32 79 67 37 53 157 NA NA 7 12 NA NA 5 14 26
"1810" 27 65 51 39 67 104 1 1 12 10 2 NA 7 12 34
"1811" 23 26 57 46 56 147 NA NA 15 19 1 NA 3 9 24
"1812" 38 67 70 17 27 158 NA NA 28 6 NA 1 3 12 20
"1813" 22 37 58 35 67 112 NA NA 16 15 2 NA 7 6 29
"1814" 41 95 87 19 49 141 NA NA 21 9 NA NA 4 11 28
"1815" 31 63 57 33 64 120 1 NA 11 8 1 NA 1 12 22
"1816" 26 76 79 39 64 134 1 NA 21 19 NA NA 3 15 21
"1817" 32 69 81 37 71 158 1 NA 17 3 NA NA 3 11 29
"1818" 16 54 54 32 49 113 NA NA 18 4 NA NA 11 9 16
"1819" 10 44 60 32 47 119 NA NA 18 18 NA NA 7 14 19
"1820" 23 56 56 38 62 144 NA NA 12 19 NA NA 11 9 32
"1821" 10 31 56 30 33 129 3 NA 10 16 NA NA 9 9 27
"1822" 14 48 64 37 55 128 3 NA 14 8 NA NA 5 11 20
"1823" 6 37 66 26 42 114 NA NA 4 9 NA NA 7 4 26
"1824" 36 64 45 30 57 133 NA NA 14 16 NA NA 8 6 21
"1825" 18 67 91 25 43 114 NA NA 20 12 NA NA 8 5 11
"1826" 21 50 74 34 64 135 1 NA 16 13 1 NA 4 10 15
"1827" 20 55 61 24 61 125 2 NA 8 4 2 NA 3 6 15
"1828" 42 36 99 46 94 150 NA NA 14 20 NA NA 2 6 27
"1829" 23 72 69 30 54 94 1 1 14 6 1 NA 3 13 17
"1830" 10 49 64 13 57 122 1 1 19 7 1 1 6 8 15
"1831" 25 59 90 27 48 164 NA NA 9 9 NA NA 5 9 22
"1832" 19 50 68 44 72 155 NA NA 14 12 NA NA 7 14 25
"1833" 9 54 62 33 62 107 NA NA 13 11 2 NA 1 8 19
"1834" 35 91 92 31 66 138 1 NA 12 16 NA NA 8 8 27
"1835" 28 65 63 36 63 123 NA NA 11 7 1 NA 3 11 26
"1836" 30 49 77 25 59 117 2 NA 11 17 NA NA 2 8 12
"1837" 24 69 76 26 60 115 1 NA 14 7 1 NA 3 8 20
"1838" 28 59 63 35 52 148 1 NA 17 8 NA NA 4 12 13
"1839" 27 65 71 31 58 114 NA NA 14 7 NA NA 6 10 24
"1840" 18 20 75 30 68 135 4 NA 13 13 NA NA 6 14 27
"1841" 20 57 63 31 59 131 NA NA 11 11 NA NA 3 5 21
"1842" 17 59 58 29 66 123 NA NA 15 13 NA 1 3 13 17
"1843" 27 24 71 32 58 141 3 NA 14 13 NA NA 4 10 19
"1844" 27 82 65 19 44 147 NA NA 21 11 NA NA 10 11 24
"1845" 19 22 60 40 69 128 2 NA 7 10 NA NA 4 9 20
"1846" 19 69 77 37 32 111 1 NA 12 13 NA NA 5 5 18
"1847" 17 56 58 35 69 115 NA NA 21 12 1 NA 3 14 37
"1848" 25 68 84 41 76 124 1 NA 12 9 NA NA 3 9 21
"1849" 27 62 72 38 56 140 1 1 14 11 NA NA 6 4 31
"1850" 40 61 84 24 43 118 NA NA 6 5 NA NA 5 7 19
"1851" 23 60 47 30 62 135 4 NA 16 3 1 NA 1 10 17
"1852" 16 51 65 33 51 93 NA NA 17 13 NA NA 6 4 16
"1853" 16 59 66 20 57 108 NA NA 20 8 2 1 5 4 24
"1854" 21 49 55 35 22 124 NA NA 14 10 NA NA 9 7 16
"1855" 28 65 76 22 104 151 1 NA 18 10 1 NA 8 11 19
"1856" 18 43 72 9 30 114 NA NA 19 18 NA NA 6 5 22
"1857" 18 53 41 38 56 141 1 2 18 17 NA NA 3 15 26
"1858" 16 68 80 38 69 122 2 NA 12 5 NA NA 7 4 21
"1859" 17 40 47 27 52 118 NA NA 15 2 1 NA 7 10 32
"1860" 17 58 45 35 27 143 2 NA 16 5 1 NA 9 12 12
"1861" 18 50 63 50 55 123 NA NA 13 7 NA NA 4 11 17
"1862" 28 74 86 45 69 166 NA NA 19 20 1 NA 7 8 18
"1863" 24 50 58 27 79 111 NA NA 9 25 NA NA 6 7 15
"1864" 16 42 63 26 52 145 NA NA 19 7 NA NA 3 11 23
"1865" 21 67 65 23 44 133 NA 1 8 7 1 NA 9 11 16
"1866" 16 59 78 39 70 126 1 NA 23 12 NA NA 3 7 25
"1867" 25 57 64 27 59 121 NA NA 8 33 NA NA 11 10 22
"1868" 17 69 77 41 79 152 NA NA 18 16 NA NA 3 13 20
"1869" 9 41 46 20 56 140 NA NA 15 18 NA NA 2 9 26
"1870" 29 74 81 40 65 136 NA NA 16 7 NA NA 3 5 25
"1871" 23 53 68 31 54 131 NA NA 13 16 NA NA 3 8 19
"1872" 34 80 66 40 53 125 NA NA 16 7 1 NA 7 5 24
"1873" 38 48 79 21 58 102 NA NA 8 9 NA NA 2 9 18
"1874" 26 65 73 26 47 110 1 NA 16 21 2 NA 5 8 26
"1875" 30 70 58 35 49 134 1 NA 23 14 NA NA 7 8 24
"1876" 31 64 58 25 70 140 1 1 14 14 NA NA 6 11 17
"1877" 18 50 66 31 47 134 NA NA 12 11 NA NA 3 12 27
"1878" 25 41 81 37 69 123 NA NA 14 10 NA NA 3 8 11
"1879" 42 67 63 41 51 126 NA NA 11 11 NA NA 3 13 21
"1880" 30 62 91 37 65 128 1 NA 13 14 NA NA 5 9 27
"1881" 43 79 82 27 53 151 NA NA 9 13 3 NA 9 9 26
"1882" 33 73 73 38 66 140 NA NA 12 13 NA NA 4 13 12
"1883" 25 27 64 40 76 151 1 NA 13 19 NA NA 5 12 22
"1884" 20 58 72 27 61 132 NA 1 21 7 NA NA 9 7 15
"1885" 27 50 66 30 74 140 NA NA 23 12 NA NA 6 7 24
"1886" 20 46 63 29 59 134 NA NA 14 11 NA NA 8 12 19
"1887" 22 68 69 46 32 135 NA 1 15 11 2 NA 5 7 17
"1888" 29 56 62 43 59 116 NA NA 5 8 NA NA 1 4 20
"1889" 26 65 54 31 54 124 NA NA 11 8 NA NA 8 6 32
"1890" 17 40 73 28 86 136 NA NA 10 12 NA NA 1 13 21
"1891" 32 68 87 37 51 125 NA NA 9 10 1 NA 4 5 34
"1892" 22 45 66 34 63 115 1 NA 22 11 1 NA 7 7 27
"1893" 24 52 53 31 46 134 NA NA 15 12 NA NA 3 4 26
"1894" 33 83 75 42 50 144 NA NA 13 9 NA NA 3 7 18
"1895" 21 67 85 25 57 106 NA NA 11 14 NA NA 5 11 21
"1896" 29 63 54 30 61 121 1 1 14 5 1 NA 2 9 17
"1897" 16 53 58 33 55 136 NA 1 21 14 NA NA 1 4 28
"1898" 24 41 50 28 57 128 NA NA 10 13 2 1 10 8 27
"1899" 19 32 48 29 59 155 2 NA 15 11 NA NA 4 4 23
"1900" 17 57 54 25 46 126 NA NA 12 8 1 NA 3 10 37
"1901" 19 55 66 28 66 145 NA NA 17 13 1 NA 5 12 21
"1902" 22 72 68 15 47 145 1 NA 12 9 NA NA 7 15 31
"1903" 35 37 82 52 77 142 NA NA 18 22 NA NA 4 9 28
"1904" 18 56 65 36 58 146 NA 1 7 9 NA NA 2 7 32
"1905" 35 87 77 40 64 130 NA NA 9 7 NA NA 5 7 26
"1906" 9 31 55 23 57 129 NA NA 9 13 NA NA 9 13 33
"1907" 37 69 78 35 64 159 NA NA 16 7 NA NA 9 5 23
"1908" 31 59 64 35 84 151 NA NA 8 7 NA NA 7 7 12
"1909" 31 79 78 36 48 123 NA NA 13 8 NA NA 3 13 27
"1910" 35 86 90 40 75 146 NA NA 23 15 NA NA 3 12 12
"1911" 14 50 52 36 65 144 NA NA 21 17 1 NA 10 7 30
"1912" 25 57 70 31 61 158 NA NA 21 15 NA NA 2 9 22
"1913" 28 57 91 27 79 149 NA 1 28 10 NA NA 2 6 21
"1914" 8 47 57 32 60 130 NA NA 4 8 NA NA 6 10 26
"1915" 13 46 61 44 50 102 NA NA 6 30 NA NA 7 7 28
"1916" 24 49 72 25 64 130 2 1 3 12 NA 1 5 9 35
"1917" 19 54 62 36 58 125 1 NA 16 12 NA NA 7 10 31
"1918" 18 42 73 29 67 127 NA NA 22 9 NA NA 3 8 34
"1919" 19 53 68 29 56 132 NA NA 12 9 NA NA 7 5 20
"1920" 15 49 51 26 55 132 NA NA 16 15 NA NA 6 17 33
"1921" 20 61 76 23 41 128 NA NA 8 12 NA NA 7 10 21
"1922" 19 63 69 27 52 125 NA NA 13 7 NA 1 5 4 16
"1923" 13 63 70 22 62 153 NA NA 19 11 NA NA 6 9 26
"1924" 19 70 60 16 45 106 NA NA 9 9 NA NA 5 5 11
"1925" 28 42 58 43 54 128 1 NA 13 12 NA NA 9 6 28
"1926" 12 52 64 25 54 105 NA NA 14 12 NA NA 4 8 20
"1927" 19 60 75 20 58 113 NA NA 20 14 1 NA 9 13 22
"1928" 34 71 65 29 43 125 NA NA 21 7 NA NA 3 7 20
"1929" 14 55 61 27 60 108 NA NA 22 14 1 NA 9 7 27
"1930" 24 68 87 32 81 139 1 NA 18 9 1 NA 6 6 15
"1931" 21 58 64 33 48 132 1 NA 12 9 NA NA 8 8 22
"1932" 28 62 75 26 49 140 NA 1 14 18 NA NA 9 6 18
"1933" 20 52 61 26 49 120 NA NA 16 6 1 NA 3 12 22
"1934" 27 61 69 23 46 118 1 NA 5 12 NA NA 2 4 17
"1935" 14 31 41 16 49 148 2 NA 13 12 3 NA 5 12 27
"1936" 20 51 77 43 101 131 NA NA 10 14 NA NA 3 11 12
"1937" 24 67 88 34 58 126 2 1 13 12 1 NA 3 5 27
"1938" 6 35 52 29 45 122 1 NA 19 19 1 NA 18 10 12
"1939" 14 48 52 31 41 159 NA NA 13 10 1 NA 11 9 19
"1940" 35 82 61 46 75 133 NA NA 14 9 1 NA 5 4 21
"1941" 23 47 58 26 42 117 NA NA 12 12 1 NA 2 11 18
"1942" 18 38 41 23 44 107 NA NA 12 19 NA NA 4 21 28
"1943" 21 54 57 29 50 144 1 NA 20 9 NA NA 2 10 18
"1944" 17 43 75 31 59 132 NA NA 19 14 1 NA 3 12 23
"1945" 20 60 78 30 47 101 1 NA 19 5 NA NA 7 15 24
"1946" 28 53 71 32 55 124 2 NA 20 11 NA NA 13 11 26
"1947" 12 47 53 38 64 129 NA NA 13 9 1 NA 4 3 28
"1948" 31 63 83 16 73 125 1 NA 19 12 NA NA 6 4 15
"1949" 16 41 69 14 65 129 NA NA 15 11 1 4 7 10 17
"1950" 7 39 59 17 29 136 NA NA 17 6 NA NA 9 7 29
"1951" 25 56 68 26 39 115 NA 1 11 12 NA NA 1 11 23
"1952" 10 50 66 41 71 126 NA NA 6 22 NA NA 10 4 17
"1953" 17 63 77 15 57 108 1 NA 14 4 1 NA 1 13 18
"1954" 19 45 52 27 44 117 1 NA 15 8 NA 1 6 11 30
"1955" 35 85 65 38 58 132 1 NA 18 10 NA NA 6 11 37
"1956" 20 51 60 30 43 146 NA NA 10 9 1 NA 7 6 35
"1957" 16 43 66 20 48 94 NA NA 22 17 NA 1 6 16 38
"1958" 26 45 71 33 63 135 NA NA 19 14 1 NA 3 7 21
"1959" 28 59 55 38 45 136 NA NA 16 11 1 NA 9 6 15
"1960" 8 52 65 32 54 130 3 1 12 15 NA NA 7 8 16
"1961" 42 64 54 36 56 115 NA NA 14 6 NA NA 8 4 26
"1962" 14 51 72 39 69 138 NA NA 11 6 NA NA 7 3 17
"1963" 14 56 56 37 43 154 NA NA 17 11 NA NA 9 5 23
"1964" 15 39 69 35 73 119 NA 1 11 16 NA NA 5 10 22
"1965" 35 58 88 15 50 111 1 NA 14 11 NA NA 5 5 15
"1966" 31 61 81 32 70 134 NA NA 19 7 1 NA 8 6 18
"1967" 18 54 56 37 54 125 NA NA 18 19 NA NA 10 12 20
"1968" 16 45 64 32 77 149 NA 1 11 20 NA NA 3 13 25
"1969" 14 20 55 35 69 128 NA NA 23 7 2 NA 6 11 19
"1970" 17 37 76 25 66 145 NA NA 8 14 NA NA 3 10 17
"1971" 16 53 62 40 57 151 NA NA 12 10 NA NA 7 10 21
"1972" 34 77 77 27 60 148 1 NA 15 11 NA NA 4 5 29
"1973" 23 73 62 29 44 139 1 NA 7 5 NA NA 12 9 20
"1974" 20 57 71 30 54 151 NA NA 22 13 1 1 3 9 28
"1975" 18 60 72 33 59 156 NA 1 13 16 NA NA 9 10 17
"1976" 23 61 59 46 79 123 1 1 14 14 NA NA 9 7 16
"1977" 16 49 59 32 62 134 1 2 18 13 NA 1 4 10 23
"1978" 26 60 63 18 59 145 NA NA 13 3 NA NA 1 7 25
"1979" 22 68 93 39 68 150 NA 1 20 15 NA NA 12 9 23
"1980" 24 68 76 27 52 122 NA 1 21 10 NA NA 10 7 22
"1981" 13 58 40 42 42 124 NA NA 14 12 NA NA 9 6 24
"1982" 19 61 66 49 44 107 1 NA 18 7 NA NA 6 7 24
"1983" 16 41 63 40 84 161 1 NA 19 9 1 NA 5 5 26
"1984" 21 53 61 25 55 121 1 NA 14 15 NA NA 10 3 22
"1985" 19 56 61 43 67 126 NA NA 23 5 1 NA 8 8 23
"1986" 16 26 85 40 58 122 NA NA 14 3 NA NA 5 11 26
"1987" 15 46 64 24 55 136 NA NA 12 21 NA NA 4 5 31
"1988" 24 61 71 46 62 131 1 NA 17 7 NA NA 7 17 25
"1989" 27 50 63 28 61 131 1 NA 14 13 1 NA 13 7 13
"1990" 16 58 70 23 57 131 NA NA 13 7 NA NA 7 8 18
"1991" 12 56 57 27 50 144 NA 1 12 11 1 NA 8 6 18
"1992" 15 68 57 43 68 144 1 NA 7 11 1 NA 9 8 35
"1993" 33 62 65 16 55 129 NA NA 15 13 2 NA 2 5 24
"1994" 30 73 73 32 54 113 NA NA 15 13 NA NA 5 9 26
"1995" 17 46 67 21 50 115 1 1 13 17 NA NA 7 3 21
"1996" 24 65 72 30 47 137 NA NA 15 3 NA NA 4 9 18
"1997" 18 48 54 25 77 122 NA NA 12 10 1 NA 1 8 23
"1998" 12 54 77 23 57 120 NA NA 22 10 NA NA 9 9 27
"1999" 8 40 46 16 40 124 1 NA 9 10 NA NA 9 13 25
"2000" 17 63 67 21 47 127 NA NA 7 9 NA NA 1 11 29
