"kdkd" "kukd" "kuku" "pkd" "pku" "pp" "tdkd" "tdku" "tdp" "tdtd" "tukd" "tup" "tutd" "tutu" "tuku"
37 116 375 102 313 431 15 17 89 13 11 18 20 73 NA
39 134 313 83 284 472 16 7 69 12 5 12 16 70 NA
45 144 333 100 287 455 9 7 76 23 7 34 11 88 NA
35 115 341 93 273 499 3 11 68 12 6 11 17 70 1
57 135 320 78 284 459 15 7 61 7 8 35 10 60 NA
24 69 262 72 214 495 11 2 71 17 11 37 13 108 NA
50 138 392 100 293 443 14 3 35 8 8 21 14 68 NA
36 122 287 70 247 446 14 5 41 11 9 28 9 77 1
57 135 311 103 288 527 21 6 89 10 11 36 15 75 NA
49 121 279 92 282 503 11 6 60 19 4 22 8 54 NA
35 96 323 72 247 430 3 5 53 26 7 31 14 62 1
42 99 323 99 292 436 3 4 54 26 9 21 10 74 NA
42 110 332 89 245 411 10 4 68 12 10 25 17 71 NA
15 95 281 78 240 472 9 14 60 17 5 27 15 62 NA
21 122 338 93 257 498 9 5 55 22 7 19 13 57 NA
32 134 370 93 331 482 26 17 51 15 11 31 16 66 NA
28 108 300 77 278 451 4 15 59 20 3 21 11 76 1
36 97 292 83 243 467 8 14 64 11 11 27 8 69 NA
35 94 286 87 251 449 4 10 64 18 9 22 16 81 NA
21 101 301 114 289 497 7 11 58 16 5 25 14 76 NA
34 107 349 83 234 500 14 7 58 15 8 27 9 72 NA
37 113 328 82 253 491 10 8 66 21 11 21 8 61 1
32 121 338 72 273 480 8 11 77 16 11 20 16 76 NA
32 117 305 73 256 454 3 12 61 14 7 11 7 54 NA
37 110 322 68 233 507 16 13 64 14 16 17 7 70 NA
22 89 298 71 321 500 8 4 55 22 8 20 23 82 NA
52 111 304 93 294 457 9 2 64 16 12 22 17 72 NA
49 123 308 72 284 430 12 5 64 10 9 22 14 78 NA
29 94 286 93 201 397 2 5 60 20 4 26 11 67 NA
46 117 313 75 253 443 4 3 61 17 7 19 12 65 NA
43 102 308 73 268 447 9 7 69 18 7 27 21 59 NA
51 114 325 73 262 486 7 18 55 15 14 26 8 80 NA
34 142 346 97 306 470 6 14 63 20 11 31 27 61 NA
46 112 295 78 249 481 14 7 53 8 12 18 17 63 NA
29 95 294 74 191 454 15 5 53 17 6 34 12 72 NA
34 114 345 79 263 498 14 11 61 18 8 26 18 45 1
46 109 330 73 298 465 12 11 73 18 8 35 21 82 NA
12 103 384 57 271 451 11 8 56 24 10 18 15 65 1
25 104 333 74 275 467 7 10 72 8 3 28 17 68 NA
55 147 338 108 274 450 6 19 91 15 10 22 11 67 NA
33 116 293 90 259 460 9 14 49 17 9 23 19 59 NA
34 38 288 83 230 462 5 2 68 17 7 33 20 66 NA
32 105 330 84 256 485 14 5 70 16 12 28 17 72 NA
36 88 279 72 278 469 10 4 57 11 3 28 17 72 NA
39 98 279 91 264 454 11 22 70 14 6 23 21 67 NA
49 85 303 103 296 503 16 8 71 17 9 21 7 99 NA
19 98 276 81 279 457 14 6 67 14 6 13 15 72 NA
60 111 307 105 246 422 10 8 55 17 9 32 12 47 NA
24 97 318 68 266 504 17 6 66 17 12 26 11 62 1
13 99 339 83 276 511 13 16 55 13 7 38 6 77 NA
35 106 357 80 346 583 5 5 77 18 8 28 11 69 NA
20 94 345 55 300 455 16 13 74 31 17 22 9 75 NA
33 106 285 85 260 452 9 22 77 10 6 21 10 88 NA
30 105 365 82 321 457 6 12 87 17 5 39 11 72 1
61 138 286 80 236 440 8 5 69 15 7 26 13 94 NA
39 86 318 79 321 495 15 16 55 15 21 32 14 82 NA
24 112 284 69 287 443 5 5 77 11 7 26 24 68 1
40 78 279 50 241 449 4 11 73 12 2 24 14 86 NA
48 116 316 83 226 503 5 6 59 17 11 31 10 81 NA
26 93 303 88 236 493 9 3 52 17 5 32 17 66 NA
71 99 328 41 260 466 11 14 82 10 7 27 9 59 NA
24 109 354 77 223 468 17 8 59 5 5 27 11 61 NA
34 120 301 89 285 525 14 7 56 16 7 29 9 55 1
23 91 310 71 299 477 20 5 99 23 7 35 22 65 NA
59 102 329 81 286 490 3 5 43 12 8 22 8 79 1
60 103 274 92 273 496 8 9 68 14 6 24 12 70 NA
32 112 286 94 231 427 9 6 75 14 11 20 16 57 NA
19 104 326 95 272 449 17 13 49 15 7 31 12 66 NA
27 80 301 77 277 472 17 13 61 8 11 24 22 83 NA
33 88 314 79 258 484 18 14 66 18 13 28 16 68 NA
28 106 279 99 262 430 12 8 74 18 9 22 19 87 NA
51 119 331 87 291 486 14 4 70 10 15 35 22 77 NA
48 117 335 97 310 453 2 6 77 12 12 26 13 75 NA
39 121 316 84 236 488 12 10 82 22 6 29 20 72 NA
47 93 297 90 240 494 20 8 76 27 13 37 10 63 NA
46 48 261 68 232 498 4 2 61 14 6 11 11 69 NA
22 101 284 83 261 444 15 NA 36 29 7 21 15 84 NA
39 101 336 68 329 512 7 3 62 11 5 26 7 55 NA
33 107 314 88 268 471 4 17 56 19 10 25 13 82 NA
42 118 345 87 241 451 7 11 74 13 4 23 15 88 NA
23 122 314 86 267 493 6 7 57 21 5 27 13 86 NA
30 117 311 97 284 500 9 2 62 16 19 25 14 74 NA
26 87 314 81 275 494 12 9 55 16 4 24 27 99 NA
23 107 282 71 260 448 12 7 35 31 12 20 9 63 NA
33 120 342 89 313 469 20 9 70 10 7 21 13 55 NA
37 91 347 75 235 454 9 16 83 10 12 20 10 76 NA
25 118 324 75 311 464 3 8 64 21 5 23 14 68 NA
39 121 344 88 255 482 14 1 61 12 6 20 17 71 NA
46 92 269 87 250 476 12 6 88 20 17 30 12 72 NA
38 101 374 75 240 455 7 17 66 12 9 14 16 67 NA
26 97 243 79 253 465 7 16 90 19 9 18 15 75 NA
31 121 308 83 268 462 9 10 64 9 4 29 16 73 NA
50 125 298 78 232 463 13 7 91 21 4 23 16 71 NA
52 131 310 75 326 501 5 12 54 29 7 30 19 59 NA
24 113 317 62 219 493 9 5 44 17 9 21 11 57 NA
32 106 305 99 348 573 8 3 68 9 8 36 13 79 NA
25 102 293 83 247 475 9 11 52 16 10 24 19 59 NA
35 96 356 78 293 462 7 7 54 23 6 15 19 61 1
24 83 292 87 320 495 6 8 65 9 11 40 18 74 NA
29 117 348 78 247 511 21 3 37 11 9 24 18 65 NA
