"kdkd" "kukd" "kuku" "pkd" "pku" "pp" "tdkd" "tdku" "tdp" "tdtd" "tukd" "tuku" "tup" "tutd" "tutu"
53 173 993 379 1242 4345 54 20 571 173 94 1 405 73 2454
50 183 1016 438 1253 4310 30 14 490 154 86 NA 320 94 2340
49 183 1029 420 1367 4200 31 26 544 212 88 1 392 83 2450
61 143 1058 393 1219 4404 76 27 552 151 119 NA 504 76 2595
88 192 1004 390 1219 4184 34 35 519 112 91 1 388 87 2580
27 166 969 441 1200 4306 47 23 530 77 85 NA 407 78 2366
39 209 1063 433 1344 4288 58 42 534 224 104 NA 373 90 2548
39 215 946 436 1181 4390 69 27 544 136 90 NA 395 80 2463
56 208 995 407 1209 4358 82 32 525 190 104 NA 435 74 2610
65 196 1022 470 1276 4462 49 13 559 132 85 1 389 102 2654
49 195 1035 489 1219 4248 61 39 536 187 98 4 382 77 2492
42 173 962 420 1309 4429 57 43 606 162 99 NA 397 88 2438
33 184 924 419 1293 4454 112 25 570 102 92 6 348 85 2397
36 197 942 385 1204 4345 33 34 579 84 89 1 400 92 2583
51 188 984 423 1311 4309 38 37 537 225 39 NA 328 92 2544
66 221 948 418 1167 4170 81 42 567 127 87 1 402 62 2431
43 168 937 387 1245 4555 87 35 603 173 92 1 378 74 2403
56 172 930 461 1257 4488 42 25 581 123 39 2 410 59 2550
18 175 969 404 1159 4430 49 49 518 192 69 3 409 84 2619
19 185 975 447 1161 4229 57 21 535 105 94 1 363 104 2699
27 209 1066 432 1192 4523 61 51 578 223 95 NA 209 87 2533
37 187 1107 440 1317 4474 42 30 542 181 110 NA 382 79 2539
39 167 986 376 1268 4398 36 57 554 197 89 1 377 64 2599
72 211 969 391 1140 4418 49 13 539 223 81 1 374 97 2449
45 176 993 442 1332 4523 45 34 646 182 96 NA 409 80 2419
60 186 1145 404 1311 4471 33 36 556 130 103 NA 405 74 2516
68 188 961 436 1229 4334 68 27 583 130 106 NA 358 101 2588
84 173 971 469 1312 4310 72 47 566 142 93 NA 424 87 2464
48 210 956 366 1260 4486 60 20 536 128 73 NA 382 80 2601
53 202 964 419 1212 4346 35 16 555 93 79 2 430 102 2429
20 197 966 201 1294 4445 40 19 466 148 87 NA 374 75 2455
71 175 1001 407 1153 4420 17 34 563 104 117 3 426 74 2446
38 205 1011 465 1335 4449 66 25 529 151 100 NA 355 29 2573
77 196 1064 436 1258 4235 41 26 608 108 94 1 397 96 2413
50 229 974 412 1209 4257 51 46 626 144 32 1 413 48 2333
39 205 997 465 1299 4480 64 26 604 133 84 NA 444 95 2371
36 208 995 401 1237 4292 41 32 615 147 96 2 398 89 2434
22 217 1002 399 1364 4241 67 27 530 195 107 NA 414 77 2313
81 212 1011 426 1277 4257 76 44 563 162 104 NA 406 97 2647
40 216 1006 426 1155 4388 34 27 571 100 92 1 420 91 2468
53 199 1041 385 1130 4246 38 50 533 132 86 NA 379 80 2425
51 220 1085 400 1073 4327 59 33 620 123 95 2 386 104 2403
32 186 964 400 1198 4300 39 32 505 159 83 NA 338 81 2666
48 167 944 336 1275 4389 35 30 534 141 90 1 386 60 2569
55 195 882 462 1332 4409 40 28 510 99 102 NA 362 80 2452
74 154 920 434 1236 4459 28 36 555 116 88 2 376 78 2729
44 213 1010 449 1288 4452 33 26 551 126 94 1 386 112 2726
34 195 1006 410 1330 4317 56 37 524 127 111 1 379 86 2419
60 220 944 383 1275 4451 18 19 517 115 84 NA 466 114 2596
45 189 1011 409 1235 4304 64 36 569 164 77 1 424 100 2320
47 193 1028 411 1303 4512 55 23 575 179 87 1 355 78 2590
74 204 1026 431 1399 4398 53 32 574 122 83 NA 442 89 2546
66 107 926 416 1161 4317 48 27 492 127 103 3 420 86 2531
42 175 1022 468 1276 4461 50 37 572 102 87 1 385 98 2377
13 178 951 424 1187 4465 40 29 523 165 82 NA 368 89 2567
55 181 1045 406 1373 4415 53 34 578 195 78 1 370 88 2464
24 100 984 396 1341 4320 40 40 511 226 96 NA 332 83 2549
97 171 974 418 1241 4502 32 38 543 197 110 1 369 93 2631
42 162 916 389 1216 4419 42 24 611 104 117 NA 398 93 2401
52 197 984 423 1232 4324 70 34 510 133 82 1 378 110 2503
51 188 1008 464 1135 4397 81 15 562 125 92 6 413 72 2562
43 206 1068 366 1293 4294 55 15 574 157 82 5 393 87 2552
45 181 926 410 1183 4375 53 23 585 146 98 4 387 85 2484
49 193 979 400 1278 4481 52 42 520 129 85 2 409 109 2554
28 186 1073 398 1243 4328 52 40 575 100 38 NA 196 94 2495
38 165 969 389 1202 4476 40 36 551 77 84 NA 409 113 2633
35 168 924 422 1245 4232 53 36 563 163 87 NA 362 91 2621
39 91 866 456 1211 4371 62 40 515 106 93 1 348 98 2387
56 247 942 485 1280 4336 93 24 554 149 109 1 413 84 2622
27 193 1008 401 1249 4402 67 42 554 107 95 1 399 37 2597
44 194 983 389 1232 4429 56 19 525 141 86 2 391 87 2416
55 210 927 394 1232 4343 55 29 543 177 91 1 403 100 2455
52 152 943 404 1275 4295 49 28 608 167 104 1 418 98 2528
86 230 989 409 1314 4606 51 33 488 121 77 3 434 99 2517
60 227 948 365 1247 4393 54 46 547 175 89 NA 438 82 2448
59 155 1010 393 1210 4206 39 33 586 143 89 NA 359 93 2587
56 204 1043 399 1215 4330 38 19 533 166 98 2 403 58 2460
42 167 1051 422 1368 4625 31 35 566 117 96 NA 355 60 2548
42 185 1018 448 1315 4464 47 36 583 164 80 2 373 103 2433
39 191 928 447 1201 4340 35 32 593 207 83 1 392 69 2431
41 205 1009 398 1225 4457 44 41 528 94 79 1 408 85 2535
57 152 1015 407 1263 4272 75 38 559 170 100 1 367 71 2543
39 184 922 398 1130 4369 48 11 516 160 94 NA 399 72 2476
50 183 985 425 1356 4319 48 26 593 86 73 3 417 85 2595
66 92 1001 471 1237 4364 29 35 621 127 90 1 377 88 2630
35 184 957 389 1262 4483 76 31 560 101 75 1 388 75 2516
31 205 1069 393 1271 4377 59 22 612 81 68 1 415 97 2597
83 189 1105 485 1366 4431 33 25 552 140 75 3 358 76 2600
61 210 1141 399 1326 4390 53 26 563 124 86 1 403 46 2509
29 206 1059 387 1277 4255 55 17 543 119 103 1 389 63 2458
32 184 957 411 1279 4368 67 13 588 115 64 NA 418 80 2511
58 163 940 395 1219 4380 61 46 588 183 57 3 413 67 2497
71 189 1052 469 1382 4367 54 32 609 84 87 NA 372 97 2449
43 204 977 452 1307 4411 63 27 554 114 71 3 374 71 2461
74 219 1061 415 1455 4477 90 37 547 159 87 NA 366 80 2350
27 170 988 416 1204 4315 49 30 584 88 76 3 374 81 2550
38 198 978 433 1150 4415 32 34 494 77 99 3 431 88 2421
49 192 958 368 1161 4302 94 36 583 167 73 NA 361 103 2497
18 168 952 370 1193 4508 89 26 615 195 70 1 375 104 2558
38 168 983 371 1261 4396 33 34 544 135 80 NA 405 90 2604
