"kdkd" "kukd" "kuku" "pkd" "pku" "pp" "tdkd" "tdku" "tdp" "tdtd" "tukd" "tuku" "tup" "tutd" "tutu"
221 486 2365 1044 2592 18636 98 83 1282 239 140 2 689 146 5549
233 465 2313 1053 2541 18698 93 82 1258 263 129 2 348 147 5476
230 472 2357 1037 2556 18662 97 79 1255 253 135 2 667 142 5449
219 477 2342 1035 2584 18719 91 75 1275 236 140 1 681 146 5501
216 482 2308 1057 2551 18665 111 79 1259 240 138 1 694 147 5428
220 476 2340 1065 2553 18614 114 83 1289 252 132 1 691 144 5459
219 475 2353 1045 2568 18646 92 78 1272 233 137 1 690 142 5512
218 484 2321 1059 2545 18621 103 77 1280 242 134 1 686 139 5474
217 467 2312 1047 2522 18696 89 78 1266 244 136 1 680 138 5477
232 481 2330 1069 2556 18649 90 81 1267 271 133 1 681 146 5480
216 464 2316 1050 2518 18669 92 81 1272 247 137 2 683 150 5461
240 486 2324 1058 2543 18643 94 82 1288 244 140 2 690 140 5485
218 470 2333 1037 2563 18633 48 81 1273 245 121 1 689 142 5463
223 461 2316 1049 2527 18647 92 78 1257 251 131 2 683 147 5500
214 461 2329 1038 2568 18659 101 79 1266 251 137 1 698 149 5412
214 465 2325 1048 2544 18549 101 78 1272 236 141 1 680 140 5546
227 469 2326 1047 2557 18601 93 75 1272 235 142 1 683 141 5471
234 480 2320 1033 2520 18654 92 77 1279 260 134 1 685 146 5496
189 454 2317 1009 2542 18611 91 85 1282 253 134 1 700 141 5452
223 480 2319 1080 2534 18679 99 81 1271 257 134 1 675 146 5474
214 466 2326 1034 2556 18712 101 84 1275 242 137 1 678 155 5482
216 482 2338 1057 2558 18630 92 78 1268 273 135 1 720 149 5417
223 484 2311 1045 2524 18665 91 78 1292 255 140 1 680 138 5526
215 489 2364 1057 2606 18730 109 79 1242 251 138 1 692 141 5436
225 479 2342 1049 2557 18639 95 81 1296 245 129 1 660 142 5504
219 471 2324 1048 2559 18701 47 81 1275 241 135 1 683 141 5493
220 471 2310 1028 2528 18705 99 78 1282 247 135 2 691 141 5495
237 479 2331 1068 2567 18642 98 82 1261 275 138 2 690 148 5482
220 477 2305 1065 2536 18586 94 79 1278 283 138 1 674 141 5449
225 476 2302 1042 2543 18625 94 81 1253 271 138 1 688 146 5389
237 470 2344 1053 2547 18594 89 83 1280 251 133 1 686 145 5522
220 465 2331 1037 2577 18623 98 83 1273 248 129 3 666 153 5501
225 473 2346 1043 2588 18689 90 81 1274 239 130 1 671 139 5504
224 472 2342 1086 2548 18705 96 86 1286 281 138 2 668 151 5501
217 478 2336 1029 2559 18713 90 83 1289 271 134 1 692 153 5469
216 476 2306 1050 2536 18641 93 84 1275 244 130 1 671 147 5498
214 458 2316 1034 2528 18619 100 82 1242 240 137 1 694 141 5502
215 487 2337 1053 2575 18584 97 81 1275 242 132 1 682 142 5538
221 481 2325 1063 2565 18593 93 80 1261 243 137 1 688 146 5428
196 468 2308 1033 2543 18573 97 83 1286 255 144 1 690 152 5484
216 472 2339 1055 2581 18712 49 78 1254 244 139 1 705 139 5530
219 469 2317 1064 2541 18619 96 80 1273 281 144 1 697 73 5459
222 472 2333 1069 2553 18585 96 78 1291 245 140 1 697 143 5522
225 477 2338 1048 2573 18665 93 77 1263 240 128 1 693 145 5514
220 470 2337 1052 2568 18755 93 83 1273 245 152 1 685 141 5486
219 473 2328 1061 2565 18630 93 80 1283 271 155 2 694 144 5459
241 477 2334 1068 2548 18690 98 80 1267 238 135 2 683 140 5503
214 463 2322 1061 2528 18553 97 78 1286 233 127 1 676 145 5460
220 465 2340 1036 2557 18682 93 78 1291 249 127 1 678 148 5427
224 465 2297 1044 2524 18729 96 78 1284 241 133 1 707 143 5472
221 470 2348 1043 2555 18618 92 78 1266 251 134 1 688 145 5466
221 474 2336 1033 2554 18555 92 79 1264 194 135 1 687 145 5495
223 473 2334 1056 2545 18611 90 82 1265 250 127 1 669 147 5462
204 473 2351 1035 2563 18647 93 85 1282 244 129 3 669 152 5461
215 467 2321 1052 2516 18638 89 79 1280 261 140 1 694 148 5464
215 477 2352 1056 2561 18640 91 85 1275 249 142 1 707 142 5500
243 488 2337 1066 2559 18713 99 85 1287 247 133 2 678 141 5466
231 474 2336 1050 2574 18653 91 82 1290 240 142 4 711 140 5491
215 469 2303 1047 2522 18679 47 78 1297 237 135 1 692 146 5456
227 480 2302 1056 2547 18643 91 79 1273 252 128 1 710 153 5527
220 478 2334 1022 2542 18701 92 82 1251 265 145 1 688 139 5452
220 467 2332 1046 2577 18584 45 80 1291 249 134 1 677 146 5412
217 471 2321 1037 2545 18610 92 78 1274 239 131 1 705 146 5535
222 477 2323 1035 2546 18722 53 80 1273 245 145 1 684 147 5404
225 475 2355 1031 2575 18623 114 81 1283 243 133 4 694 145 5479
231 475 2357 1040 2571 18705 93 80 1286 236 130 1 691 143 5478
220 466 2352 1040 2577 18619 50 83 1273 292 127 2 674 145 5513
216 464 2359 1054 2604 18746 116 82 1271 240 136 1 702 138 5508
220 468 2317 1031 2523 18590 96 82 1280 293 134 1 693 148 5466
219 476 2333 1050 2538 18599 89 80 1252 258 132 2 689 142 5489
219 477 2339 1043 2559 18613 93 80 1287 241 143 1 695 145 5446
218 472 2367 1041 2568 18604 94 80 1279 236 136 3 701 143 5536
221 487 2324 1049 2539 18613 97 81 1265 239 129 1 684 140 5466
218 465 2317 1022 2552 18642 91 80 1271 245 135 1 674 147 5458
214 468 2336 1038 2562 18557 97 79 1280 262 128 1 689 142 5410
249 488 2344 1077 2571 18693 106 83 1275 244 142 1 709 151 5494
222 471 2302 1025 2502 18625 96 82 1261 235 136 1 675 150 5504
221 466 2350 1030 2583 18704 94 83 1289 237 143 1 705 141 5503
216 458 2342 1040 2586 18663 91 82 1291 266 141 1 682 145 5419
224 476 2311 1046 2529 18704 90 82 1300 275 135 1 689 140 5556
228 460 2329 1038 2534 18725 88 82 1271 241 141 2 675 141 5509
215 473 2338 1040 2557 18654 87 80 1268 227 135 3 698 156 5541
216 467 2308 1035 2515 18655 90 80 1281 233 131 2 690 151 5471
222 477 2352 1074 2564 18662 96 82 1293 259 143 1 674 140 5419
225 458 2337 1042 2547 18663 98 79 1277 243 141 1 688 147 5456
217 472 2287 1045 2525 18626 95 80 1275 253 124 1 674 142 5470
228 481 2324 1039 2534 18703 93 80 1291 244 143 1 696 146 5514
219 468 2297 1059 2501 18630 44 79 1300 259 139 1 678 146 5461
219 476 2319 1035 2530 18650 49 80 1289 258 135 1 337 149 5493
217 473 2348 1047 2575 18648 97 82 1273 242 130 1 687 145 5504
215 470 2327 1039 2546 18713 89 81 1259 270 137 1 701 144 5458
218 465 2309 1056 2522 18622 89 76 1253 239 132 1 679 143 5411
220 479 2348 1064 2581 18621 102 82 1273 234 138 1 678 145 5444
234 485 2326 1056 2555 18625 92 81 1292 248 137 1 681 143 5488
218 475 2299 1038 2530 18643 94 85 1270 256 140 1 675 142 5444
229 466 2315 1059 2548 18712 92 79 1272 258 132 1 677 141 5425
223 468 2322 1048 2542 18643 129 79 1306 264 131 1 696 139 5427
214 463 2323 1032 2537 18637 93 81 1284 261 132 1 679 149 5458
221 473 2324 1055 2539 18664 92 79 1271 252 133 1 693 141 5480
218 477 2351 1047 2552 18660 95 81 1269 258 135 1 693 150 5454
