"kdkd" "kukd" "kuku" "pkd" "pku" "pp" "tdkd" "tdku" "tdp" "tdtd" "tukd" "tuku" "tup" "tutd" "tutu"
18 102 606 217 685 2773 40 21 368 66 77 1 240 49 1540
31 145 666 268 806 2750 55 24 328 59 52 NA 258 46 1606
54 100 633 227 817 2769 34 16 333 121 24 1 264 49 1541
47 144 609 267 734 2653 43 21 276 108 41 NA 276 35 1519
12 131 630 288 839 2713 9 21 378 112 38 NA 238 26 1638
51 133 636 224 746 2700 29 17 324 107 60 4 249 56 1564
48 109 634 283 742 2718 41 24 340 64 55 NA 259 70 1601
41 140 636 278 734 2785 53 8 330 85 52 NA 253 44 1619
28 120 600 243 798 2731 20 17 305 123 53 1 260 36 1630
24 108 696 241 911 2663 24 17 335 90 59 1 240 56 1480
38 121 600 293 804 2705 31 23 291 78 28 1 234 68 1532
29 93 680 271 821 2831 43 10 424 87 52 2 280 65 1627
29 128 642 238 773 2646 24 15 318 108 53 1 272 53 1513
43 128 582 276 743 2832 24 13 346 63 51 1 233 47 1621
38 123 575 269 763 2722 29 18 317 53 58 2 296 58 1659
59 87 640 233 781 2762 55 13 334 46 49 NA 250 47 1541
37 113 549 325 839 2678 16 14 343 91 59 NA 271 58 1718
36 109 705 285 902 2811 31 19 393 71 61 NA 247 55 1699
36 127 615 252 697 2733 27 20 344 100 55 2 235 53 1533
10 75 591 231 714 2665 40 26 370 65 45 1 221 51 1567
26 91 618 229 791 2682 15 22 340 80 52 NA 220 32 1584
45 120 580 242 794 2744 31 36 321 114 39 1 253 67 1491
11 115 676 225 788 2731 41 12 350 94 48 NA 245 57 1515
36 127 550 275 707 2796 22 7 326 90 49 NA 267 57 1545
20 130 624 267 773 2717 25 35 321 82 53 NA 236 58 1557
41 127 660 290 802 2821 29 33 335 72 58 NA 274 71 1684
44 93 564 250 741 2591 36 15 346 83 56 2 235 82 1639
37 121 554 248 739 2690 31 20 346 55 58 NA 244 52 1575
21 113 636 225 833 2750 34 17 356 77 58 1 250 48 1599
27 91 602 253 746 2683 30 32 367 65 48 NA 235 49 1693
18 132 656 297 815 2713 33 20 337 77 58 NA 263 59 1502
20 97 669 226 813 2725 40 18 368 79 48 NA 270 34 1591
33 130 598 275 805 2759 33 23 361 98 44 NA 259 45 1541
43 120 610 249 741 2801 8 25 334 85 50 1 238 59 1582
33 117 607 266 849 2831 33 27 362 33 49 1 246 25 1522
16 137 600 244 759 2807 46 23 353 71 63 1 221 54 1545
45 108 590 244 768 2739 23 28 296 127 44 NA 279 51 1545
16 113 606 261 724 2655 28 13 361 74 59 1 226 26 1671
30 111 623 261 736 2707 9 7 391 113 65 2 257 48 1533
48 121 630 258 796 2799 53 23 331 31 59 NA 228 60 1585
44 139 617 228 737 2736 17 16 319 64 57 3 206 52 1577
36 132 576 292 743 2858 14 15 371 100 44 1 250 44 1602
57 133 611 275 793 2867 40 28 344 104 69 1 217 49 1594
38 114 577 246 802 2697 19 9 333 85 39 NA 237 75 1625
41 118 606 256 841 2825 37 22 377 124 62 NA 265 49 1520
12 113 600 246 755 2749 29 22 317 76 51 2 255 56 1620
21 110 602 243 825 2788 18 13 322 85 61 NA 265 43 1565
32 117 641 244 787 2782 32 29 361 173 52 NA 272 49 1490
34 99 643 255 782 2645 27 23 289 86 50 1 257 45 1661
36 109 612 219 791 2812 16 14 309 91 59 NA 276 45 1630
35 132 688 289 881 2861 21 13 367 71 53 1 247 45 1641
34 106 604 236 717 2750 57 17 342 70 53 1 266 47 1576
27 105 549 264 725 2921 48 16 375 74 52 1 287 50 1594
20 97 631 246 811 2788 42 6 329 49 61 1 237 35 1556
23 109 580 237 793 2715 24 23 373 106 62 NA 233 45 1577
42 130 639 284 764 2798 33 20 375 65 71 NA 240 41 1713
19 123 717 218 746 2906 28 15 333 124 37 NA 225 40 1533
41 127 592 248 785 2831 5 6 335 101 67 NA 214 42 1495
23 124 675 272 860 2874 65 24 332 58 60 NA 213 53 1522
21 102 630 254 788 2784 38 26 331 66 46 NA 243 45 1567
9 103 634 231 728 2836 13 24 341 88 57 NA 239 43 1569
15 46 606 247 822 2706 39 31 378 66 56 2 218 53 1678
48 80 506 255 697 2683 19 8 326 105 62 NA 260 73 1546
18 110 685 257 836 2757 29 14 322 120 54 NA 243 48 1552
10 104 671 255 746 2721 25 14 384 78 58 2 268 60 1533
45 126 660 245 872 2701 67 19 351 76 50 NA 227 43 1541
20 97 594 245 743 2711 23 11 332 82 36 1 245 44 1466
42 123 640 311 816 2820 24 24 367 93 48 NA 258 69 1583
7 106 665 203 756 2672 43 33 334 75 57 NA 277 47 1549
52 151 654 257 715 2709 40 30 351 151 42 1 220 54 1611
34 119 577 267 813 2789 19 16 348 109 50 1 257 68 1613
21 138 659 264 831 2648 15 17 384 97 48 2 288 51 1623
20 129 611 324 791 2729 32 13 308 94 65 1 248 57 1582
26 140 639 265 745 2703 34 24 326 95 58 NA 287 61 1583
7 109 626 272 412 2823 25 24 302 94 48 NA 240 43 1534
36 134 717 253 814 2750 27 10 318 46 54 NA 204 62 1601
30 119 634 287 766 2716 32 20 335 155 78 NA 256 44 1487
27 115 625 258 741 2821 26 17 369 154 50 1 233 51 1517
28 116 598 261 801 2767 31 32 357 101 52 NA 247 33 1574
15 126 669 252 768 2697 39 23 289 69 44 NA 266 54 1627
33 127 651 269 762 2791 30 12 343 59 55 NA 230 71 1622
56 139 651 275 745 2708 47 14 349 67 63 2 247 57 1579
27 111 561 249 698 2756 24 12 303 122 51 NA 198 75 1563
52 108 598 262 753 2782 22 22 358 139 63 NA 233 53 1536
18 106 568 225 345 2603 14 16 324 87 65 1 243 62 1502
24 130 662 256 751 2608 16 21 341 90 41 1 220 51 1535
10 120 594 257 693 2660 22 33 339 115 72 NA 269 54 1631
38 147 655 275 818 2842 49 25 348 160 56 NA 229 56 1479
25 93 649 260 804 2846 26 8 302 131 62 NA 273 51 1614
29 109 563 222 750 2868 27 19 333 66 53 NA 279 39 1619
31 105 650 212 763 2641 24 19 327 84 60 NA 263 56 1576
30 123 646 311 783 2919 21 13 368 45 56 1 214 53 1531
26 120 659 256 847 2692 34 24 340 101 51 NA 245 68 1542
34 140 634 273 781 2559 14 21 344 76 81 1 253 61 1639
39 109 656 280 811 2724 15 34 394 51 45 NA 226 59 1545
32 113 610 253 789 2684 29 19 377 47 43 2 313 55 1496
34 109 671 274 786 2729 36 10 358 75 45 NA 235 66 1569
54 131 641 236 838 2784 40 9 379 94 58 1 249 60 1715
23 115 576 223 811 2822 17 14 341 158 58 NA 219 64 1596
21 117 660 267 759 2746 61 25 327 32 53 1 264 41 1459
