"kdkd" "kukd" "kuku" "pkd" "pku" "pp" "tdkd" "tdku" "tdp" "tdtd" "tukd" "tuku" "tup" "tutd" "tutu"
"1" 2 11 79 41 98 381 10 1 31 10 6 NA 34 3 144
"2" 2 15 82 33 107 351 5 NA 36 1 6 NA 25 4 148
"3" 29 28 81 71 104 414 9 2 20 3 7 NA 24 3 152
"4" 15 28 76 40 101 339 NA NA 29 1 6 NA 20 2 144
"5" 18 21 87 53 111 337 1 3 32 18 11 NA 32 4 171
"6" 1 25 78 39 100 338 1 4 29 6 4 NA 20 5 134
"7" 7 17 87 32 114 381 6 1 44 16 10 NA 31 3 147
"8" 7 14 81 44 95 361 2 3 31 6 11 NA 29 1 140
"9" 12 19 96 38 78 382 7 3 50 NA 11 NA 23 4 153
"10" 17 27 84 45 117 409 5 1 43 2 7 NA 21 NA 143
"11" 3 10 82 39 105 377 1 NA 41 7 12 1 28 4 144
"12" 10 20 83 46 100 364 3 1 39 NA 7 NA 35 NA 152
"13" 15 19 62 56 93 400 11 4 41 NA 7 NA 25 2 152
"14" 7 8 68 31 104 397 1 1 29 2 7 NA 10 NA 130
"15" 4 13 73 52 115 335 3 1 27 1 3 NA 32 5 136
"16" 2 15 67 44 88 351 1 3 26 7 2 NA 26 7 169
"17" 2 13 71 43 95 364 9 2 18 1 8 NA 38 4 143
"18" 9 29 83 49 110 362 1 1 33 NA 9 1 18 4 162
"19" 14 32 75 46 102 378 8 1 44 9 4 NA 27 3 144
"20" 12 24 87 40 100 381 7 2 32 6 6 NA 25 6 216
"21" 4 24 81 44 98 346 7 1 31 NA 5 NA 24 2 151
"22" 9 27 75 41 77 363 8 1 31 NA 7 NA 12 3 154
"23" 6 15 97 35 101 374 10 2 20 3 7 NA 34 3 149
"24" 2 20 84 37 97 363 NA NA 33 8 11 NA 23 2 173
"25" 10 31 81 63 93 372 1 3 37 NA 2 NA 23 5 168
"26" 3 6 75 33 99 368 NA 6 38 5 13 NA 12 1 173
"27" 1 8 83 30 53 353 NA 1 26 1 3 NA 13 1 155
"28" 17 32 96 61 85 328 2 1 30 10 11 NA 34 3 165
"29" 7 14 90 36 99 374 7 2 26 3 8 NA 25 5 127
"30" 3 15 75 45 87 369 7 1 32 38 6 NA 35 3 147
"31" 19 29 86 50 120 363 1 NA 36 NA 2 NA 31 5 131
"32" 3 21 105 46 80 392 NA 3 24 NA 5 NA 18 4 143
"33" 18 11 88 50 114 375 1 NA 35 6 10 NA 22 3 128
"34" 6 36 62 57 48 395 NA NA 23 2 4 1 23 3 152
"35" 14 23 75 51 102 413 13 1 25 3 4 NA 27 2 147
"36" 13 29 94 46 107 365 12 1 37 16 8 NA 31 2 140
"37" 15 30 72 42 109 365 NA NA 31 NA 9 NA 21 5 151
"38" 28 15 91 67 110 395 1 NA 25 1 2 NA 10 3 151
"39" 7 15 69 30 83 395 18 7 38 NA 8 NA 13 4 167
"40" 6 21 66 47 108 411 2 1 25 20 7 NA 21 7 148
"41" 12 16 76 50 90 352 1 NA 32 23 8 NA 27 1 158
"42" 2 22 95 51 98 382 3 1 28 3 3 NA 34 3 135
"43" 1 18 84 37 91 354 9 1 33 12 7 NA 28 3 124
"44" 18 31 69 49 84 362 2 3 36 1 5 NA 33 3 144
"45" 11 22 82 51 95 372 6 1 27 2 5 NA 25 5 149
"46" 5 13 89 45 99 376 10 1 30 8 9 NA 22 1 148
"47" 8 18 85 51 51 346 4 NA 22 1 9 NA 25 1 153
"48" 8 20 83 49 98 359 NA 1 24 1 7 NA 26 3 136
"49" 15 19 71 14 98 366 5 3 33 12 14 NA 22 5 164
"50" NA 15 64 42 101 352 3 5 31 NA 8 NA 14 3 134
"51" 38 31 80 52 84 356 NA NA 35 7 6 NA 13 10 141
"52" 5 15 69 47 104 406 4 3 33 4 2 NA 27 4 174
"53" 12 30 80 34 96 346 3 1 41 14 7 NA 41 9 137
"54" 16 16 81 40 108 350 14 2 31 11 6 NA 25 7 170
"55" 1 10 76 33 116 347 NA 3 38 13 5 NA 25 2 165
"56" 5 32 91 44 98 320 NA 1 37 NA 5 NA 24 3 159
"57" 4 24 85 58 117 358 2 NA 30 2 4 NA 13 4 133
"58" 9 20 80 46 83 332 6 5 35 1 5 NA 20 2 137
"59" 5 23 96 42 84 346 6 1 40 2 11 NA 13 4 136
"60" 5 14 80 36 77 353 NA NA 21 1 6 NA 15 3 153
"61" 4 21 84 31 106 387 3 2 31 3 14 NA 32 9 137
"62" 8 29 91 46 101 361 2 3 48 6 5 NA 33 3 153
"63" 1 16 64 35 83 356 NA NA 33 NA 3 NA 17 1 150
"64" 26 26 73 62 90 349 1 1 28 NA 9 NA 22 5 147
"65" 22 39 93 51 94 400 3 1 29 1 10 NA 22 1 156
"66" 12 18 88 50 97 371 2 NA 39 2 3 NA 29 4 144
"67" 14 26 82 50 83 352 7 1 16 22 4 NA 25 3 151
"68" 4 20 77 40 90 400 1 2 20 4 8 NA 27 3 163
"69" 2 11 90 59 109 378 5 1 34 9 6 NA 24 1 131
"70" 6 20 89 35 87 348 3 1 25 18 6 NA 26 1 168
"71" 8 14 75 57 84 380 2 1 26 5 6 NA 24 5 160
"72" 11 33 95 44 108 327 2 5 34 NA 5 NA 27 5 151
"73" 24 32 81 58 91 335 NA 2 31 2 15 NA 31 5 152
"74" 4 23 98 38 100 372 NA 5 22 19 5 NA 25 3 179
"75" 15 35 90 35 65 390 1 NA 28 19 9 NA 32 6 178
"76" 8 18 99 32 110 405 1 2 30 11 9 NA 30 7 134
"77" 4 22 70 39 112 368 4 1 45 NA 7 NA 21 4 132
"78" 8 18 78 22 96 362 3 1 41 5 11 NA 19 4 131
"79" 3 6 76 32 32 366 1 NA 24 6 8 NA 29 5 141
"80" 22 36 84 68 115 343 NA 1 32 1 3 NA 23 5 123
"81" 5 6 83 42 96 358 3 1 30 7 7 NA 24 1 160
"82" 13 20 91 42 81 368 6 1 34 10 5 NA 22 2 163
"83" 43 28 77 59 96 397 5 NA 35 NA 10 NA 28 5 142
"84" 21 32 87 51 113 387 3 3 21 3 5 NA 30 7 150
"85" 4 32 80 35 105 382 NA NA 29 3 9 NA 29 3 187
"86" NA 11 85 41 118 380 1 1 42 4 10 NA 27 5 159
"87" 12 25 79 52 118 334 7 1 32 NA 3 NA 26 6 162
"88" NA 25 81 42 95 319 1 2 28 2 4 NA 18 2 147
"89" 1 10 70 51 99 407 3 2 38 2 7 NA 17 5 120
"90" 4 28 86 42 79 338 1 1 31 1 3 NA 21 3 145
"91" 6 26 95 37 103 373 1 NA 40 2 4 NA 26 5 134
"92" 8 19 78 38 101 367 4 1 38 6 8 NA 17 6 128
"93" 20 26 84 37 123 362 1 1 40 11 5 NA 12 5 153
"94" 19 21 82 61 98 341 1 1 33 8 12 NA 23 3 158
"95" 4 25 80 40 108 354 1 1 31 9 5 NA 26 4 157
"96" 32 33 105 47 102 404 6 1 33 6 3 NA 13 5 146
"97" 1 24 71 30 81 385 3 3 28 17 6 NA 33 7 140
"98" 16 18 79 53 101 394 1 NA 37 26 9 NA 26 1 138
"99" 6 20 86 39 43 371 11 NA 25 18 5 NA 10 3 155
"100" 10 16 85 41 95 384 1 1 32 1 5 NA 28 1 159
"101" 6 25 75 38 78 388 NA NA 34 8 7 NA 33 4 130
"102" 4 21 62 35 90 395 19 5 52 1 7 NA 33 9 149
"103" 10 22 68 43 65 348 2 NA 43 1 5 NA 23 3 161
"104" 15 22 82 59 87 362 2 3 51 NA 10 NA 15 2 168
"105" 1 13 88 54 87 388 13 1 33 11 9 NA 37 1 148
"106" 26 10 75 32 95 358 NA 2 34 3 6 NA 16 2 152
"107" 12 28 90 28 108 355 NA 2 32 NA 10 NA 25 3 155
"108" 10 18 101 50 118 347 4 2 28 1 7 NA 32 1 161
"109" 14 17 72 41 111 369 NA 1 33 NA 5 NA 23 2 173
"110" 1 16 76 39 80 377 5 NA 28 NA 12 NA 30 1 128
"111" NA 9 67 19 118 359 NA 1 34 3 7 NA 26 7 152
"112" 24 33 92 53 101 380 NA 3 36 3 9 NA 22 11 155
"113" 12 16 72 29 82 336 NA 1 50 3 2 NA 27 2 146
"114" 4 23 95 51 100 382 1 1 32 6 7 NA 35 4 185
"115" 10 23 84 33 99 383 6 2 35 NA 5 NA 34 1 155
"116" 4 18 71 41 84 359 4 3 25 NA 13 NA 29 4 156
"117" 1 18 79 41 86 324 8 3 25 19 7 NA 19 1 172
"118" 23 37 74 48 108 404 11 NA 23 1 8 NA 24 5 170
"119" 5 18 85 60 101 395 NA 1 28 3 7 NA 21 4 150
"120" 2 14 69 52 100 378 3 NA 20 2 2 NA 22 6 130
"121" 5 21 71 47 94 355 1 NA 36 1 9 1 24 4 163
"122" 27 34 84 55 97 368 NA 1 33 4 7 NA 19 3 151
"123" 16 19 81 41 89 364 3 2 21 NA 7 NA 24 1 136
"124" 10 18 100 46 98 394 1 1 27 4 2 NA 18 3 145
"125" 10 14 76 35 91 351 2 5 33 24 10 NA 21 1 134
"126" 24 34 92 49 98 395 6 1 35 20 8 NA 21 5 165
"127" 1 27 74 40 101 365 5 2 33 12 7 NA 20 3 133
"128" 6 23 84 42 89 393 NA 1 30 1 8 NA 19 5 149
"129" 1 22 90 38 115 358 2 5 32 5 8 NA 19 1 132
"130" 13 29 74 45 106 379 2 1 37 13 11 1 28 5 150
"131" 8 25 76 34 77 355 NA NA 26 3 9 NA 29 3 159
"132" 4 18 73 47 79 374 NA 2 37 11 10 NA 11 6 149
"133" 1 17 97 54 119 411 8 2 30 8 7 NA 33 3 165
"134" 23 25 76 36 91 352 5 1 35 1 15 1 30 3 160
"135" 2 15 76 41 80 355 14 4 30 2 12 NA 33 5 145
"136" 37 38 95 58 77 355 9 1 29 1 5 NA 28 8 143
"137" 12 19 68 36 83 362 4 NA 37 17 8 NA 26 4 124
"138" NA 10 81 28 106 352 1 NA 42 NA 5 NA 32 5 193
"139" 13 30 76 42 73 379 NA 1 20 4 3 NA 11 6 147
"140" 2 15 54 32 106 339 6 3 28 4 8 NA 23 3 130
"141" 17 27 93 54 109 394 NA 2 32 2 3 NA 13 6 153
"142" 9 23 75 47 94 362 3 3 27 3 5 NA 22 3 149
"143" 3 12 80 51 103 382 7 NA 34 NA 7 NA 29 6 170
"144" 6 26 94 55 92 367 3 3 22 6 7 NA 26 NA 142
"145" 4 13 81 39 96 378 NA 2 33 6 5 NA 29 5 160
"146" 4 20 114 53 112 378 3 2 31 NA 15 NA 23 5 138
"147" 6 19 72 56 114 420 NA 1 30 12 7 NA 29 5 150
"148" 12 22 90 35 100 361 NA 1 23 2 10 NA 24 6 188
"149" 19 16 86 39 103 412 1 1 35 NA 6 NA 20 8 135
"150" 22 35 78 43 103 365 1 3 42 NA 8 NA 36 2 155
"151" 1 25 83 45 99 393 NA 1 38 2 10 NA 19 1 145
"152" 4 14 90 51 120 401 15 5 28 NA 4 NA 26 2 155
"153" 10 7 84 38 97 329 2 1 25 12 6 NA 30 7 155
"154" 18 27 76 41 97 367 1 1 24 3 9 NA 32 3 134
"155" 2 25 51 42 95 369 21 6 26 2 7 NA 9 2 145
"156" 4 8 71 41 95 340 NA 3 33 7 3 NA 26 1 146
"157" 15 31 72 47 85 363 1 2 48 10 11 NA 36 2 154
"158" 13 22 89 51 94 408 3 1 27 5 11 NA 28 1 134
"159" 12 23 78 46 105 339 1 5 37 2 6 NA 16 5 150
"160" 16 18 74 49 90 383 NA 1 32 63 9 NA 30 8 156
"161" 5 7 85 38 105 396 5 3 35 4 5 NA 13 3 166
"162" 8 23 89 48 106 407 1 NA 22 3 2 NA 29 NA 178
"163" 14 25 115 44 117 352 3 1 34 NA 13 NA 23 1 141
"164" 10 28 91 40 99 372 7 3 27 1 11 NA 14 5 168
"165" 10 27 69 44 110 405 1 1 46 23 8 NA 32 3 157
"166" 21 31 80 43 92 389 3 1 33 4 13 NA 23 5 130
"167" NA 12 77 25 91 410 8 3 45 6 9 NA 15 5 141
"168" 12 14 85 36 100 367 2 3 20 1 13 NA 23 NA 144
"169" 3 17 77 47 96 367 11 3 40 2 10 NA 30 1 149
"170" 6 23 74 40 102 329 6 1 47 7 8 1 23 1 151
"171" 5 31 91 42 89 415 4 1 27 NA 9 NA 29 1 150
"172" 13 25 91 44 55 348 2 3 34 30 6 NA 29 7 159
"173" 9 24 77 49 83 328 1 1 35 8 13 NA 26 7 160
"174" 9 21 91 43 83 378 NA 2 27 5 12 NA 12 2 138
"175" 5 16 80 44 95 361 NA 1 29 5 4 NA 19 4 148
"176" 13 32 71 31 111 323 2 3 34 24 6 NA 16 5 148
"177" 2 19 82 40 83 335 1 1 36 1 13 NA 35 3 171
"178" 13 27 83 49 104 339 4 1 28 1 9 NA 25 6 156
"179" 3 16 70 44 104 397 3 3 46 18 11 NA 26 3 128
"180" 2 14 90 37 97 376 NA 1 23 2 4 NA 30 7 176
"181" 3 22 73 47 95 388 NA NA 30 7 6 NA 20 6 135
"182" 11 24 65 69 51 390 2 2 38 9 6 NA 15 3 141
"183" 6 13 68 46 103 323 2 1 41 NA 9 NA 32 5 163
"184" 1 22 75 43 92 393 4 1 27 3 14 NA 29 8 146
"185" 23 28 92 53 121 387 4 1 38 3 5 NA 25 NA 148
"186" 5 23 101 32 84 360 1 1 26 NA 7 NA 25 1 144
"187" 18 26 69 38 110 360 1 1 28 7 6 NA 27 4 143
"188" 8 15 62 41 104 384 NA 1 27 3 3 NA 16 5 154
"189" 17 18 75 49 104 379 NA 1 28 9 7 NA 23 2 174
"190" 1 17 91 46 97 371 3 6 34 2 6 NA 25 5 153
"191" 7 28 78 33 120 379 18 1 26 7 14 NA 29 4 129
"192" 1 12 67 46 103 426 NA 2 26 4 7 NA 21 2 168
"193" NA 25 89 51 96 380 18 5 35 2 7 NA 16 5 120
"194" 8 9 82 43 110 395 7 1 24 NA 14 NA 26 NA 148
"195" 11 19 64 37 85 355 2 NA 20 2 11 NA 28 2 190
"196" 3 26 69 57 94 356 6 NA 35 NA 3 NA 24 6 159
"197" 16 17 97 57 51 365 5 NA 42 NA 5 NA 29 4 133
"198" 14 18 89 57 123 388 2 6 29 NA 7 NA 22 2 114
"199" 8 23 59 36 59 386 4 1 25 2 3 1 17 4 154
"200" 4 20 68 42 96 369 1 3 32 4 5 2 28 3 138
"201" 2 6 66 47 103 344 6 2 32 1 3 2 13 1 130
"202" 3 17 67 25 89 359 8 1 35 14 11 NA 30 5 153
"203" 14 34 98 34 91 362 2 1 34 10 10 NA 21 5 169
"204" 2 31 91 47 95 376 1 1 26 NA 3 NA 21 1 161
"205" 1 13 86 29 79 355 1 1 38 NA 12 1 24 3 148
"206" 18 20 66 51 86 377 6 NA 41 11 6 NA 25 3 156
"207" 4 20 76 37 109 356 3 1 36 1 9 NA 23 1 152
"208" 5 17 93 40 51 396 15 1 52 3 11 NA 12 4 172
"209" 13 27 77 44 87 358 5 NA 35 10 9 NA 33 3 144
"210" 20 36 91 51 95 358 3 3 32 7 5 NA 25 4 158
"211" 9 18 75 35 67 341 7 1 35 17 7 NA 29 6 178
"212" 3 12 79 46 81 384 2 NA 32 2 13 NA 21 3 143
"213" 9 21 92 19 105 353 5 2 30 1 3 NA 28 3 140
"214" 14 30 84 47 45 371 7 3 41 14 9 NA 23 2 147
"215" 13 19 87 48 102 386 NA NA 29 4 7 NA 23 3 159
"216" 12 19 76 54 97 359 4 3 33 NA 4 NA 24 7 163
"217" 5 13 86 44 50 384 3 1 38 6 6 NA 25 3 156
"218" 17 25 90 43 89 313 4 1 35 10 6 NA 19 1 158
"219" 4 16 63 54 98 355 NA NA 25 3 1 NA 13 8 155
"220" 34 28 96 48 84 355 1 2 37 13 9 NA 32 4 166
"221" 4 15 93 37 101 356 2 4 27 1 4 NA 15 5 164
"222" 10 21 82 49 104 389 NA 2 27 1 11 NA 24 3 154
"223" NA 15 88 32 72 374 NA 2 29 13 14 NA 26 3 138
"224" 14 21 59 43 96 358 1 1 43 4 5 NA 25 5 142
"225" 12 23 85 43 102 371 2 1 37 6 2 NA 31 8 180
"226" 1 10 78 39 81 376 1 3 43 1 3 NA 34 7 175
"227" 14 21 81 39 107 343 3 2 25 4 5 NA 33 4 151
"228" 16 39 82 46 102 366 1 NA 36 7 2 NA 32 5 158
"229" NA 22 84 18 93 357 1 1 56 11 7 NA 28 2 142
"230" 11 24 97 42 103 352 3 NA 25 14 8 NA 28 8 172
"231" 16 20 68 54 99 368 NA NA 34 3 11 NA 32 2 112
"232" 3 23 79 45 99 375 3 NA 31 10 10 NA 19 7 176
"233" 9 19 78 49 123 383 1 2 30 17 5 NA 23 10 143
"234" 10 30 104 34 97 335 NA 1 31 9 6 NA 31 5 178
"235" 13 30 83 36 110 393 3 1 38 17 11 NA 22 NA 149
"236" 6 23 70 44 100 352 2 1 33 10 7 NA 33 13 167
"237" 18 23 76 47 90 361 6 1 37 10 3 NA 24 1 149
"238" NA 15 63 52 82 380 2 1 22 2 7 NA 20 5 149
"239" 20 15 97 39 105 364 2 NA 44 5 8 NA 28 7 171
"240" 25 35 86 55 50 377 NA 1 40 5 6 NA 11 5 144
"241" 12 17 79 44 88 395 NA 3 35 NA 6 NA 18 3 156
"242" 10 16 85 37 93 363 1 NA 40 21 13 NA 18 3 145
"243" 10 26 82 47 110 387 3 NA 43 2 14 NA 33 5 173
"244" 1 16 80 45 106 391 5 2 28 5 6 NA 26 3 170
"245" 6 17 76 55 96 358 NA NA 28 NA 3 NA 24 1 145
"246" 2 15 98 36 99 328 5 5 39 1 5 NA 34 3 147
"247" 17 32 90 42 128 379 3 NA 25 NA 1 NA 17 2 154
"248" 4 12 51 32 92 327 1 1 20 1 NA NA 11 3 150
"249" 2 24 65 35 94 382 9 2 34 2 6 NA 39 3 151
"250" 7 22 87 48 79 386 1 1 24 2 10 NA 32 8 151
"251" 4 18 67 46 101 364 3 1 37 NA 2 NA 32 7 167
"252" 1 16 77 43 86 379 NA 1 37 13 5 NA 30 3 134
"253" 4 33 88 29 85 345 1 1 39 9 5 NA 32 5 134
"254" 4 25 73 35 88 342 5 4 29 14 8 NA 14 3 152
"255" 1 24 80 42 107 406 NA 1 27 1 9 NA 13 1 157
"256" 4 16 77 47 79 330 2 2 22 12 1 NA 16 3 171
"257" 7 8 82 44 109 382 1 1 31 NA 6 NA 32 1 176
"258" 12 25 81 36 109 382 4 2 29 5 7 NA 13 6 160
"259" 20 20 85 48 88 373 NA 1 33 4 14 NA 33 3 137
"260" 5 21 82 53 88 374 NA 4 31 4 8 NA 17 8 150
"261" 4 23 77 49 110 327 NA NA 32 14 13 NA 26 6 179
"262" 14 31 81 40 85 370 2 7 34 5 8 NA 19 5 158
"263" 8 18 87 37 94 320 1 NA 35 2 8 NA 30 1 152
"264" 4 17 68 42 85 341 12 2 41 12 13 NA 18 5 130
"265" 14 28 87 38 90 359 1 2 36 14 7 NA 26 5 150
"266" 8 23 71 30 75 348 10 2 50 5 7 NA 24 2 155
"267" 9 15 78 41 93 374 8 3 36 9 6 NA 27 NA 135
"268" 18 22 78 43 108 395 1 1 28 NA 4 NA 25 3 131
"269" 10 12 85 46 123 378 NA 2 32 9 5 NA 11 4 134
"270" 8 25 93 45 103 355 3 1 41 NA 9 NA 25 2 160
"271" 7 25 76 43 46 344 2 5 31 17 18 NA 26 1 164
"272" 17 25 81 48 99 380 7 3 25 8 7 NA 27 7 160
"273" 33 34 78 59 122 392 NA 1 24 7 4 NA 26 3 159
"274" 5 8 86 44 101 367 2 1 30 NA 3 NA 21 7 156
"275" 22 24 82 67 87 382 3 1 20 5 10 NA 24 5 161
"276" 2 22 80 40 93 336 3 3 28 NA 8 NA 21 5 164
"277" 2 20 83 46 101 390 2 1 25 17 7 NA 20 6 135
"278" 6 18 88 18 66 408 NA 3 28 3 7 NA 24 7 152
"279" 38 36 85 48 96 370 7 1 34 22 8 NA 28 3 154
"280" 23 21 76 57 105 349 2 3 27 3 6 NA 31 2 158
"281" NA 30 102 19 82 338 8 1 39 9 11 NA 22 6 173
"282" 1 13 86 41 101 375 1 NA 34 4 11 NA 26 1 138
"283" 9 21 87 42 101 368 NA 2 24 1 3 NA 25 7 142
"284" 30 38 103 54 104 381 1 1 18 10 4 NA 23 1 152
"285" 10 22 74 31 85 333 6 1 35 1 6 NA 20 3 182
"286" 5 20 73 56 100 385 1 2 30 1 9 NA 25 NA 159
"287" 18 27 83 34 47 359 NA 2 33 NA 10 NA 29 2 167
"288" 4 6 78 32 87 431 7 3 37 7 5 NA 20 4 168
"289" 23 24 91 49 114 383 NA NA 37 7 6 NA 29 2 144
"290" 16 27 81 19 102 363 1 3 30 3 3 NA 22 1 151
"291" 5 31 85 33 96 353 NA NA 40 1 7 NA 25 3 141
"292" 2 15 89 52 104 344 1 3 24 14 10 NA 29 2 155
"293" 3 22 93 47 118 397 3 2 33 6 4 NA 28 NA 140
"294" 11 28 91 40 59 351 NA 6 28 4 5 NA 26 4 132
"295" 11 30 82 42 109 373 1 2 27 1 6 NA 18 3 151
"296" 20 26 100 51 96 388 3 1 32 4 11 NA 31 6 120
"297" 13 21 77 44 41 361 1 2 44 3 4 NA 23 5 147
"298" 13 29 82 39 80 361 2 1 36 NA 2 1 23 1 158
"299" 2 26 71 34 98 386 5 2 26 14 1 NA 24 2 150
"300" NA 10 73 45 115 355 1 1 11 17 6 NA 30 1 126
"301" 12 32 94 45 79 332 NA NA 39 31 11 NA 40 6 162
"302" 10 12 77 39 85 368 3 1 24 3 8 NA 23 4 149
"303" 2 19 68 51 95 376 3 3 47 12 5 NA 34 2 151
"304" 4 22 89 50 89 343 NA 3 33 1 11 NA 11 5 173
"305" 26 27 68 36 91 362 7 1 31 1 6 NA 35 1 137
"306" 4 24 71 30 115 390 2 4 37 NA 9 NA 16 2 135
"307" 5 15 94 44 99 368 1 1 24 2 9 NA 13 5 119
"308" 5 14 97 46 131 369 1 3 38 17 8 NA 34 1 154
"309" 10 28 91 47 104 365 7 1 34 7 11 NA 29 4 168
"310" 1 18 69 47 107 342 1 1 26 1 5 NA 22 6 150
"311" NA 15 83 42 113 368 3 6 35 2 6 NA 25 3 162
"312" 13 24 65 41 41 385 7 1 51 NA 5 1 21 1 131
"313" 26 21 88 52 140 389 4 1 40 20 15 NA 14 5 131
"314" 2 19 80 41 108 350 NA 2 44 18 13 NA 31 3 179
"315" 24 29 78 48 87 347 1 2 30 4 9 NA 19 5 152
"316" 12 22 77 35 108 365 2 NA 39 NA 9 NA 19 7 165
"317" NA 5 80 28 97 352 2 NA 36 NA 8 NA 25 3 145
"318" 15 17 77 38 93 380 15 1 37 2 6 NA 38 4 153
"319" 22 23 92 36 113 361 1 1 23 7 8 NA 25 1 156
"320" 7 27 95 44 77 373 NA NA 31 17 7 1 28 5 154
"321" 2 13 87 33 88 399 NA 5 42 2 11 NA 38 6 146
"322" 18 17 72 41 77 379 NA NA 31 3 7 NA 25 4 144
"323" 13 13 81 45 124 357 1 1 29 15 7 NA 33 3 162
"324" NA 11 83 41 100 374 1 1 24 16 12 NA 27 12 154
"325" 1 15 71 50 121 362 16 1 33 12 13 NA 12 8 137
"326" 12 20 95 48 112 380 NA 1 29 3 6 NA 35 7 155
"327" 1 5 67 35 92 379 5 NA 18 4 4 NA 20 3 161
"328" 35 27 79 50 106 399 NA NA 22 NA 4 NA 26 3 170
"329" 5 27 76 38 93 343 NA 1 30 1 10 NA 28 1 134
"330" 8 13 62 38 117 396 13 2 37 2 9 NA 38 2 149
"331" 8 23 77 50 97 359 5 5 33 2 10 NA 19 1 166
"332" 5 16 93 38 102 385 3 NA 25 4 9 NA 14 NA 141
"333" 11 18 91 38 92 370 NA 1 30 54 4 NA 12 2 158
"334" 13 22 80 45 112 367 NA 1 39 4 7 NA 19 6 153
"335" 14 32 94 46 99 356 4 NA 40 8 5 NA 32 6 148
"336" 13 23 73 52 83 375 2 2 30 1 8 NA 29 7 127
"337" 5 19 101 35 100 347 2 1 33 9 4 NA 16 7 157
"338" 11 22 76 56 102 382 3 NA 26 5 10 NA 22 2 145
"339" 13 17 88 20 105 392 NA NA 27 NA 14 NA 21 1 178
"340" 4 12 79 29 90 335 1 4 27 3 3 NA 17 NA 150
"341" 6 19 65 63 91 372 4 2 40 10 6 NA 30 6 129
"342" 1 13 77 37 102 403 8 1 28 15 10 NA 23 6 161
"343" 2 22 86 37 111 382 6 NA 39 5 7 NA 20 10 132
"344" 11 28 86 35 92 377 1 5 41 23 7 NA 25 4 152
"345" 18 36 98 26 106 377 8 2 29 8 5 NA 23 7 174
"346" 3 22 88 44 52 371 4 1 39 21 14 1 13 4 168
"347" 14 21 78 52 48 317 5 2 38 NA 6 NA 31 5 143
"348" 10 26 96 40 98 351 2 NA 29 9 3 NA 21 1 150
"349" 10 21 73 44 92 366 3 1 19 NA 7 NA 23 2 138
"350" 1 27 90 54 95 364 1 2 23 12 5 NA 20 9 123
"351" NA 15 73 32 106 358 NA 4 41 6 6 NA 25 5 157
"352" NA 17 74 37 98 364 6 NA 26 NA 16 NA 20 7 132
"353" 15 26 67 45 117 367 NA NA 31 22 4 NA 18 3 152
"354" 4 18 68 42 85 338 1 NA 21 NA 10 NA 28 3 123
"355" 14 15 76 50 113 400 2 3 29 3 8 NA 14 5 143
"356" 9 21 95 47 110 396 NA 1 28 5 4 NA 38 3 166
"357" 6 14 62 48 118 376 6 1 30 12 7 NA 35 5 137
"358" 5 13 79 15 100 356 7 NA 17 NA 8 NA 26 3 140
"359" 34 21 107 68 114 327 NA 1 30 2 6 1 31 3 154
"360" 11 26 85 44 72 373 5 1 32 8 11 NA 23 8 138
"361" 3 22 85 46 101 376 NA 1 43 NA 4 NA 38 2 151
"362" 11 9 90 42 90 331 3 2 31 1 5 NA 26 1 144
"363" 9 27 82 41 50 387 NA 1 48 3 8 NA 33 4 164
"364" 6 27 86 29 103 374 6 3 38 6 7 NA 23 3 137
"365" 12 28 76 45 96 374 5 NA 32 3 7 NA 9 4 138
"366" 6 16 70 44 83 372 NA NA 19 1 5 NA 30 4 138
"367" 1 16 82 32 93 365 3 1 24 NA 5 NA 44 7 136
"368" 13 20 69 52 85 359 2 3 36 6 10 NA 23 5 145
"369" 14 17 75 58 104 373 NA 1 40 12 10 NA 28 3 130
"370" 9 14 99 41 101 373 1 1 22 7 14 1 19 2 152
"371" 36 40 75 59 103 381 4 NA 30 4 7 NA 25 2 132
"372" 1 13 74 38 92 370 1 3 29 NA 10 NA 23 4 136
"373" 15 26 86 39 75 359 NA NA 58 15 6 NA 14 2 157
"374" 2 10 70 46 94 358 1 NA 26 1 8 1 20 4 163
"375" 18 30 99 56 82 381 1 NA 46 NA 7 NA 31 2 151
"376" 3 7 93 32 115 405 6 NA 31 9 18 1 31 6 140
"377" 4 17 86 43 101 386 NA 1 24 2 7 NA 22 6 144
"378" 27 27 71 39 91 397 4 4 35 6 4 NA 24 6 148
"379" 12 19 79 40 42 378 NA 3 28 NA 5 NA 22 5 150
"380" 21 24 73 28 96 369 4 1 34 20 7 NA 15 3 161
"381" 5 22 76 55 113 413 13 2 32 NA 8 NA 39 6 136
"382" 12 33 75 49 106 393 11 6 29 13 7 1 29 5 144
"383" 7 18 83 48 100 317 3 11 28 6 17 NA 32 7 153
"384" 1 24 74 48 101 362 15 3 27 19 3 NA 29 4 177
"385" 2 22 84 39 99 350 3 3 26 NA 4 NA 23 5 145
"386" 11 28 86 34 103 371 NA 2 23 11 8 NA 24 14 128
"387" 4 24 81 37 99 398 6 1 14 4 11 NA 22 3 152
"388" 6 15 71 43 108 375 NA 1 20 4 6 1 27 7 152
"389" 16 38 89 45 102 365 NA 1 25 5 2 NA 24 5 154
"390" 9 21 88 62 116 385 8 1 34 2 8 NA 10 7 153
"391" NA 17 70 50 82 358 1 1 21 7 8 NA 34 5 145
"392" 4 29 79 52 108 357 9 NA 36 7 4 NA 22 4 160
"393" 13 21 93 36 113 374 4 3 29 1 9 NA 26 2 151
"394" 22 18 77 42 94 400 10 NA 28 1 5 NA 21 NA 144
"395" 1 19 60 39 107 375 3 1 33 2 10 NA 18 4 157
"396" 7 27 104 52 121 358 2 1 21 11 10 NA 20 2 144
"397" NA 23 82 63 96 362 4 1 35 6 9 NA 38 2 145
"398" 13 19 81 60 97 416 5 1 33 12 9 1 23 1 131
"399" 7 15 68 49 90 347 6 3 31 2 8 NA 24 5 127
"400" 5 15 67 37 94 355 11 1 22 16 9 NA 25 5 131
"401" 9 27 78 41 74 357 2 1 27 NA 10 NA 30 5 163
"402" 2 22 97 44 101 379 NA NA 32 NA 10 NA 33 5 140
"403" 15 28 81 48 113 370 6 2 38 33 13 NA 31 5 158
"404" 17 28 85 52 93 393 3 1 27 NA 12 NA 24 4 120
"405" 5 23 81 40 116 439 1 1 35 3 9 NA 22 5 144
"406" 11 34 105 30 109 359 NA 1 35 6 11 NA 18 5 160
"407" 6 24 87 32 84 383 5 1 33 1 8 NA 27 2 150
"408" 5 15 93 44 115 358 2 NA 32 4 5 NA 29 3 138
"409" 18 25 72 20 86 392 5 3 19 16 3 NA 26 3 154
"410" 9 10 69 41 96 394 NA 2 33 17 9 NA 15 5 170
"411" 6 27 84 47 107 325 2 2 35 8 12 NA 37 3 155
"412" 7 19 82 48 130 396 5 2 25 4 10 NA 25 3 121
"413" 10 14 104 48 99 386 4 3 31 13 4 NA 26 6 154
"414" 6 23 77 56 87 365 2 3 28 17 4 NA 24 7 187
"415" 12 31 90 45 95 385 2 3 34 8 5 NA 29 NA 173
"416" 7 26 78 33 90 366 1 1 32 3 10 NA 23 5 159
"417" 9 23 68 46 117 323 2 1 26 NA 8 NA 19 4 168
"418" 6 17 83 38 124 366 1 1 35 7 5 NA 31 4 161
"419" 10 17 70 33 69 344 8 1 15 1 5 NA 26 5 130
"420" 13 22 78 36 89 357 NA 1 28 3 2 NA 31 9 118
"421" 9 23 78 44 76 353 NA 3 32 2 8 NA 32 1 140
"422" NA 12 82 31 99 345 3 1 33 NA 8 1 20 3 155
"423" NA 8 78 37 99 389 4 NA 39 9 2 NA 15 6 147
"424" 10 23 58 44 103 370 7 6 36 NA 8 NA 21 3 154
"425" 3 14 88 33 92 397 NA 1 32 NA 8 NA 26 6 152
"426" 7 27 87 51 95 387 NA NA 37 4 5 NA 15 5 142
"427" 1 9 82 64 84 369 3 NA 24 NA 3 NA 31 3 141
"428" 3 10 91 30 94 340 NA 2 40 NA 5 NA 27 3 168
"429" 7 23 76 29 103 378 1 1 34 6 11 NA 30 5 180
"430" 3 23 66 36 111 373 2 NA 36 2 4 NA 32 2 147
"431" 5 28 93 44 97 382 5 1 26 3 7 NA 27 5 155
"432" 18 28 85 76 77 411 5 2 33 6 8 1 15 3 165
"433" 6 20 93 47 91 340 NA 1 23 18 15 NA 30 5 160
"434" 19 33 84 55 94 383 10 3 34 NA 8 NA 19 5 153
"435" 4 15 77 51 98 391 1 1 31 6 3 NA 23 5 134
"436" 5 24 88 45 108 411 14 5 27 4 8 NA 19 4 130
"437" 28 20 88 31 94 358 1 5 36 16 5 1 23 5 152
"438" 11 23 77 46 96 406 NA 1 41 12 10 NA 19 3 135
"439" NA 14 88 50 101 357 2 1 33 2 14 NA 31 2 161
"440" 4 25 85 46 108 379 NA 2 22 12 3 NA 30 3 168
"441" 11 32 87 49 91 362 4 1 23 NA 9 NA 29 3 163
"442" 13 25 70 20 84 428 1 3 29 5 9 NA 28 5 139
"443" 10 27 85 54 113 369 NA 1 36 7 7 NA 27 5 145
"444" 16 19 83 35 107 355 2 1 23 3 11 NA 22 5 153
"445" 15 25 87 41 115 410 3 1 37 7 7 NA 26 4 158
"446" 9 16 78 39 99 368 6 1 30 4 10 NA 40 5 156
"447" 20 28 79 56 119 345 NA 1 34 NA 11 NA 21 6 122
"448" 14 21 78 40 85 389 2 NA 34 3 4 1 29 6 138
"449" 19 24 75 53 93 332 5 NA 28 15 6 1 26 3 148
"450" 12 25 63 21 101 345 2 NA 29 4 6 NA 26 2 134
"451" 33 31 73 48 96 388 NA NA 34 6 5 NA 22 4 141
"452" 7 33 86 39 116 413 1 NA 27 8 9 NA 27 4 150
"453" 22 25 70 43 91 377 2 NA 20 NA 6 NA 11 4 135
"454" 18 15 83 47 90 338 4 1 20 8 7 NA 29 4 135
"455" 3 19 76 40 107 366 1 NA 30 5 7 NA 28 3 123
"456" 10 24 76 35 104 390 7 3 38 NA 7 NA 24 5 162
"457" 29 32 71 53 88 374 20 2 30 8 7 NA 19 1 166
"458" 9 19 106 35 101 366 NA 3 31 5 1 NA 33 7 152
"459" 2 24 94 49 100 330 3 NA 38 NA 9 1 19 1 181
"460" 15 25 91 48 127 378 NA 2 25 NA 11 NA 32 7 145
"461" 4 14 77 35 103 347 1 NA 21 16 8 NA 35 5 173
"462" 14 29 77 34 93 390 1 NA 41 3 8 1 21 7 165
"463" 15 18 73 58 99 380 1 NA 22 NA 10 NA 21 4 164
"464" 16 23 79 46 115 370 NA NA 35 9 14 NA 24 8 164
"465" 9 20 76 37 104 382 1 1 25 4 18 NA 31 6 146
"466" 6 22 92 42 97 386 1 1 22 10 6 NA 9 1 167
"467" 24 44 71 41 85 371 7 NA 33 1 5 NA 20 4 160
"468" 3 12 73 45 75 379 NA NA 22 NA 5 NA 22 4 165
"469" 1 24 87 47 98 374 1 2 35 NA 13 NA 30 1 131
"470" NA 10 83 41 97 364 1 NA 33 4 NA NA 31 5 149
"471" 15 35 87 47 120 390 2 NA 31 NA 6 NA 23 2 147
"472" 11 17 67 43 101 397 NA 2 34 1 5 NA 25 4 132
"473" 12 40 83 58 51 336 2 2 26 NA 6 NA 20 5 174
"474" NA 15 91 33 120 396 3 1 33 11 10 NA 29 2 122
"475" 11 18 71 30 88 388 3 1 34 3 7 NA 27 1 170
"476" 3 19 79 31 84 391 42 1 45 6 10 NA 33 6 155
"477" 4 24 80 40 109 364 3 1 25 4 3 NA 20 2 157
"478" 9 23 77 43 98 371 5 NA 32 19 7 NA 35 1 157
"479" 18 31 86 49 97 376 2 1 31 NA 5 NA 28 3 157
"480" 14 23 88 39 110 338 NA 1 41 1 2 NA 27 4 140
"481" 12 27 86 40 93 378 NA 2 37 19 4 NA 18 4 146
"482" 36 35 94 56 112 386 28 3 33 8 8 NA 33 3 160
"483" 8 29 74 43 92 375 1 1 26 8 7 NA 27 5 138
"484" 10 22 73 40 109 325 3 NA 36 1 4 1 34 4 168
"485" 11 33 74 50 92 379 3 1 21 4 4 NA 29 5 149
"486" 23 27 105 47 99 378 NA NA 33 3 11 NA 24 9 158
"487" 17 10 71 38 88 390 3 3 30 3 14 NA 17 6 156
"488" 13 25 77 42 44 374 5 1 40 2 8 NA 21 4 162
"489" 6 21 85 43 76 353 NA 3 22 2 9 NA 31 3 151
"490" 1 13 84 39 93 354 1 4 40 1 10 NA 9 5 129
"491" 21 18 88 61 109 376 2 1 26 2 5 NA 25 5 148
"492" NA 8 87 34 117 379 3 NA 51 NA 10 NA 35 3 172
"493" 1 17 80 40 110 332 1 2 41 NA 7 NA 30 NA 150
"494" 18 24 61 38 98 350 4 NA 22 6 3 NA 34 2 156
"495" 28 22 86 47 131 351 37 4 51 3 5 NA 32 3 144
"496" 1 19 80 41 96 337 NA 3 27 NA 9 NA 35 4 156
"497" 27 32 77 57 106 371 NA 5 34 1 13 NA 17 3 158
"498" 34 34 94 46 105 373 6 1 39 5 3 NA 18 5 170
"499" 4 19 80 39 50 357 8 NA 41 3 7 NA 17 4 141
"500" 3 10 66 37 96 420 2 1 20 4 5 NA 12 4 147
"501" NA 17 65 40 91 356 4 NA 20 19 12 NA 38 3 155
"502" 12 16 57 47 96 323 1 NA 39 NA 13 NA 24 5 151
"503" 1 14 78 47 96 366 1 1 24 1 7 NA 22 1 153
"504" 28 38 86 50 138 402 3 1 20 1 7 NA 31 6 138
"505" 7 20 85 47 99 365 NA 3 33 25 9 NA 27 2 135
"506" 7 26 92 35 87 382 1 1 45 24 7 NA 33 2 140
"507" 4 23 85 41 117 365 5 2 22 NA 5 NA 27 7 162
"508" 1 16 78 55 87 361 2 1 42 NA 1 NA 9 6 156
"509" 12 8 79 36 106 400 5 3 24 3 6 NA 21 10 154
"510" 5 20 74 63 89 366 5 1 34 4 6 NA 32 4 136
"511" 13 9 76 67 113 368 1 NA 25 19 4 NA 25 5 150
"512" 2 16 78 45 77 363 NA NA 21 4 4 NA 24 1 152
"513" 18 20 67 52 96 392 3 2 32 6 5 NA 25 1 158
"514" 17 27 83 50 69 377 NA 2 31 5 10 NA 34 4 150
"515" 5 15 77 48 116 398 11 5 50 4 7 NA 14 5 135
"516" 6 23 94 50 109 338 15 6 39 12 10 NA 29 3 188
"517" 5 25 71 28 94 354 3 NA 36 NA 4 NA 25 5 168
"518" NA 21 94 38 111 398 5 1 39 NA 5 NA 19 2 151
"519" 12 25 82 46 99 380 3 1 29 2 5 NA 29 1 173
"520" 17 20 69 58 81 372 1 4 28 13 9 NA 23 5 142
"521" 12 22 77 26 112 358 NA 2 23 4 10 NA 33 6 131
"522" 24 48 96 55 124 324 4 1 36 14 9 NA 31 5 143
"523" 8 22 79 48 85 347 NA 1 42 12 9 NA 12 1 139
"524" 5 26 91 43 105 362 1 1 31 15 3 NA 30 1 170
"525" 28 31 107 47 88 341 1 1 37 NA 7 1 23 3 126
"526" 18 14 86 46 105 371 3 1 29 10 7 NA 24 3 163
"527" 50 38 80 65 117 383 3 1 42 NA 8 NA 33 7 135
"528" 10 23 90 52 96 383 5 NA 38 2 10 NA 21 1 127
"529" 5 16 92 41 92 370 1 NA 36 1 5 NA 19 4 160
"530" 23 34 80 63 101 418 NA 1 42 NA 8 NA 22 3 169
"531" 17 27 92 54 119 405 2 NA 29 4 6 NA 28 4 146
"532" 2 33 84 43 80 337 5 4 27 3 9 NA 27 6 147
"533" 12 16 74 39 93 356 NA 1 29 3 16 NA 22 2 138
"534" 15 26 83 48 105 387 1 2 26 18 5 NA 20 1 178
"535" NA 23 71 37 109 404 2 1 16 2 6 NA 20 3 139
"536" 2 16 70 23 108 386 1 NA 31 6 4 NA 29 7 136
"537" 1 21 84 58 99 384 41 3 43 3 10 NA 36 8 159
"538" 7 31 80 35 97 395 2 6 38 NA 4 NA 5 1 132
"539" 1 24 83 41 95 378 1 NA 32 NA 5 NA 27 3 167
"540" 29 22 88 53 118 387 NA 1 24 3 10 NA 18 6 170
"541" 7 19 73 42 120 371 NA 2 19 3 12 NA 8 3 168
"542" 2 18 87 40 81 362 NA NA 42 3 13 NA 28 6 143
"543" 19 25 74 48 98 400 NA 2 26 1 7 NA 19 5 153
"544" 5 28 78 40 101 396 1 NA 17 1 9 NA 29 1 129
"545" 14 21 85 46 96 376 1 NA 33 4 4 NA 30 6 139
"546" 5 23 105 36 118 383 2 1 28 6 9 NA 30 NA 149
"547" 7 29 83 47 114 363 NA 1 26 NA 4 NA 29 1 134
"548" 10 24 88 45 99 400 5 3 25 NA 4 1 10 3 144
"549" 26 23 86 49 102 365 1 1 24 4 5 NA 25 7 144
"550" 5 21 82 37 94 367 3 1 28 NA 11 NA 22 3 148
"551" 26 12 94 41 111 378 NA 1 37 1 8 NA 24 7 165
"552" 1 21 92 55 116 374 5 1 28 9 11 NA 40 5 159
"553" 12 23 62 39 89 376 2 NA 23 1 3 NA 9 3 167
"554" 7 28 89 45 46 394 4 1 40 5 3 NA 28 NA 119
"555" 12 31 88 47 114 389 2 2 36 NA 3 NA 18 NA 140
"556" 31 25 91 47 100 333 NA 1 37 1 10 NA 30 8 141
"557" 27 26 73 47 83 352 10 2 25 NA 3 NA 31 2 164
"558" 18 24 78 41 100 351 4 3 20 19 4 NA 23 1 170
"559" NA 19 75 52 122 359 1 3 21 1 6 NA 20 3 173
"560" 13 21 79 37 83 345 4 NA 33 4 3 NA 18 2 156
"561" 19 26 81 41 102 338 3 1 32 12 6 1 22 2 149
"562" 4 19 71 53 104 357 5 4 34 14 10 NA 20 6 163
"563" 16 13 64 44 83 370 1 NA 26 2 7 NA 24 NA 150
"564" 8 26 87 49 98 353 3 1 30 13 1 NA 18 1 145
"565" 1 15 81 30 75 366 NA 1 24 8 10 NA 33 2 143
"566" 12 27 82 50 102 365 3 2 21 2 7 NA 32 3 167
"567" 17 29 86 59 100 376 3 NA 33 10 7 NA 38 3 154
"568" 5 23 75 50 82 357 1 NA 29 1 4 NA 16 5 144
"569" 27 20 87 40 113 365 NA NA 32 NA 7 NA 40 2 163
"570" 1 22 96 48 102 364 5 NA 28 NA 14 NA 32 1 189
"571" 7 35 93 57 89 386 3 1 26 2 7 NA 24 1 144
"572" 16 18 75 47 97 344 5 3 28 5 3 NA 12 6 165
"573" 3 21 78 49 98 321 NA 1 22 50 2 NA 24 3 187
"574" 7 28 58 55 91 349 NA 1 26 17 4 NA 28 3 145
"575" 22 20 81 53 79 370 3 NA 33 2 4 NA 21 7 141
"576" 11 30 97 47 79 342 7 1 30 4 5 NA 33 9 144
"577" 3 22 81 29 101 352 5 4 39 5 13 NA 19 3 150
"578" 1 6 81 39 114 365 NA 2 37 4 3 NA 27 1 177
"579" 31 20 99 32 116 382 6 1 28 4 8 NA 18 4 147
"580" 8 19 81 35 82 348 1 2 30 NA 4 NA 27 9 154
"581" 24 19 54 50 87 379 1 NA 21 6 7 NA 25 1 150
"582" 6 18 80 40 108 369 NA 1 29 6 7 NA 33 1 124
"583" 6 14 86 29 109 353 6 2 32 26 16 NA 28 1 153
"584" 2 18 68 41 102 376 4 NA 34 17 6 NA 35 1 172
"585" 1 14 83 42 113 387 2 3 32 NA 6 NA 30 1 134
"586" 2 17 80 43 105 353 NA NA 32 13 10 NA 25 4 153
"587" 2 22 77 53 49 339 NA 1 27 NA 4 NA 22 2 157
"588" 3 25 100 41 98 361 1 3 25 NA 2 NA 23 NA 138
"589" 9 14 75 38 90 413 1 NA 19 4 9 NA 24 2 144
"590" 10 18 79 41 102 352 4 1 31 2 5 NA 23 5 155
"591" 3 21 93 40 111 367 1 2 34 18 4 NA 24 3 167
"592" 3 17 91 44 128 395 7 1 19 NA 9 NA 24 5 131
"593" 8 23 92 68 113 376 4 NA 44 5 9 NA 22 3 143
"594" 20 19 87 42 112 350 4 2 31 7 20 NA 24 4 161
"595" 23 32 84 42 82 342 1 2 29 NA 7 NA 22 2 123
"596" 15 13 74 48 106 367 1 NA 19 9 8 NA 15 3 131
"597" 13 33 86 39 108 376 1 2 29 8 11 1 21 2 147
"598" 9 8 85 38 93 376 6 NA 24 9 10 NA 22 6 151
"599" 2 22 84 52 83 394 NA NA 39 NA 3 NA 22 3 125
"600" 5 22 90 53 105 365 NA 1 26 NA 2 NA 19 3 141
"601" 12 9 68 48 92 354 10 3 30 4 8 NA 7 5 129
"602" 15 11 84 55 107 394 3 3 33 NA 7 NA 26 8 161
"603" 12 15 81 56 111 352 1 3 28 20 7 NA 10 6 140
"604" 24 10 89 49 124 387 1 1 28 7 8 NA 24 1 184
"605" 11 31 85 45 110 343 6 5 45 10 10 NA 24 3 149
"606" 1 20 70 39 95 360 1 NA 30 6 11 NA 31 3 157
"607" 2 19 77 28 80 370 1 1 27 NA 5 NA 25 5 168
"608" 12 33 91 38 86 353 1 NA 17 5 7 1 25 3 129
"609" 1 14 78 41 95 333 2 2 26 11 5 NA 33 4 141
"610" 3 6 73 39 99 385 NA 1 21 NA 15 NA 14 5 146
"611" 26 25 99 73 106 375 2 1 35 11 4 NA 37 8 160
"612" 14 14 86 44 101 364 NA NA 23 3 9 NA 18 1 129
"613" 1 15 79 36 113 371 NA 1 31 2 1 NA 27 4 189
"614" 1 11 66 39 86 348 3 1 26 5 10 NA 23 3 147
"615" 7 36 91 40 93 359 6 1 35 23 7 NA 37 7 157
"616" 9 22 76 42 85 388 1 NA 23 27 13 NA 31 3 140
"617" 23 22 92 44 94 429 5 1 37 NA 13 NA 27 6 124
"618" 12 22 89 51 94 375 6 1 26 2 11 1 30 1 150
"619" 12 16 72 47 94 399 10 1 33 8 7 1 31 5 160
"620" 3 14 94 35 98 361 1 1 30 NA 3 NA 28 8 145
"621" 19 32 89 41 101 322 4 3 27 NA 7 NA 22 7 165
"622" 12 22 89 31 104 366 7 NA 32 10 4 NA 24 1 172
"623" 7 22 73 36 105 377 1 7 33 NA 9 NA 27 1 148
"624" 7 19 64 46 98 340 NA 1 35 NA 6 NA 25 1 162
"625" 32 31 87 44 82 371 1 NA 33 3 5 NA 23 4 148
"626" 17 18 82 46 101 370 2 NA 29 16 3 NA 27 3 140
"627" 5 17 98 37 99 372 NA 1 30 1 5 NA 28 1 155
"628" 24 15 71 45 82 358 5 1 32 3 8 NA 23 NA 129
"629" 6 22 62 47 70 374 NA 2 35 2 9 NA 13 4 138
"630" 28 29 90 44 87 373 6 3 37 1 9 NA 29 4 113
"631" 7 14 60 34 87 420 4 NA 27 2 4 NA 22 1 118
"632" 16 11 71 55 109 375 NA 1 11 3 6 NA 11 3 145
"633" 1 13 76 45 85 363 13 3 27 NA 4 NA 18 4 151
"634" 6 21 72 58 103 323 1 NA 39 NA 11 NA 33 NA 160
"635" 3 8 88 36 82 356 4 2 23 NA 3 NA 28 8 141
"636" 9 23 74 40 106 389 2 1 35 6 10 1 20 1 135
"637" 3 14 83 39 115 345 4 NA 27 15 10 NA 12 1 144
"638" NA 23 78 34 71 363 1 3 30 2 9 NA 19 2 166
"639" 13 20 69 44 104 381 NA 1 36 11 11 NA 26 1 180
"640" 4 23 84 48 100 373 7 NA 31 2 8 NA 18 6 154
"641" 14 23 81 35 89 375 3 4 34 4 2 NA 29 5 127
"642" 12 33 68 62 87 352 NA NA 36 NA 6 NA 33 1 149
"643" 24 16 92 36 104 398 1 1 42 NA 14 NA 28 1 174
"644" 7 35 113 27 126 332 5 2 35 17 8 1 25 5 139
"645" 5 22 79 45 49 369 2 NA 22 7 8 NA 17 2 139
"646" 1 23 53 40 109 422 3 NA 31 10 13 NA 20 NA 140
"647" 14 26 86 57 102 377 1 1 33 1 4 NA 19 3 151
"648" 2 12 86 19 89 340 1 1 24 1 11 NA 23 9 114
"649" 11 19 58 45 80 360 18 7 29 8 5 NA 13 5 140
"650" 4 19 67 50 87 338 6 1 35 NA 6 NA 29 9 150
"651" 14 6 76 54 78 379 7 1 26 NA 10 NA 26 4 154
"652" 3 19 95 37 88 353 3 NA 24 NA 2 NA 20 2 182
"653" 12 18 72 65 79 380 1 NA 34 NA 9 NA 15 5 159
"654" 22 22 68 55 110 391 NA 3 47 9 1 NA 34 2 172
"655" 7 12 84 43 97 355 3 NA 32 13 12 NA 15 4 160
"656" 13 19 81 45 108 401 1 3 27 1 7 1 16 10 148
"657" 13 18 84 17 109 421 1 3 26 10 4 NA 32 7 153
"658" 2 11 72 30 82 365 1 1 37 4 7 NA 15 3 153
"659" 6 10 69 41 127 408 1 1 32 32 4 NA 27 7 145
"660" 28 30 77 51 106 386 3 4 47 1 5 NA 32 8 159
"661" 4 25 85 34 124 388 5 1 38 5 5 NA 27 3 121
"662" 1 27 84 52 95 348 5 3 26 NA 4 NA 27 14 151
"663" 13 23 76 58 87 378 4 1 26 5 11 NA 20 1 109
"664" 6 20 72 42 98 312 6 1 30 5 3 NA 28 3 142
"665" 21 23 89 44 103 356 3 3 44 14 11 NA 28 1 157
"666" 3 12 81 31 93 370 NA 4 35 15 5 NA 37 5 151
"667" 3 17 74 29 109 355 1 NA 32 NA 11 NA 25 3 158
"668" 16 12 77 40 92 386 2 1 22 2 4 NA 21 4 140
"669" NA 25 72 50 113 394 4 1 31 5 10 NA 32 4 134
"670" 11 19 91 50 87 394 NA 3 34 10 5 NA 18 7 146
"671" 2 25 80 45 98 370 NA 3 25 2 1 NA 30 2 142
"672" 8 21 80 40 99 344 NA 1 39 17 5 NA 32 1 141
"673" 15 23 90 43 94 366 7 1 31 11 5 NA 24 5 144
"674" 35 41 104 57 117 405 NA 1 38 NA 6 NA 9 5 170
"675" 7 30 79 48 111 381 5 8 31 NA 9 NA 24 1 147
"676" 5 23 71 29 88 332 NA 1 39 9 12 NA 33 3 159
"677" 1 19 68 42 91 369 2 1 30 5 8 NA 14 5 151
"678" 6 19 78 44 97 383 1 1 22 5 5 NA 29 4 128
"679" 11 17 89 48 100 377 1 1 24 6 10 NA 20 3 149
"680" 19 32 82 55 103 375 2 3 29 14 5 NA 23 3 134
"681" 23 41 90 63 97 389 NA NA 34 4 10 2 33 4 152
"682" 5 15 81 33 110 343 5 2 34 NA 10 NA 25 3 137
"683" 6 22 73 44 87 403 10 3 38 NA 3 1 35 5 143
"684" 2 18 93 39 109 344 5 3 44 32 9 NA 21 3 143
"685" 3 23 96 50 95 366 3 1 23 1 8 NA 23 2 148
"686" 1 23 91 51 90 332 2 2 28 10 13 NA 12 3 161
"687" 12 19 78 41 93 356 3 NA 10 5 12 NA 27 4 159
"688" 15 24 89 43 110 364 NA 1 18 23 6 NA 28 3 139
"689" 14 25 88 49 117 414 5 1 33 NA 11 1 30 4 141
"690" 9 19 99 36 100 367 3 1 32 2 11 NA 30 4 136
"691" 13 20 76 52 98 401 2 2 33 2 5 NA 11 5 133
"692" 4 14 66 35 109 363 3 1 27 5 8 NA 25 8 147
"693" 17 11 68 44 83 349 3 3 41 3 3 NA 18 9 141
"694" NA 17 84 37 84 363 NA 2 23 13 7 NA 20 4 150
"695" 12 10 77 41 100 385 10 1 33 2 10 NA 29 6 140
"696" 12 17 77 39 42 355 3 3 30 1 7 NA 25 9 147
"697" 13 24 83 49 101 357 3 1 31 3 10 NA 26 8 163
"698" 2 25 83 43 50 390 NA 1 28 NA 16 NA 17 1 148
"699" 19 25 95 61 118 446 1 4 38 1 9 NA 16 3 135
"700" 20 16 73 41 93 372 NA NA 42 1 12 NA 12 6 125
"701" 18 31 76 23 100 363 1 NA 23 4 10 NA 26 NA 168
"702" 2 22 96 34 119 368 NA 1 33 1 7 NA 20 2 144
"703" 1 8 87 36 96 365 2 2 35 NA 9 NA 32 3 151
"704" NA 21 81 45 86 342 1 1 35 2 7 NA 24 1 144
"705" 2 19 91 47 106 380 NA 1 35 NA 9 NA 18 3 140
"706" 1 23 84 28 87 366 4 4 32 3 7 NA 27 4 129
"707" 9 16 69 39 93 412 5 1 32 3 8 NA 30 6 145
"708" 18 24 85 37 93 392 1 1 28 1 9 NA 25 1 144
"709" 2 20 86 39 84 390 3 3 28 17 8 NA 28 6 144
"710" 12 24 79 56 111 411 1 1 29 4 6 NA 25 1 151
"711" 1 21 67 30 105 327 2 1 34 15 8 NA 29 3 127
"712" 8 23 79 52 105 335 1 1 37 13 10 NA 12 3 160
"713" 27 23 80 51 94 394 5 2 37 20 13 NA 36 2 154
"714" 1 13 77 40 93 373 4 1 30 2 4 1 22 NA 154
"715" 29 29 86 50 91 354 1 NA 36 NA 12 NA 13 3 147
"716" 12 23 65 48 117 342 NA 2 33 3 3 NA 17 2 146
"717" 2 21 105 37 95 384 3 NA 30 NA 12 NA 29 5 164
"718" 8 18 89 47 95 367 5 1 31 7 11 NA 20 8 137
"719" 16 25 89 35 111 392 1 NA 37 23 11 2 35 8 145
"720" 17 21 74 56 97 362 2 3 28 3 6 1 23 3 157
"721" 13 32 104 50 106 424 4 2 34 23 3 NA 13 1 154
"722" 5 17 91 49 88 338 1 1 26 NA 5 NA 23 5 154
"723" 20 32 85 48 96 359 5 1 27 NA 8 NA 23 8 148
"724" 7 6 77 48 101 414 1 1 35 6 7 NA 25 3 163
"725" 13 17 101 41 119 409 10 2 32 11 12 NA 34 NA 114
"726" 5 13 73 44 95 369 3 3 52 NA 5 NA 26 5 143
"727" NA 19 74 49 91 386 5 1 36 NA 4 NA 15 1 164
"728" 9 24 88 35 94 399 NA 1 34 NA 9 NA 20 8 128
"729" 7 31 77 37 84 347 NA 2 19 1 2 NA 22 4 135
"730" 7 19 84 37 145 346 5 1 20 6 5 NA 34 2 140
"731" 20 19 90 47 100 364 1 1 37 9 4 NA 29 1 128
"732" 13 16 65 46 92 370 2 1 37 12 5 NA 8 5 168
"733" 21 30 90 49 118 349 2 2 33 5 7 NA 11 3 142
"734" 8 18 91 43 116 378 2 1 24 24 8 NA 28 4 142
"735" 11 33 98 44 105 390 1 NA 34 4 8 NA 45 1 152
"736" 1 26 95 34 111 363 8 1 31 3 8 NA 10 4 145
"737" 5 29 94 43 110 353 3 NA 30 2 9 NA 20 6 158
"738" 9 8 78 41 95 371 3 2 29 16 4 NA 14 4 148
"739" 1 21 71 35 99 388 3 1 22 NA 11 NA 13 6 175
"740" 26 23 100 53 116 338 6 1 28 13 7 NA 27 8 143
"741" 18 38 93 43 103 361 3 3 32 6 9 1 30 7 142
"742" NA 20 83 46 120 398 4 1 33 15 8 NA 25 6 146
"743" 23 31 94 51 110 366 8 NA 28 NA 8 NA 31 4 159
"744" 5 16 70 46 86 375 4 1 29 3 11 NA 24 5 148
"745" 31 30 89 51 106 359 NA 1 28 5 7 NA 33 2 171
"746" 14 31 93 46 111 366 1 1 26 6 2 NA 26 4 135
"747" 4 22 106 43 103 364 1 1 29 13 7 NA 13 4 144
"748" 10 23 86 43 86 347 4 NA 44 11 10 NA 29 10 157
"749" 18 23 72 48 99 388 4 1 43 7 7 NA 22 5 166
"750" 19 28 88 48 96 375 1 1 35 7 6 NA 26 1 137
"751" 27 42 101 45 87 357 4 2 24 NA 9 NA 25 7 165
"752" 13 12 66 29 87 379 2 2 37 2 13 NA 33 7 146
"753" 16 24 84 51 96 394 1 NA 36 1 8 NA 12 3 156
"754" 13 18 97 33 108 353 1 1 19 12 11 NA 29 6 163
"755" 4 17 72 36 92 384 6 NA 24 18 10 NA 23 7 139
"756" 20 26 84 52 92 356 4 2 23 26 2 NA 26 8 134
"757" 2 21 114 54 101 367 9 4 37 16 3 1 18 2 129
"758" 10 14 83 36 109 372 3 3 32 13 5 NA 22 6 169
"759" 8 22 76 47 97 345 3 1 33 NA 6 2 33 2 143
"760" 13 16 74 43 96 320 5 2 14 2 1 NA 19 6 152
"761" 9 15 74 47 100 349 6 2 23 5 3 NA 12 2 135
"762" 13 29 88 47 103 396 1 1 35 3 7 NA 19 4 152
"763" 2 18 70 34 95 431 6 2 40 NA 9 NA 30 6 168
"764" 7 10 86 58 100 407 2 1 29 6 13 NA 26 1 127
"765" 13 10 77 60 135 400 5 1 28 2 7 NA 33 3 137
"766" 4 34 82 48 113 404 1 3 40 7 4 NA 29 2 135
"767" 6 21 95 35 110 356 3 1 26 NA 7 NA 33 1 148
"768" 20 34 85 35 99 410 1 NA 30 18 2 NA 29 7 147
"769" 8 25 84 49 93 377 6 3 21 9 8 NA 27 1 166
"770" 15 27 101 53 113 379 4 3 28 7 10 NA 28 5 161
"771" 14 21 69 45 50 364 3 3 14 11 8 NA 30 3 150
"772" 4 23 78 46 82 417 5 1 40 1 1 NA 21 5 143
"773" NA 9 76 17 99 368 1 3 32 NA 13 NA 34 2 160
"774" 3 12 89 47 116 379 4 4 40 NA 3 NA 32 1 157
"775" 17 30 93 47 125 381 3 5 41 1 10 NA 32 6 161
"776" 4 18 70 34 111 353 3 NA 29 NA 11 NA 27 3 158
"777" 7 23 89 41 121 379 9 NA 35 4 5 NA 25 3 156
"778" 8 12 76 32 100 380 4 1 35 NA 9 NA 19 2 152
"779" 2 19 97 48 101 371 7 NA 41 24 11 NA 24 1 152
"780" 17 37 87 39 117 420 3 2 26 5 13 NA 25 1 173
"781" 16 21 77 29 82 362 1 NA 24 1 9 NA 31 2 130
"782" 15 26 98 39 108 373 1 NA 15 5 7 NA 32 6 162
"783" NA 14 71 39 85 330 NA 2 29 2 4 NA 26 4 151
"784" 10 22 74 45 119 347 1 2 25 1 9 NA 21 7 138
"785" 2 18 74 62 91 363 NA 2 35 1 9 NA 24 5 165
"786" 3 18 70 37 98 349 21 4 36 3 12 NA 25 11 168
"787" 2 19 69 41 110 398 NA 2 26 1 5 NA 26 3 147
"788" 5 13 73 46 79 399 1 NA 40 13 9 NA 28 6 134
"789" 9 13 84 43 92 343 1 2 26 2 5 NA 23 4 156
"790" 6 18 75 47 135 352 NA 2 24 8 6 NA 22 2 154
"791" 6 36 88 43 101 329 NA 7 40 28 1 NA 27 8 167
"792" NA 13 69 33 81 358 2 3 30 NA 2 NA 29 5 159
"793" 13 19 79 48 103 317 2 2 27 NA 11 NA 37 5 124
"794" 9 17 60 41 80 395 3 1 26 6 9 NA 27 1 148
"795" 9 21 91 60 104 369 1 2 17 3 2 NA 22 6 150
"796" 3 8 77 54 115 381 1 NA 45 NA 10 NA 26 2 141
"797" 21 21 90 50 52 408 1 1 25 4 7 NA 31 3 134
"798" NA 23 62 55 82 383 NA 1 23 3 3 1 21 NA 137
"799" 4 29 80 47 82 333 2 1 43 3 5 NA 31 4 148
"800" 5 25 88 45 58 402 12 2 51 4 4 NA 29 2 124
"801" 21 27 90 59 87 346 NA NA 35 1 4 NA 24 3 145
"802" 27 27 90 51 108 354 1 1 30 NA 8 NA 15 4 157
"803" 14 26 90 47 104 376 1 3 24 6 5 NA 15 2 153
"804" 11 11 81 33 117 407 1 1 37 7 8 NA 18 2 156
"805" NA 13 87 31 111 371 15 4 33 17 8 NA 30 4 132
"806" 2 22 78 51 107 382 1 NA 34 1 5 NA 8 4 119
"807" 2 14 82 46 93 339 4 NA 33 3 8 NA 27 6 160
"808" NA 15 65 51 72 346 1 NA 33 5 8 NA 26 2 170
"809" 28 27 84 51 102 395 3 1 30 8 7 NA 21 7 130
"810" 16 32 75 49 104 402 3 NA 35 6 9 NA 31 6 153
"811" 1 16 87 44 89 386 6 NA 26 6 8 NA 23 5 169
"812" 11 13 61 35 73 330 4 2 32 23 9 NA 25 7 151
"813" 2 15 65 34 97 373 1 1 19 4 10 NA 27 7 147
"814" 10 29 98 44 106 322 1 3 24 15 3 NA 27 2 156
"815" 10 20 84 36 79 354 2 NA 39 2 5 NA 24 3 168
"816" 4 16 85 37 88 348 3 2 22 NA 13 NA 31 3 135
"817" 4 14 84 27 91 362 4 3 34 1 4 1 25 1 158
"818" 2 24 90 57 101 349 3 NA 27 NA 7 NA 24 8 149
"819" 18 28 61 65 96 359 1 NA 32 9 7 NA 32 NA 139
"820" 4 24 86 49 93 401 2 3 14 7 14 NA 34 7 147
"821" 9 33 88 36 108 400 1 4 37 2 5 NA 34 4 132
"822" 6 26 79 47 92 360 1 NA 29 1 10 NA 36 6 172
"823" 2 30 78 43 105 379 3 3 31 1 4 NA 41 NA 176
"824" 23 28 60 43 90 354 2 2 16 1 7 NA 20 4 178
"825" 8 14 87 46 92 425 1 1 39 16 6 NA 20 10 132
"826" 1 19 83 36 52 379 1 1 33 8 8 NA 33 4 176
"827" 3 21 76 42 106 357 NA 2 25 4 9 NA 24 2 132
"828" 24 23 73 52 106 353 7 1 32 21 8 NA 30 3 151
"829" 22 30 94 54 125 360 NA NA 34 20 10 NA 28 1 123
"830" 33 26 87 41 91 383 1 1 17 2 10 NA 26 2 168
"831" 3 16 92 42 96 392 12 1 31 8 7 NA 21 5 148
"832" 21 31 102 48 118 364 NA 2 31 9 3 NA 31 8 159
"833" 17 30 101 61 102 350 7 1 34 NA 15 NA 29 5 151
"834" 18 27 80 56 108 401 NA 1 32 1 7 NA 25 2 171
"835" 11 24 80 42 97 375 3 NA 37 7 NA NA 31 5 141
"836" 13 17 80 37 96 335 3 1 21 12 7 1 18 2 183
"837" 4 13 70 37 103 372 1 1 34 3 6 NA 22 5 152
"838" 12 31 86 53 97 346 NA NA 36 1 9 NA 37 1 142
"839" NA 17 80 46 50 361 1 NA 32 15 5 NA 27 1 133
"840" 12 34 96 41 117 349 10 3 31 2 6 NA 20 8 125
"841" 6 21 87 43 91 352 3 NA 19 2 9 1 31 3 139
"842" 19 24 92 40 116 360 NA 1 29 13 4 NA 18 6 140
"843" NA 18 104 45 45 342 2 3 30 5 9 NA 30 12 137
"844" 4 24 97 42 97 345 1 1 42 3 9 NA 29 8 154
"845" 24 19 67 41 93 351 2 2 27 3 11 NA 13 6 155
"846" 18 34 82 47 101 340 NA 1 20 7 5 NA 33 2 141
"847" 8 12 76 26 110 414 4 3 35 NA 6 NA 23 4 173
"848" 12 38 92 43 114 394 1 1 27 NA 6 NA 24 3 177
"849" 19 29 83 49 122 367 8 1 44 7 3 NA 13 8 146
"850" 1 13 61 25 88 384 1 3 35 NA 3 1 17 5 133
"851" 6 35 82 47 110 362 NA 1 35 2 7 NA 27 2 146
"852" 9 28 68 36 73 351 14 4 45 6 3 NA 13 1 157
"853" 11 22 74 42 48 383 5 2 32 3 8 NA 23 1 149
"854" 4 19 92 38 101 381 12 3 34 7 7 1 27 5 152
"855" 7 16 73 41 105 363 NA NA 25 12 5 NA 23 3 145
"856" 20 35 75 44 106 361 2 4 19 NA 9 NA 27 3 161
"857" 12 9 76 41 91 352 2 1 23 16 2 NA 17 8 173
"858" 10 11 63 40 109 385 5 NA 36 5 8 NA 21 3 149
"859" 1 26 72 34 87 348 2 3 33 2 5 NA 14 2 139
"860" 4 15 92 44 93 339 2 6 23 19 6 NA 30 3 138
"861" 12 24 97 50 107 366 1 NA 31 6 3 NA 18 6 164
"862" 14 20 74 47 47 365 1 6 36 2 11 NA 17 6 158
"863" 8 18 80 47 78 372 NA NA 24 1 8 NA 29 5 137
"864" 11 25 97 50 88 331 3 1 25 NA 3 NA 16 2 146
"865" 5 29 95 38 109 353 1 1 30 2 12 NA 27 2 137
"866" 15 16 90 34 94 386 2 2 47 2 3 NA 12 2 170
"867" 24 35 90 36 95 368 2 1 29 7 5 NA 22 1 152
"868" 1 21 88 50 94 354 1 2 35 NA 8 NA 39 3 142
"869" NA 17 84 39 86 367 6 2 32 1 5 NA 28 5 137
"870" 1 14 80 44 110 428 NA NA 39 7 13 NA 31 4 133
"871" 10 25 82 42 80 357 NA NA 30 13 11 NA 30 5 146
"872" 4 22 86 36 93 376 9 2 38 1 8 NA 17 3 143
"873" 13 37 95 45 74 380 1 1 21 NA 5 NA 30 5 161
"874" 11 30 76 49 44 408 2 1 40 2 8 NA 18 4 152
"875" 1 23 70 19 95 356 1 3 38 1 9 NA 10 1 167
"876" 8 8 75 35 82 320 2 2 17 1 7 NA 14 1 125
"877" 17 12 92 52 109 372 NA NA 37 1 8 NA 25 5 171
"878" 9 34 82 33 98 359 6 3 42 22 10 NA 12 5 136
"879" 6 16 78 36 112 389 6 3 33 11 13 NA 23 5 142
"880" 1 16 87 39 92 392 3 1 31 1 10 NA 22 4 154
"881" 4 25 107 39 114 375 NA 2 34 NA 6 NA 26 3 167
"882" 7 22 80 47 119 366 9 1 27 1 6 NA 14 3 135
"883" NA 6 73 47 89 379 2 3 32 1 2 NA 27 3 138
"884" 1 19 79 37 95 328 7 NA 21 4 7 NA 37 4 134
"885" 12 25 94 47 94 350 1 3 27 2 8 NA 27 3 155
"886" 6 25 84 59 109 354 1 1 31 NA 2 NA 20 1 151
"887" 15 16 71 41 93 394 NA 2 33 NA 6 NA 26 2 143
"888" 1 19 84 28 88 364 1 NA 33 NA 6 NA 22 6 155
"889" 1 17 80 39 85 350 3 4 30 NA 3 NA 27 8 150
"890" 2 22 89 37 89 414 4 NA 32 3 3 NA 25 1 151
"891" 23 35 85 66 96 380 4 2 28 NA 3 NA 28 1 147
"892" 10 11 67 52 97 339 2 1 25 1 3 NA 17 2 131
"893" 24 30 77 61 52 353 NA NA 30 21 5 NA 34 6 126
"894" 10 26 83 70 99 361 1 NA 12 3 4 NA 22 3 164
"895" 1 29 81 52 104 354 NA 3 22 19 6 NA 16 7 144
"896" NA 18 90 45 93 365 5 NA 30 13 16 NA 35 4 170
"897" 10 22 78 46 104 358 3 3 22 NA 5 NA 22 1 150
"898" 18 35 79 44 79 322 1 1 36 9 11 NA 21 1 133
"899" 6 33 82 35 100 415 7 4 33 1 8 NA 23 2 145
"900" 2 21 71 43 107 378 2 1 43 NA 7 NA 23 4 146
"901" 17 23 98 33 84 356 1 3 22 6 7 NA 24 7 172
"902" NA 11 67 38 96 367 3 1 27 8 7 NA 25 3 135
"903" 8 16 87 46 109 364 NA 1 40 3 3 NA 29 5 102
"904" 17 20 91 61 116 382 NA 2 33 1 8 1 43 1 147
"905" 20 24 84 57 86 394 NA 4 29 2 7 NA 18 3 163
"906" 10 31 114 62 120 366 5 3 44 6 9 NA 22 2 156
"907" 8 11 80 21 89 353 1 4 43 25 10 NA 18 8 154
"908" 14 35 93 68 88 338 15 1 12 6 2 NA 27 3 181
"909" 18 28 59 39 82 349 2 4 39 18 5 1 29 7 159
"910" 17 21 83 48 95 367 5 1 37 3 8 1 30 2 108
"911" 24 23 87 63 108 366 NA NA 29 16 6 NA 23 3 143
"912" 12 20 90 58 108 366 3 NA 29 NA 4 NA 20 5 142
"913" 3 6 62 40 73 373 1 1 35 16 9 NA 27 3 145
"914" 12 23 62 43 98 372 5 3 34 10 8 NA 37 4 157
"915" 36 30 78 52 101 384 6 1 33 9 6 NA 24 1 151
"916" 6 14 84 21 106 379 3 1 30 2 8 NA 32 5 154
"917" 16 36 123 52 92 383 5 1 31 1 11 NA 28 3 138
"918" 8 24 78 45 118 377 8 2 24 6 5 NA 26 4 152
"919" 15 19 74 47 83 343 NA NA 27 NA 9 NA 24 3 168
"920" 32 18 90 52 109 411 NA NA 21 NA 7 NA 23 6 164
"921" 4 7 112 50 95 369 2 1 29 NA 6 NA 23 1 165
"922" 4 22 76 38 88 365 3 1 28 8 11 NA 28 2 178
"923" 1 27 83 45 49 388 4 1 31 5 2 NA 28 7 123
"924" 14 27 88 38 100 345 1 1 21 1 8 NA 30 2 176
"925" 4 19 79 41 94 391 NA NA 34 3 7 NA 22 1 163
"926" 14 28 87 57 101 383 1 NA 35 5 2 NA 31 3 168
"927" 3 17 85 38 103 361 NA NA 29 3 12 NA 29 5 132
"928" 13 23 87 49 108 362 7 2 31 3 10 NA 22 1 153
"929" 12 21 95 43 42 335 NA 2 35 NA 7 NA 29 8 170
"930" 3 18 68 48 110 358 4 1 43 7 9 NA 25 1 170
"931" 5 21 107 40 109 360 7 1 22 NA 4 NA 25 1 136
"932" 21 24 75 61 118 405 NA 1 22 8 5 NA 23 1 128
"933" 10 11 52 39 93 403 3 1 31 1 3 NA 24 1 158
"934" NA 16 90 44 94 340 1 NA 35 NA 7 NA 27 1 153
"935" 3 9 102 39 126 351 9 NA 26 NA 10 NA 15 1 141
"936" 17 21 61 39 92 434 NA 2 37 NA 10 NA 32 3 138
"937" 2 19 83 44 97 354 4 1 40 1 7 NA 26 1 176
"938" 4 17 104 37 109 356 5 1 32 NA 5 1 14 7 158
"939" 18 33 72 37 91 338 5 1 28 NA 9 NA 34 3 153
"940" 5 10 84 40 96 330 2 2 36 NA 4 1 38 6 151
"941" 16 27 84 44 110 381 2 1 41 NA 9 NA 28 7 163
"942" 8 29 59 44 99 384 2 1 30 5 3 NA 30 1 142
"943" 12 30 85 41 103 382 2 1 33 7 4 NA 9 2 149
"944" 28 28 77 61 110 352 NA NA 35 1 6 NA 31 1 154
"945" 1 22 78 36 100 338 3 NA 33 4 7 NA 38 4 126
"946" 3 17 82 34 81 373 NA 1 35 4 8 NA 22 10 145
"947" 5 15 79 40 99 350 1 NA 35 4 6 NA 26 6 137
"948" 5 21 74 47 107 380 NA 2 34 7 11 NA 25 5 167
"949" 4 23 81 49 102 357 NA 3 25 NA 4 NA 30 5 155
"950" 14 27 90 47 84 366 7 3 40 7 7 NA 23 5 177
"951" 15 24 82 45 92 323 1 1 41 2 8 NA 38 3 156
"952" 13 25 82 45 94 374 1 5 46 12 12 NA 31 5 139
"953" 6 16 91 41 116 395 NA 2 19 1 7 NA 18 7 131
"954" 6 17 61 39 101 375 7 NA 28 1 7 NA 21 2 168
"955" 8 27 90 38 105 394 4 3 26 3 1 NA 35 10 140
"956" 2 13 81 43 93 393 1 1 25 6 8 NA 28 4 144
"957" 7 18 73 34 98 362 6 3 30 7 8 NA 24 2 153
"958" 21 25 79 46 103 353 11 NA 23 6 9 NA 18 2 151
"959" 6 9 109 62 106 369 11 5 42 NA 12 NA 35 1 159
"960" 4 18 76 36 98 347 9 4 49 5 4 NA 25 8 167
"961" 10 20 102 35 93 380 3 3 25 4 6 NA 8 5 145
"962" 19 16 65 53 101 407 1 1 21 NA 6 NA 21 1 141
"963" 2 25 77 50 111 363 4 1 34 2 7 NA 21 5 137
"964" 13 17 54 45 108 368 NA 1 36 NA 8 NA 22 6 145
"965" 2 25 75 46 113 374 NA 1 25 NA 5 NA 20 4 164
"966" 4 13 78 27 118 401 5 4 35 4 11 NA 27 3 135
"967" 7 17 72 36 102 344 1 NA 23 11 2 NA 22 2 154
"968" 1 11 82 34 109 386 3 2 23 6 11 NA 24 5 159
"969" 4 16 79 47 50 380 2 NA 29 4 8 NA 33 1 122
"970" 6 19 80 39 104 354 6 1 31 4 3 NA 21 2 149
"971" 3 21 88 46 101 310 3 3 28 7 10 NA 25 7 136
"972" 4 26 88 41 85 335 3 1 23 19 3 NA 29 2 138
"973" 6 21 80 39 95 368 NA 1 32 8 6 NA 31 5 179
"974" 18 42 102 50 115 383 3 1 49 NA 8 NA 26 5 153
"975" 6 19 91 50 100 324 2 1 29 1 3 NA 10 4 162
"976" 7 17 80 38 132 365 2 1 26 51 11 NA 13 8 140
"977" 22 29 104 36 90 391 8 1 24 5 6 NA 17 2 137
"978" 26 19 99 32 106 391 1 1 28 NA 11 NA 23 3 137
"979" 23 21 75 56 110 342 1 2 31 4 9 NA 20 6 165
"980" 8 20 90 51 111 367 5 3 27 9 5 NA 15 5 138
"981" 11 21 79 45 113 375 5 1 26 7 7 NA 24 3 151
"982" 27 39 82 24 106 375 1 1 21 16 14 NA 35 1 130
"983" 10 22 92 40 91 300 6 NA 35 10 7 NA 34 5 143
"984" 10 32 87 52 88 354 1 1 37 1 7 NA 24 4 169
"985" 20 31 77 36 109 384 NA 1 29 10 11 NA 26 1 149
"986" 6 23 77 49 107 363 7 4 32 5 3 NA 23 3 160
"987" NA 16 58 49 105 383 2 1 40 1 11 NA 30 10 146
"988" 1 20 88 37 103 367 3 NA 21 1 3 NA 27 5 161
"989" 8 18 65 41 86 325 1 4 22 3 11 NA 14 4 153
"990" 11 16 79 43 118 395 4 1 22 2 NA NA 24 2 156
"991" 6 15 81 46 96 396 6 2 30 3 13 NA 23 2 130
"992" 2 26 65 52 73 360 18 8 40 13 9 NA 22 7 157
"993" NA 17 60 55 110 387 1 1 38 8 6 NA 33 3 160
"994" 4 28 87 50 110 346 14 2 27 5 5 NA 31 1 166
"995" NA 23 87 51 127 364 5 1 37 2 8 NA 32 10 150
"996" 15 28 95 31 125 352 12 1 36 11 6 NA 18 1 165
"997" 1 12 80 43 90 370 1 1 30 1 5 NA 39 5 127
"998" NA 16 66 35 104 387 3 NA 41 2 7 NA 25 1 141
"999" 10 18 94 38 132 377 1 2 24 1 4 NA 28 5 138
"1000" 3 15 57 49 107 358 1 NA 35 14 17 NA 25 7 136
"1001" 9 31 83 40 97 370 10 1 26 8 6 NA 25 1 167
"1002" NA 13 78 29 102 367 15 1 41 5 8 NA 23 9 152
"1003" 13 16 92 44 94 377 3 NA 36 NA 6 NA 22 1 160
"1004" 21 37 92 50 91 355 6 1 42 4 10 NA 27 5 166
"1005" 9 24 82 45 93 367 2 3 39 2 10 NA 21 9 165
"1006" 1 21 75 70 107 397 6 2 39 12 5 NA 23 3 129
"1007" 8 15 79 46 99 359 6 1 32 2 5 NA 26 2 175
"1008" 14 37 84 39 116 390 14 3 36 9 6 NA 25 2 154
"1009" 10 19 89 45 96 359 5 1 28 5 6 NA 22 4 148
"1010" 4 18 89 45 117 360 3 2 35 5 8 NA 23 2 134
"1011" 15 27 86 43 106 353 3 1 36 NA 9 NA 19 3 133
"1012" 6 31 119 41 116 344 2 1 20 1 9 NA 28 6 167
"1013" 9 19 80 47 108 396 1 NA 32 10 4 NA 23 3 149
"1014" 2 18 65 35 91 337 2 3 37 13 7 NA 31 1 134
"1015" 17 10 64 37 87 414 2 3 30 30 3 NA 16 2 162
"1016" 1 18 74 28 72 395 1 NA 21 13 8 NA 27 5 149
"1017" 5 17 74 48 74 368 1 NA 35 12 5 NA 17 3 165
"1018" 26 25 100 48 93 361 4 1 36 1 3 NA 26 2 150
"1019" 14 21 73 44 117 401 6 NA 31 3 6 NA 28 4 158
"1020" 6 18 75 46 90 339 NA NA 22 7 14 NA 14 1 176
"1021" 10 38 99 39 114 368 2 1 45 2 5 NA 15 2 139
"1022" 14 25 79 61 93 402 41 1 43 9 10 NA 31 2 148
"1023" 20 33 105 41 73 353 NA 1 37 1 6 NA 31 4 132
"1024" 8 24 92 20 96 374 4 1 32 14 5 1 26 5 151
"1025" 8 22 79 29 56 377 4 NA 40 3 5 NA 27 3 148
"1026" 15 23 71 42 94 374 NA NA 32 3 4 NA 16 9 144
"1027" 12 16 88 34 111 348 2 1 27 NA 9 NA 22 4 145
"1028" 13 12 91 38 98 375 2 4 29 NA 6 NA 25 8 139
"1029" 10 25 86 34 96 362 NA NA 31 NA 5 NA 30 5 152
"1030" 2 25 95 42 83 367 2 1 36 8 11 1 28 2 150
"1031" 2 14 89 48 106 373 3 2 35 2 7 NA 21 1 164
"1032" 19 29 73 35 97 375 1 NA 16 15 4 NA 30 5 166
"1033" NA 27 90 32 120 398 5 NA 47 NA 1 NA 23 5 150
"1034" 6 13 100 53 78 369 1 3 39 6 5 NA 28 5 170
"1035" 14 9 79 48 120 379 2 1 28 1 4 NA 19 5 131
"1036" 27 35 83 50 104 364 NA NA 25 7 12 NA 25 3 162
"1037" 11 23 86 62 96 359 5 2 25 17 8 NA 30 3 160
"1038" NA 10 83 32 103 373 11 1 29 11 10 NA 31 5 153
"1039" 15 22 86 37 100 330 3 1 17 10 9 NA 24 1 168
"1040" 28 17 86 39 92 382 2 1 39 5 3 1 29 4 181
"1041" 3 19 85 31 87 357 1 2 31 5 13 NA 25 3 169
"1042" 19 20 93 48 108 355 6 2 36 12 9 NA 34 4 168
"1043" 17 22 65 60 88 358 2 1 42 1 6 NA 18 3 169
"1044" 15 23 83 45 106 355 5 4 33 1 8 NA 29 3 168
"1045" 26 32 80 53 100 357 1 3 29 7 7 NA 25 1 146
"1046" 6 24 77 47 93 371 1 3 27 NA 2 NA 33 6 144
"1047" 17 19 71 41 103 364 3 NA 39 21 4 NA 23 4 117
"1048" 5 31 99 50 109 362 1 1 25 17 12 NA 23 1 130
"1049" 6 24 77 31 107 346 4 3 36 4 7 1 22 1 127
"1050" 8 10 74 41 94 375 1 NA 37 10 6 1 16 4 152
"1051" 14 23 89 64 55 363 NA 1 29 11 2 NA 33 2 129
"1052" 13 31 65 37 83 409 2 1 41 5 10 NA 27 5 161
"1053" 4 29 102 48 118 366 NA NA 19 1 11 NA 29 3 173
"1054" 10 24 93 52 111 367 8 3 28 2 2 NA 28 5 161
"1055" 5 23 79 43 103 364 37 3 64 13 1 NA 23 3 133
"1056" 14 17 103 58 83 348 NA 2 28 6 7 NA 22 1 145
"1057" 8 15 78 37 96 379 4 5 39 1 11 NA 30 1 126
"1058" 6 26 99 40 112 379 NA 2 32 NA 11 NA 18 7 131
"1059" 1 18 70 28 107 391 3 NA 21 2 6 NA 19 3 164
"1060" NA 9 82 45 89 370 1 1 13 3 1 NA 28 6 152
"1061" 11 29 78 43 96 337 13 5 32 15 13 NA 29 6 154
"1062" 33 18 82 58 105 418 3 1 18 3 6 NA 19 9 163
"1063" 9 24 84 39 114 385 3 1 43 7 8 1 30 3 162
"1064" 9 17 68 43 108 419 16 NA 31 8 3 NA 32 3 148
"1065" 12 12 66 50 99 377 5 1 27 7 10 NA 20 3 144
"1066" 5 15 71 43 91 411 2 NA 33 6 6 NA 22 9 146
"1067" 17 8 72 46 92 347 1 1 21 2 15 NA 22 3 136
"1068" 2 20 73 26 89 337 3 1 39 30 2 NA 28 4 149
"1069" 11 26 70 43 89 400 2 1 20 1 9 NA 22 2 159
"1070" 6 20 73 56 96 362 3 2 38 NA 7 NA 23 9 165
"1071" 20 22 81 39 85 317 4 NA 24 15 11 NA 26 1 172
"1072" 22 30 83 40 44 361 4 1 27 NA 5 NA 29 5 125
"1073" 9 21 82 36 70 371 5 1 30 1 9 NA 30 3 149
"1074" NA 22 103 48 110 359 1 1 32 NA 9 1 29 2 139
"1075" 38 44 87 66 95 318 3 2 29 22 2 NA 31 6 172
"1076" NA 11 61 37 82 358 2 2 30 1 4 NA 22 8 146
"1077" 21 13 67 29 79 341 3 2 29 7 9 NA 34 9 178
"1078" 17 24 103 32 105 369 NA 2 42 10 3 NA 12 4 166
"1079" 11 21 98 42 94 378 NA 1 31 12 15 NA 31 2 131
"1080" 14 23 91 40 98 325 1 3 33 2 13 NA 30 1 150
"1081" 31 31 81 60 110 389 3 5 38 22 5 NA 25 4 151
"1082" 1 31 79 37 101 351 2 NA 38 2 3 NA 20 4 149
"1083" NA 11 53 41 93 346 1 NA 32 3 11 NA 25 5 149
"1084" 2 16 82 58 88 370 NA 3 24 4 14 NA 35 3 115
"1085" 13 28 80 36 101 390 2 4 28 3 6 NA 26 8 159
"1086" 10 25 72 54 98 369 2 3 33 NA 6 NA 26 NA 148
"1087" 31 29 90 58 102 348 2 NA 33 5 7 NA 29 4 157
"1088" 10 23 83 35 95 356 3 4 18 2 4 NA 25 2 172
"1089" 23 23 74 38 116 360 4 1 29 4 13 1 27 2 149
"1090" 1 23 91 37 108 362 NA 3 32 NA 3 NA 10 1 152
"1091" 15 21 68 37 113 396 1 NA 21 NA 9 NA 27 5 153
"1092" 6 20 73 16 95 371 4 1 43 12 5 NA 27 5 156
"1093" 5 28 75 54 106 350 14 1 41 15 12 NA 24 7 148
"1094" 17 22 91 46 125 360 9 1 31 9 6 NA 15 4 144
"1095" 3 17 77 37 104 384 NA 1 31 1 6 NA 27 8 144
"1096" 18 25 84 37 95 368 1 NA 44 4 7 NA 25 6 145
"1097" 10 25 69 45 88 393 1 NA 22 2 9 1 25 2 157
"1098" 6 16 76 35 97 366 NA NA 25 3 8 NA 19 9 152
"1099" 20 25 94 40 87 354 2 1 31 3 8 NA 21 3 148
"1100" 3 25 90 50 79 377 NA NA 34 2 8 1 21 6 134
"1101" 10 27 78 47 54 362 11 6 43 1 6 NA 28 NA 149
"1102" NA 25 97 46 96 354 5 1 38 6 9 NA 22 5 147
"1103" 1 15 84 41 96 399 2 3 36 NA 13 NA 25 4 178
"1104" 1 14 94 37 105 412 1 2 28 NA 3 NA 33 4 158
"1105" 16 21 77 43 99 389 2 1 33 2 11 1 28 7 121
"1106" 4 26 82 43 80 370 3 1 16 5 5 NA 17 1 125
"1107" 2 12 106 42 103 361 3 NA 26 1 7 NA 21 10 161
"1108" 30 29 69 48 131 414 3 2 35 2 5 NA 34 2 140
"1109" 25 23 82 39 98 357 10 1 31 2 6 1 22 8 170
"1110" 11 21 67 50 99 352 1 3 35 3 11 NA 27 3 155
"1111" 3 22 100 41 106 355 5 3 38 14 10 NA 23 3 161
"1112" 6 15 76 34 105 364 NA 1 48 4 13 NA 17 2 163
"1113" 5 27 87 41 97 361 1 1 30 NA 2 NA 23 6 151
"1114" 17 27 89 37 103 351 NA 1 22 4 14 NA 17 6 143
"1115" 17 20 71 46 110 364 NA 1 27 1 13 NA 29 2 141
"1116" 9 27 88 42 73 400 6 1 37 2 10 NA 34 1 160
"1117" 10 24 86 49 76 374 1 NA 30 2 10 1 39 1 149
"1118" 6 23 63 37 109 403 2 NA 37 4 7 NA 24 5 155
"1119" 7 31 93 38 81 367 16 NA 28 NA 4 NA 28 2 152
"1120" 3 30 93 43 107 393 4 2 35 3 6 NA 23 2 148
"1121" 16 9 78 46 116 358 1 2 26 6 9 NA 33 1 155
"1122" 35 40 93 47 105 380 3 1 29 4 7 NA 29 4 177
"1123" 13 23 87 38 95 330 5 4 37 5 11 NA 21 1 127
"1124" 13 18 89 42 112 356 NA 1 34 6 10 NA 18 1 170
"1125" 10 21 103 52 90 358 5 2 34 10 10 NA 29 3 164
"1126" 40 19 84 40 90 405 1 3 46 1 10 NA 21 3 140
"1127" 4 23 75 53 97 364 2 3 35 3 12 NA 29 2 142
"1128" 6 32 71 54 97 344 6 1 31 5 11 NA 24 1 148
"1129" 1 16 77 49 92 387 NA 1 33 1 9 NA 20 7 157
"1130" 17 23 81 45 98 382 NA NA 31 1 8 NA 32 5 170
"1131" 8 36 108 46 118 376 10 2 34 2 6 1 34 5 152
"1132" 2 15 89 41 88 386 15 3 37 1 2 NA 30 4 142
"1133" 16 21 92 44 117 405 6 1 28 10 10 NA 28 5 150
"1134" 15 26 79 62 108 377 2 NA 30 NA 4 NA 20 7 153
"1135" 23 21 85 66 93 344 1 1 26 1 9 NA 26 5 161
"1136" 18 21 62 41 89 383 1 1 36 7 13 NA 20 7 148
"1137" 2 13 74 37 103 396 1 NA 33 1 6 NA 24 6 144
"1138" 4 22 81 17 50 361 1 2 38 NA 4 NA 17 3 155
"1139" 34 31 71 60 95 344 1 2 33 3 1 NA 21 3 147
"1140" 2 19 109 38 121 370 1 NA 34 11 7 NA 27 8 157
"1141" 2 19 61 56 75 338 NA NA 31 NA 11 NA 28 6 145
"1142" 16 34 78 51 90 374 11 1 31 2 6 NA 31 4 165
"1143" 13 26 91 46 96 401 1 3 33 7 7 NA 26 6 154
"1144" 14 31 82 53 96 353 5 1 29 NA 11 NA 19 1 162
"1145" 4 20 93 33 88 361 9 3 30 NA 6 NA 23 3 141
"1146" 9 24 78 52 91 347 3 1 20 NA 4 NA 25 1 138
"1147" 16 19 84 59 54 379 1 NA 40 2 9 NA 33 4 155
"1148" 3 24 82 47 90 410 4 1 31 12 7 NA 14 8 154
"1149" 15 21 87 43 92 376 3 3 27 2 5 NA 26 3 133
"1150" 17 21 86 49 97 416 NA NA 38 NA 9 NA 33 8 140
"1151" 25 17 94 44 100 327 6 NA 39 NA 1 NA 17 7 133
"1152" 7 28 71 30 101 364 3 NA 34 1 7 NA 19 2 141
"1153" 13 25 86 57 97 362 NA 1 25 3 7 NA 16 4 171
"1154" 19 22 85 45 124 398 3 1 30 2 10 NA 23 5 137
"1155" 13 44 89 50 111 428 4 3 33 2 5 NA 28 8 135
"1156" 6 13 72 50 97 372 1 NA 35 4 6 NA 23 1 145
"1157" 9 25 90 44 83 326 NA 3 22 17 4 NA 14 3 149
"1158" 3 26 92 41 98 366 7 1 25 29 12 NA 27 1 160
"1159" 19 25 78 55 107 410 2 1 26 12 5 NA 18 1 169
"1160" 2 10 83 44 96 352 2 1 46 4 5 NA 24 6 161
"1161" NA 5 77 29 99 323 5 1 20 NA 4 NA 20 4 167
"1162" 9 15 51 42 91 391 NA NA 32 9 6 NA 27 7 145
"1163" 10 26 70 37 83 402 1 1 22 8 15 NA 17 3 162
"1164" NA 27 81 39 86 377 1 1 17 NA 7 NA 28 9 171
"1165" NA 11 108 41 115 344 3 3 27 NA 14 NA 25 2 144
"1166" 6 27 96 53 100 369 15 2 41 NA 3 NA 29 3 160
"1167" 5 23 67 43 109 395 1 NA 39 10 7 NA 15 2 172
"1168" 3 8 67 21 101 316 16 1 36 NA 11 NA 21 4 150
"1169" 21 22 76 35 95 368 NA NA 25 6 5 1 20 5 127
"1170" 24 30 91 58 109 353 NA NA 21 NA 3 NA 27 3 129
"1171" 6 26 78 53 122 326 9 5 54 2 13 NA 29 3 170
"1172" NA 17 83 43 100 405 7 4 47 1 6 NA 19 2 163
"1173" 16 21 82 52 86 370 2 NA 34 1 8 NA 31 4 141
"1174" 6 25 72 42 92 385 4 3 31 NA 12 NA 23 NA 157
"1175" 5 16 104 41 54 359 1 NA 36 2 8 NA 34 3 151
"1176" 21 32 65 60 98 381 3 1 41 11 7 NA 24 12 143
"1177" 6 25 86 65 116 399 4 NA 29 17 6 NA 31 5 154
"1178" 8 19 84 45 100 363 7 1 42 7 7 2 21 5 157
"1179" 4 14 78 46 117 362 1 1 34 NA 3 NA 16 8 155
"1180" NA 18 87 41 101 344 7 1 41 8 9 NA 22 7 154
"1181" 11 9 91 37 125 352 1 6 30 1 6 1 30 5 158
"1182" 3 20 88 32 94 356 1 2 40 11 10 NA 31 4 169
"1183" 14 12 85 35 108 378 NA 1 40 NA 14 NA 35 2 178
"1184" 4 14 75 31 104 396 1 NA 46 15 6 NA 26 3 148
"1185" 24 26 82 45 97 373 1 1 39 12 10 NA 17 3 170
"1186" 17 29 93 54 129 353 1 1 35 10 15 NA 18 2 170
"1187" 13 25 83 47 109 338 2 1 38 12 8 NA 21 8 149
"1188" 10 24 71 45 103 343 1 1 30 NA 10 NA 32 3 154
"1189" 13 19 82 34 94 355 6 1 20 11 8 1 24 6 144
"1190" 4 18 91 37 104 347 NA 2 27 2 8 NA 24 3 178
"1191" 9 21 85 45 109 356 15 1 45 3 9 NA 29 4 163
"1192" 11 12 56 45 96 350 3 1 35 2 4 NA 11 3 150
"1193" 27 26 82 58 104 350 NA 3 37 5 10 NA 27 3 159
"1194" 4 28 88 36 98 351 NA 3 38 19 11 NA 36 6 134
"1195" 10 21 85 49 95 351 4 1 30 NA 8 NA 21 1 161
"1196" 26 21 62 32 65 317 NA NA 29 7 2 NA 25 1 161
"1197" 21 13 73 41 102 371 2 4 39 22 6 NA 21 3 152
"1198" 9 27 88 57 108 393 1 3 42 NA 14 NA 21 8 145
"1199" 2 19 85 38 112 417 2 NA 24 NA 9 NA 27 3 177
"1200" 4 17 62 38 119 394 13 1 35 NA 2 NA 30 6 150
"1201" 4 7 66 45 108 377 1 2 38 1 7 NA 27 2 162
"1202" 26 27 68 56 50 344 3 1 32 5 8 NA 27 8 135
"1203" 2 27 90 37 81 339 7 NA 26 1 10 NA 18 4 136
"1204" 9 29 77 53 86 370 8 1 36 NA 9 NA 36 3 155
"1205" NA 19 86 44 112 373 6 1 12 NA 8 NA 13 6 151
"1206" 7 28 84 44 107 372 6 3 31 23 9 NA 13 5 133
"1207" 21 12 86 43 116 381 2 2 27 NA 12 NA 33 5 137
"1208" 11 26 75 47 92 393 3 3 29 NA 11 NA 18 3 133
"1209" 10 24 84 47 92 356 2 1 30 2 7 NA 29 6 168
"1210" 4 13 67 32 99 319 3 4 36 3 3 NA 28 3 178
"1211" 3 14 73 42 102 389 5 3 23 5 8 NA 19 7 144
"1212" 5 25 77 61 102 341 4 3 31 1 6 NA 28 3 132
"1213" 10 25 85 22 93 376 1 4 30 4 5 NA 27 1 144
"1214" 2 24 85 45 84 369 26 3 47 1 8 NA 25 3 142
"1215" 5 24 87 50 105 411 NA 1 35 1 4 NA 9 3 128
"1216" 6 23 61 40 98 367 1 1 31 NA 10 NA 33 11 152
"1217" 13 21 82 46 84 340 1 1 37 NA 11 NA 31 4 150
"1218" 22 18 91 38 114 378 2 3 27 7 7 NA 26 2 164
"1219" 36 33 84 37 105 387 9 3 34 15 7 NA 27 7 170
"1220" 5 19 80 47 116 338 5 NA 37 3 8 NA 28 5 111
"1221" 7 32 69 37 83 361 12 1 27 5 6 NA 20 5 164
"1222" 1 30 103 43 120 362 NA NA 38 7 5 NA 22 NA 149
"1223" 4 11 61 27 81 382 NA 1 46 1 5 NA 28 3 168
"1224" 1 24 86 44 97 366 6 NA 23 6 5 NA 27 1 141
"1225" 6 15 84 47 105 366 2 NA 33 NA 13 NA 31 10 155
"1226" 4 18 86 33 96 364 4 3 31 6 4 NA 24 1 163
"1227" 12 30 89 61 94 365 3 1 19 4 14 NA 9 5 159
"1228" 4 12 65 33 77 408 NA NA 16 15 10 NA 28 2 159
"1229" 51 25 78 64 107 403 NA 1 30 NA 6 NA 28 3 151
"1230" NA 22 80 40 96 378 23 NA 35 NA 8 NA 23 6 148
"1231" 6 12 71 39 103 361 1 1 32 15 3 NA 21 2 155
"1232" 18 14 90 45 114 399 5 1 36 2 15 NA 35 1 176
"1233" 5 19 85 50 87 328 1 2 28 9 13 NA 15 3 158
"1234" 7 18 92 37 95 367 3 3 28 1 4 NA 25 4 163
"1235" 9 26 83 49 104 331 NA 2 36 7 11 NA 31 5 152
"1236" 10 19 75 43 82 392 5 2 22 2 5 NA 22 2 153
"1237" 11 13 75 41 99 363 14 1 24 8 10 NA 33 4 135
"1238" 3 20 80 57 107 385 1 3 35 NA 11 NA 25 6 138
"1239" 5 15 64 33 97 351 NA 1 23 10 10 NA 30 2 163
"1240" 25 34 76 55 107 373 2 2 34 8 3 NA 22 9 146
"1241" 6 15 55 53 98 341 NA 1 23 4 3 NA 32 5 146
"1242" 10 33 97 47 94 336 8 2 25 NA 11 NA 31 4 164
"1243" 6 23 74 38 80 358 1 2 43 NA 13 NA 21 3 147
"1244" 18 40 87 61 112 367 1 1 34 13 3 NA 32 3 144
"1245" 1 16 74 40 120 388 3 1 36 10 7 NA 21 7 141
"1246" 9 21 84 39 92 342 23 1 39 7 11 NA 15 5 170
"1247" 35 29 80 55 91 401 1 2 44 1 7 NA 30 3 144
"1248" 2 24 90 32 103 400 NA 2 33 5 3 NA 22 3 143
"1249" 24 12 69 51 90 391 3 3 26 8 8 NA 13 3 163
"1250" 2 18 74 50 103 377 7 NA 31 20 3 NA 24 9 146
"1251" 13 16 96 31 97 335 NA NA 29 1 2 NA 33 6 153
"1252" 16 27 77 45 106 373 3 2 24 4 3 NA 30 9 119
"1253" 2 10 79 37 55 365 8 2 27 4 5 1 19 6 174
"1254" 9 29 93 45 89 339 1 1 27 NA 9 NA 29 2 171
"1255" 6 16 81 43 78 366 2 NA 32 4 7 NA 22 3 140
"1256" 4 15 72 36 102 391 1 3 28 3 6 NA 19 8 165
"1257" 28 11 90 49 105 406 2 NA 26 4 7 NA 34 NA 178
"1258" 13 16 92 43 97 379 1 1 34 NA 9 NA 26 1 171
"1259" 22 19 82 47 101 423 2 1 27 NA 8 NA 31 4 139
"1260" NA 23 69 39 82 356 3 2 33 7 7 NA 20 4 141
"1261" 23 28 90 38 96 378 1 2 33 8 7 NA 14 1 160
"1262" 4 18 79 43 77 410 4 1 35 2 6 NA 27 4 145
"1263" 11 21 93 38 77 335 NA 1 36 NA 5 NA 23 4 124
"1264" NA 8 85 35 96 376 3 4 34 NA 3 NA 28 2 146
"1265" 31 15 96 44 98 356 1 NA 29 12 8 NA 35 4 176
"1266" 3 29 66 30 98 367 1 NA 35 NA 12 NA 29 3 169
"1267" 11 28 71 51 87 378 3 2 28 15 9 NA 35 1 147
"1268" 10 23 69 43 115 393 5 NA 36 3 7 NA 27 5 177
"1269" 3 17 62 39 84 377 1 1 47 4 2 NA 28 4 167
"1270" 9 21 76 20 99 350 NA 2 36 2 11 NA 25 1 147
"1271" 2 31 84 51 85 373 1 NA 19 2 5 NA 26 5 166
"1272" 20 19 93 37 99 373 1 1 26 NA 6 NA 19 3 139
"1273" 21 27 81 43 106 344 2 1 20 16 6 NA 28 6 164
"1274" 3 38 69 52 109 355 4 1 33 4 7 NA 27 4 137
"1275" 4 17 81 41 71 356 11 1 40 9 7 1 17 3 140
"1276" 19 26 68 41 97 390 1 1 23 3 10 NA 36 4 139
"1277" 3 11 65 42 75 341 1 2 25 14 9 NA 7 1 162
"1278" 24 22 65 49 88 360 2 1 33 5 6 NA 26 6 151
"1279" 1 8 83 40 124 372 1 NA 20 2 5 NA 27 8 148
"1280" 19 22 110 61 107 398 5 1 30 10 5 NA 23 2 154
"1281" 1 21 81 29 131 357 7 1 36 3 2 NA 19 3 149
"1282" 1 26 78 42 108 359 2 NA 29 NA 7 NA 26 4 157
"1283" 3 13 79 37 80 378 2 NA 40 18 5 NA 19 3 136
"1284" 21 17 76 32 98 356 1 1 26 NA 7 NA 26 8 148
"1285" 12 27 88 44 94 372 1 NA 20 4 16 NA 12 4 151
"1286" 14 20 70 33 106 403 26 4 26 1 5 NA 23 7 168
"1287" 5 26 75 49 108 388 1 NA 40 78 5 NA 27 5 153
"1288" 11 29 68 39 123 374 1 1 33 NA 7 NA 27 3 157
"1289" 3 16 76 54 115 339 15 4 40 1 5 NA 33 NA 126
"1290" 17 29 80 62 105 338 2 2 35 4 13 NA 26 2 158
"1291" 16 29 92 51 102 386 2 NA 25 12 13 NA 21 3 120
"1292" 7 19 101 48 112 338 NA 5 31 12 4 NA 22 5 152
"1293" 12 23 117 38 56 351 NA 1 36 14 13 NA 11 5 141
"1294" 7 27 88 57 119 342 5 6 20 NA 9 NA 17 5 171
"1295" 3 16 78 34 84 383 4 NA 28 1 13 NA 23 3 156
"1296" 8 14 79 37 113 395 1 NA 39 4 9 NA 22 3 162
"1297" NA 17 68 40 92 354 2 1 24 13 13 NA 23 2 129
"1298" 4 27 83 49 88 398 NA 1 31 1 1 NA 21 1 132
"1299" 12 24 61 45 92 388 NA NA 36 6 8 NA 26 2 134
"1300" 17 29 92 51 110 363 2 1 19 13 5 1 19 1 169
"1301" 14 17 73 50 93 318 1 1 27 3 5 1 16 3 150
"1302" 5 18 74 45 115 362 NA 1 37 7 6 NA 26 4 156
"1303" 20 20 81 63 94 355 17 6 33 9 6 NA 24 4 136
"1304" 6 12 68 34 52 364 3 2 40 NA 6 NA 11 9 145
"1305" NA 10 77 37 101 374 1 NA 31 NA 11 NA 23 4 163
"1306" 21 32 83 49 93 408 5 1 33 3 4 NA 24 4 138
"1307" 4 15 55 41 98 338 2 2 25 2 12 NA 24 7 173
"1308" 4 18 75 19 113 393 NA NA 24 10 3 NA 23 3 125
"1309" 21 31 81 50 99 365 5 NA 24 1 3 NA 13 3 138
"1310" 14 19 104 29 85 366 1 1 40 NA 11 NA 35 3 145
"1311" 3 19 67 56 85 355 NA NA 30 24 11 NA 31 3 165
"1312" 13 22 90 59 104 341 5 NA 39 5 15 NA 27 5 160
"1313" 4 27 90 57 97 340 3 1 28 NA 4 NA 22 3 139
"1314" 11 29 84 37 104 403 11 1 27 5 5 NA 31 3 162
"1315" 5 25 80 33 99 415 NA 1 21 NA 5 NA 10 3 147
"1316" 24 25 77 45 110 371 1 2 22 2 5 NA 22 3 156
"1317" 16 28 99 44 109 422 1 4 32 3 8 NA 22 2 153
"1318" 5 18 74 40 89 343 1 NA 35 1 3 NA 28 7 147
"1319" 29 31 92 38 101 378 6 2 24 1 10 NA 24 6 132
"1320" 1 10 76 41 101 384 2 1 42 5 12 NA 27 4 143
"1321" NA 17 88 46 101 329 1 3 53 3 10 NA 12 6 155
"1322" 7 9 98 41 97 403 1 1 34 NA 11 NA 19 2 135
"1323" 3 24 96 35 95 372 2 3 30 2 11 NA 11 3 137
"1324" 17 33 81 45 80 390 5 2 41 9 11 NA 34 3 133
"1325" NA 19 90 41 93 349 4 1 21 14 7 NA 39 5 170
"1326" 17 27 70 39 100 414 1 1 28 13 2 NA 26 5 139
"1327" 6 25 89 43 89 372 4 1 36 NA 5 NA 27 5 174
"1328" 6 14 68 35 109 378 2 2 20 3 2 NA 29 2 147
"1329" 10 26 82 40 86 357 NA NA 24 16 9 NA 26 5 170
"1330" NA 22 81 23 81 372 23 1 41 1 2 NA 22 8 142
"1331" 10 23 69 56 89 358 1 NA 53 NA 11 NA 31 3 137
"1332" 3 20 84 36 91 373 1 NA 35 NA 6 NA 22 3 143
"1333" 17 22 88 30 100 352 NA 2 46 16 6 NA 31 1 150
"1334" 15 10 81 52 103 392 8 2 31 2 9 NA 21 7 118
"1335" 9 20 81 36 109 381 3 NA 22 21 2 NA 15 9 147
"1336" NA 17 99 27 110 354 NA 3 31 10 4 NA 19 8 174
"1337" 11 29 82 46 94 396 1 2 32 26 6 NA 30 4 158
"1338" 4 26 84 54 115 424 9 NA 29 NA 6 NA 27 8 170
"1339" 10 18 72 38 82 383 NA NA 37 13 13 NA 22 4 148
"1340" 1 17 59 38 72 343 7 1 35 4 5 NA 13 3 172
"1341" 8 30 94 43 90 408 1 1 32 1 8 NA 19 3 158
"1342" 8 18 78 20 86 405 NA 1 19 NA 5 NA 28 2 180
"1343" 11 17 77 44 82 402 9 2 21 19 6 NA 21 5 154
"1344" 13 21 67 64 90 352 17 1 50 12 5 NA 26 3 146
"1345" 16 24 99 46 93 346 8 NA 24 7 9 NA 33 6 152
"1346" 4 26 79 33 93 379 16 4 21 8 11 NA 18 3 143
"1347" 4 16 64 37 88 371 NA 3 28 NA 6 NA 16 1 144
"1348" 2 28 69 52 85 314 1 NA 22 NA 8 1 30 7 142
"1349" 6 30 82 52 95 375 6 1 22 NA 6 NA 25 2 141
"1350" 7 14 71 56 75 388 NA 1 28 10 7 NA 16 1 145
"1351" 11 21 92 37 100 402 1 NA 41 2 14 NA 23 9 136
"1352" 17 26 61 23 83 346 2 2 33 1 9 NA 33 3 135
"1353" 7 31 94 49 105 372 7 1 41 9 5 NA 29 3 147
"1354" 1 15 73 42 110 372 5 3 24 NA 5 NA 20 5 168
"1355" 15 37 101 47 99 381 5 1 48 NA 14 NA 24 6 162
"1356" 2 16 82 28 107 365 5 1 29 1 6 NA 29 6 165
"1357" NA 11 68 47 99 346 5 NA 23 13 7 NA 27 3 147
"1358" 4 13 82 28 95 378 1 1 23 3 9 NA 29 4 151
"1359" NA 28 90 45 111 383 5 3 22 6 9 NA 16 3 139
"1360" 23 17 76 53 97 345 1 NA 24 1 9 NA 25 5 137
"1361" 19 24 77 49 99 351 6 1 39 2 6 NA 22 1 159
"1362" NA 20 71 30 97 384 NA 1 37 4 11 NA 28 3 151
"1363" 16 24 101 53 108 340 4 3 32 3 9 NA 33 4 157
"1364" NA 14 95 47 97 384 NA NA 33 21 7 NA 23 4 147
"1365" 4 16 81 49 103 347 8 1 32 3 14 NA 22 2 153
"1366" 4 17 90 36 108 356 2 4 28 NA 8 NA 25 1 175
"1367" 10 25 93 42 117 359 8 3 34 NA 2 NA 27 3 159
"1368" 6 20 85 40 93 398 1 5 38 NA 7 NA 22 1 191
"1369" 3 19 83 40 85 378 NA 1 32 5 8 NA 26 2 133
"1370" 16 22 95 42 109 403 8 1 33 NA 7 1 21 4 158
"1371" 18 26 80 54 103 368 NA 1 32 1 3 NA 17 2 145
"1372" 11 27 94 48 100 359 7 NA 31 5 3 NA 22 4 135
"1373" 16 32 81 57 108 388 NA NA 37 10 8 NA 25 4 168
"1374" 3 11 94 30 103 354 1 2 37 NA 9 NA 17 1 114
"1375" 5 17 77 42 111 389 3 1 33 9 10 NA 16 2 160
"1376" 9 20 88 40 93 358 1 NA 23 4 9 NA 35 5 137
"1377" 4 18 72 40 104 376 NA 2 42 16 8 NA 34 6 168
"1378" 3 39 90 46 109 349 2 1 26 2 18 NA 26 7 174
"1379" 11 38 90 59 46 359 12 NA 38 NA 10 NA 18 4 181
"1380" 14 25 78 38 111 405 3 2 28 NA 3 NA 35 5 179
"1381" 15 20 87 27 99 399 1 2 27 3 5 NA 13 5 160
"1382" 1 13 77 47 105 376 NA 1 32 14 4 NA 21 4 161
"1383" 18 24 100 51 99 371 8 1 27 NA 7 NA 34 3 141
"1384" 9 13 68 48 45 344 1 1 18 8 3 1 26 6 163
"1385" 1 27 98 40 100 382 NA 2 29 NA 3 NA 19 1 147
"1386" 16 25 92 45 82 366 1 4 28 NA 7 NA 29 8 140
"1387" 12 28 86 56 99 369 3 1 37 8 9 NA 14 5 147
"1388" 7 21 65 40 114 378 12 1 40 NA 6 NA 21 3 174
"1389" 7 22 93 49 58 382 1 3 22 6 5 NA 19 5 159
"1390" 5 13 72 40 96 401 2 3 23 1 2 NA 21 1 151
"1391" 7 16 89 39 94 404 8 NA 22 2 11 NA 25 4 157
"1392" 17 33 88 51 88 367 1 4 23 1 9 NA 26 4 134
"1393" 5 33 75 36 94 407 3 1 21 1 1 NA 25 4 152
"1394" 11 26 72 20 90 364 1 1 26 2 8 NA 20 3 152
"1395" 6 23 76 53 102 396 2 1 33 NA 5 NA 11 NA 152
"1396" 6 23 98 47 56 389 NA 1 33 NA 7 NA 31 3 152
"1397" 18 25 99 34 79 358 1 1 26 9 4 NA 25 5 167
"1398" 20 19 77 53 108 353 4 1 44 1 5 1 29 6 116
"1399" NA 10 73 52 101 370 1 3 28 4 1 NA 19 10 163
"1400" 7 34 85 57 54 375 5 1 32 4 2 NA 26 1 128
"1401" 46 36 87 22 96 401 34 NA 55 2 7 NA 26 6 147
"1402" 17 24 103 49 107 378 NA NA 28 3 12 NA 35 3 139
"1403" 1 22 69 24 97 389 4 1 21 NA 7 NA 25 2 159
"1404" 11 13 87 43 101 394 1 1 43 NA 7 1 35 2 163
"1405" 3 17 81 54 105 363 15 1 34 2 4 NA 21 4 155
"1406" 11 23 83 69 84 355 5 3 33 2 13 NA 19 4 146
"1407" 11 10 97 43 84 388 3 1 25 5 5 NA 36 3 146
"1408" 8 25 81 66 115 405 1 NA 25 8 4 NA 10 1 175
"1409" 10 15 93 48 109 373 NA 1 36 1 7 NA 26 3 161
"1410" 9 19 75 36 109 404 NA 4 36 4 4 NA 28 5 155
"1411" 2 32 85 34 122 344 2 2 17 2 9 NA 32 6 101
"1412" 10 18 83 30 89 344 9 5 38 NA 8 NA 10 5 126
"1413" 3 20 85 39 88 369 1 1 26 23 5 NA 21 1 166
"1414" 2 14 85 46 90 390 1 1 26 1 3 NA 25 1 138
"1415" 13 24 71 49 102 363 3 3 27 4 11 1 27 6 199
"1416" 6 25 96 41 99 349 1 NA 24 1 1 NA 30 3 162
"1417" 2 15 80 49 100 362 1 NA 22 6 15 1 30 3 177
"1418" NA 9 80 44 108 403 1 1 25 10 9 NA 27 4 129
"1419" 5 21 82 46 113 376 NA NA 41 4 2 NA 33 2 133
"1420" 2 9 83 34 96 344 1 NA 48 2 5 NA 23 1 152
"1421" 8 27 69 29 86 319 1 NA 33 3 9 NA 25 1 127
"1422" 13 19 91 58 100 413 8 1 28 16 10 NA 21 6 134
"1423" 14 29 92 41 107 337 1 4 49 5 3 NA 21 5 157
"1424" 2 16 80 48 105 371 1 2 23 8 5 NA 29 4 140
"1425" 7 29 85 52 113 357 10 4 29 1 6 NA 28 3 152
"1426" 10 34 84 39 115 377 1 1 21 1 5 NA 38 3 162
"1427" 10 23 83 46 107 350 10 4 25 3 3 NA 29 1 128
"1428" 11 21 105 47 105 353 3 3 33 2 8 NA 26 4 152
"1429" 4 16 81 35 105 374 1 NA 25 28 4 NA 22 4 153
"1430" 9 17 67 43 125 381 4 1 38 NA 13 NA 36 9 161
"1431" 6 28 75 44 84 369 7 1 23 15 7 NA 20 5 136
"1432" 1 22 77 47 100 372 4 1 30 NA 7 NA 25 2 155
"1433" 3 23 91 43 99 361 3 NA 13 1 2 NA 23 7 152
"1434" 4 6 86 33 118 402 1 3 37 7 9 NA 34 4 154
"1435" 13 20 83 34 91 366 12 3 39 NA 7 NA 23 5 148
"1436" 2 17 62 40 95 395 3 2 33 10 2 NA 11 3 142
"1437" 9 19 88 51 110 370 1 1 24 6 7 NA 28 10 155
"1438" 16 23 83 45 102 337 6 1 48 5 5 NA 35 6 166
"1439" 14 27 79 43 104 337 NA 3 35 3 6 NA 21 2 158
"1440" 4 19 81 40 98 345 6 1 43 8 9 1 40 1 167
"1441" 28 23 79 51 91 321 2 2 28 3 9 NA 40 2 144
"1442" 9 26 58 47 73 340 1 NA 36 2 9 NA 39 6 153
"1443" 2 18 81 44 103 404 1 3 37 2 8 NA 25 8 140
"1444" 7 25 69 44 95 349 NA 1 40 2 6 1 25 1 146
"1445" 9 23 75 45 95 392 NA NA 22 NA 7 NA 31 4 134
"1446" 10 22 96 43 103 363 2 3 34 12 9 NA 27 8 182
"1447" 7 13 70 39 87 361 3 NA 28 4 3 NA 27 5 140
"1448" 1 32 86 50 114 359 3 NA 19 2 12 NA 23 1 155
"1449" 17 39 86 46 117 414 5 1 17 1 11 NA 31 3 169
"1450" 24 20 71 46 91 328 1 1 31 14 4 NA 21 6 159
"1451" 2 19 97 47 92 364 5 NA 38 NA 12 NA 31 2 175
"1452" 6 24 82 40 87 395 7 NA 29 NA 5 NA 19 4 126
"1453" 6 21 76 54 94 398 NA 3 38 17 10 NA 21 5 153
"1454" 9 16 73 40 91 363 10 7 42 9 13 NA 29 1 148
"1455" 15 29 90 47 118 350 5 7 29 3 11 NA 28 3 116
"1456" 9 23 79 38 118 366 4 4 19 3 8 NA 24 3 161
"1457" 7 16 83 44 95 382 1 1 33 16 7 NA 26 1 158
"1458" 13 17 83 34 100 373 3 1 28 NA 8 NA 26 2 143
"1459" 26 26 93 50 111 390 2 2 42 1 10 NA 32 3 137
"1460" 5 10 69 40 80 367 NA NA 26 2 17 NA 28 6 132
"1461" 3 15 65 42 87 352 1 1 20 NA 7 NA 23 7 131
"1462" 16 37 73 66 77 366 1 4 19 4 9 NA 19 5 169
"1463" 9 14 80 40 90 360 1 2 40 13 6 NA 24 1 172
"1464" 10 21 87 42 120 349 1 NA 35 NA 13 1 31 4 158
"1465" 21 24 80 52 47 421 13 1 43 2 7 NA 25 5 158
"1466" NA 8 82 26 118 381 7 NA 33 13 11 NA 25 3 158
"1467" 16 24 73 36 84 346 17 2 38 5 4 NA 26 3 147
"1468" NA 12 84 41 99 341 1 1 43 NA 5 NA 34 4 145
"1469" 8 10 85 38 113 377 1 NA 35 19 4 NA 16 3 133
"1470" 5 16 90 41 104 410 28 3 60 5 2 NA 16 1 159
"1471" 15 29 94 23 101 384 NA NA 31 5 5 NA 29 5 144
"1472" 3 8 71 41 91 399 2 1 28 11 6 NA 23 NA 118
"1473" 21 36 82 35 109 371 13 NA 30 3 4 NA 22 6 145
"1474" 2 16 72 25 100 354 3 NA 31 8 8 NA 24 6 151
"1475" 19 22 85 45 103 350 NA 1 41 4 5 NA 21 1 126
"1476" 2 11 83 37 101 393 2 NA 36 NA 7 NA 34 2 154
"1477" 8 24 74 36 103 376 1 2 39 2 8 NA 25 1 151
"1478" 3 26 68 40 104 367 4 1 26 3 5 NA 12 1 150
"1479" 8 17 80 43 84 362 5 3 33 4 10 NA 23 5 153
"1480" 2 14 90 47 93 364 5 3 29 24 9 NA 29 3 156
"1481" 12 33 93 50 119 379 5 2 26 3 18 NA 41 4 129
"1482" 1 17 73 49 104 340 3 5 35 9 7 NA 30 1 146
"1483" 4 23 78 48 93 369 3 1 30 7 6 1 30 5 131
"1484" 3 11 77 39 111 360 1 1 32 6 7 NA 28 6 182
"1485" 16 26 79 45 90 385 5 3 27 13 4 NA 33 5 135
"1486" 16 14 99 44 99 373 1 1 32 1 7 NA 24 1 146
"1487" 15 25 76 17 88 349 5 1 42 NA 3 1 15 7 147
"1488" NA 29 91 50 108 376 NA 1 47 NA 7 NA 29 5 152
"1489" 19 29 83 35 98 384 1 1 31 21 7 NA 25 6 137
"1490" 8 14 85 48 125 378 NA 2 26 18 8 NA 19 4 172
"1491" 5 22 79 54 86 363 3 1 23 6 8 NA 27 3 154
"1492" 1 15 110 49 133 382 2 1 43 9 6 NA 20 6 140
"1493" 5 24 77 29 90 389 2 3 32 NA 5 NA 32 2 180
"1494" 13 17 79 41 102 385 5 NA 25 3 3 NA 25 3 142
"1495" 7 13 59 36 101 355 13 3 27 36 3 NA 30 2 127
"1496" 8 21 74 33 89 362 NA NA 33 1 1 NA 31 8 131
"1497" 17 16 83 55 124 356 3 3 33 1 4 NA 37 NA 172
"1498" 8 33 83 47 101 341 6 1 29 2 10 NA 43 2 177
"1499" 2 13 83 39 80 364 10 NA 22 1 11 NA 23 5 125
"1500" 9 14 85 54 118 382 1 1 41 NA 13 NA 29 4 148
"1501" 11 23 107 56 114 382 3 3 30 50 8 NA 26 1 161
"1502" 1 15 71 52 93 387 4 NA 33 NA 8 NA 24 2 140
"1503" 20 25 92 54 89 401 3 1 20 25 10 NA 19 4 139
"1504" 6 20 71 50 110 377 1 1 25 1 4 NA 21 4 122
"1505" 6 23 74 45 103 364 NA 3 22 9 7 NA 30 2 175
"1506" NA 20 82 34 81 358 1 NA 23 NA 11 NA 33 1 154
"1507" 10 23 87 54 106 365 7 3 24 6 8 NA 21 6 145
"1508" 14 19 88 38 93 407 1 NA 28 3 10 NA 30 2 152
"1509" 12 27 78 66 112 387 15 3 29 2 5 NA 18 6 158
"1510" 3 17 75 33 92 379 NA 2 32 6 18 NA 14 3 176
"1511" 8 19 86 32 85 342 1 1 22 8 6 NA 26 1 153
"1512" 14 20 81 50 96 376 5 1 32 8 11 NA 21 4 159
"1513" 6 20 69 49 90 368 6 2 33 8 6 NA 29 4 161
"1514" NA 20 103 42 48 350 NA NA 28 8 6 NA 27 3 142
"1515" 8 24 65 33 104 371 9 5 30 16 5 NA 32 6 163
"1516" 11 22 91 42 116 376 15 NA 35 6 4 NA 28 6 128
"1517" 23 22 66 52 72 360 1 4 29 1 7 NA 21 1 114
"1518" 15 37 96 49 106 337 16 NA 35 5 2 NA 31 5 191
"1519" 6 23 83 57 109 389 8 3 31 11 6 NA 10 5 160
"1520" 5 22 73 58 103 393 NA 2 27 NA 8 NA 23 2 157
"1521" 6 24 69 41 103 362 3 1 18 14 11 NA 21 3 131
"1522" 12 15 75 33 47 365 2 2 37 5 8 NA 29 6 133
"1523" 16 24 101 58 123 359 NA 1 31 9 3 NA 25 2 146
"1524" 5 26 76 39 86 354 3 NA 37 8 15 NA 9 4 179
"1525" 13 23 74 51 104 394 NA 3 35 1 2 NA 23 5 136
"1526" 4 20 96 44 98 359 NA 2 27 3 11 1 14 1 142
"1527" NA 6 60 36 107 367 1 4 44 1 12 NA 24 1 152
"1528" 11 17 90 60 96 380 1 1 31 8 5 NA 25 2 146
"1529" 2 25 95 37 102 343 1 3 30 1 16 NA 19 2 133
"1530" 3 24 110 41 103 432 3 2 35 11 9 NA 25 2 144
"1531" 3 20 78 45 86 364 NA 1 32 17 7 NA 20 1 150
"1532" 12 10 74 46 71 336 4 2 30 12 10 NA 18 3 177
"1533" 14 29 71 35 81 318 9 3 37 4 6 NA 36 4 151
"1534" 5 21 66 44 90 416 NA 1 30 6 14 NA 19 4 145
"1535" 1 16 93 49 103 371 6 NA 30 NA 2 1 32 1 135
"1536" 12 14 98 43 112 354 2 1 39 1 4 NA 41 11 163
"1537" NA 14 79 44 78 383 NA 2 28 7 6 NA 27 2 159
"1538" 12 23 108 42 108 375 3 NA 49 16 6 NA 25 2 146
"1539" 9 33 65 45 107 327 2 1 34 NA 7 1 13 2 146
"1540" 16 26 65 37 100 377 10 NA 32 5 9 NA 31 2 147
"1541" 3 24 86 39 92 360 3 1 36 NA 9 NA 30 3 160
"1542" 7 12 79 35 85 406 2 1 23 1 6 NA 28 4 145
"1543" 11 20 92 52 101 393 2 NA 35 5 6 NA 25 3 148
"1544" 7 14 78 34 115 380 1 1 33 1 3 NA 28 5 140
"1545" 3 22 88 47 108 390 2 NA 21 3 10 NA 12 3 130
"1546" 9 26 87 38 87 358 1 5 30 10 10 NA 25 7 151
"1547" 13 17 83 50 49 354 4 1 30 7 5 NA 25 NA 140
"1548" 14 27 68 51 93 359 3 1 25 NA 5 NA 26 6 171
"1549" 11 12 76 45 98 354 1 1 31 NA 11 NA 24 4 167
"1550" 7 20 74 31 102 406 NA 1 34 12 3 NA 9 5 137
"1551" 12 14 74 44 118 363 1 1 27 NA 12 1 28 6 138
"1552" 6 28 76 31 115 399 2 1 29 4 5 2 31 6 155
"1553" 12 33 92 56 95 330 2 1 45 5 9 NA 17 5 131
"1554" 6 24 94 44 97 369 1 1 25 1 7 NA 25 3 172
"1555" 5 18 72 28 101 335 4 3 33 1 6 NA 30 6 153
"1556" 1 29 104 45 52 372 4 NA 35 2 10 NA 28 4 142
"1557" 6 15 69 58 114 372 NA 1 38 NA 9 NA 28 1 173
"1558" 9 18 75 58 82 415 3 3 35 NA 4 NA 31 1 185
"1559" 13 22 67 39 84 374 3 NA 34 NA 3 NA 25 8 158
"1560" NA 22 87 24 99 390 3 1 38 1 4 NA 26 7 136
"1561" 14 21 87 45 122 372 NA 3 48 1 10 NA 24 7 134
"1562" 16 26 82 39 102 359 16 6 38 10 6 NA 39 6 131
"1563" 11 10 68 37 81 373 1 1 29 10 7 NA 32 9 162
"1564" 10 18 97 36 101 368 1 1 28 4 6 NA 28 4 150
"1565" 24 24 97 56 81 344 NA 2 26 7 1 NA 21 1 151
"1566" 5 22 85 47 85 343 3 3 20 19 6 NA 24 4 142
"1567" 4 7 81 41 99 348 7 1 20 2 3 NA 23 5 151
"1568" 2 23 95 33 41 321 10 1 47 10 12 NA 25 11 146
"1569" 2 20 74 33 113 388 2 2 39 1 3 NA 24 2 146
"1570" 5 20 76 55 87 328 1 2 29 NA 5 NA 37 3 147
"1571" 2 4 93 41 110 350 1 3 18 9 9 NA 8 4 123
"1572" NA 27 92 57 51 370 3 NA 27 12 10 NA 13 3 158
"1573" NA 11 76 26 79 381 11 4 29 1 9 NA 33 2 175
"1574" 22 28 89 60 92 375 6 NA 33 NA 13 NA 20 4 173
"1575" 4 32 90 42 89 354 3 NA 35 NA 6 1 9 3 153
"1576" 6 13 96 44 135 382 NA 1 41 NA 8 NA 29 7 144
"1577" 4 21 82 37 72 361 NA 1 30 NA 8 NA 12 6 138
"1578" 1 17 80 43 97 359 21 2 36 NA 11 NA 26 5 145
"1579" 1 21 82 47 100 382 7 2 41 1 6 NA 20 6 173
"1580" 7 13 62 13 98 397 2 NA 36 6 7 NA 20 3 157
"1581" 18 21 89 45 104 372 5 1 38 2 5 NA 26 7 166
"1582" 7 26 85 47 89 337 NA 1 36 NA 12 NA 29 3 156
"1583" 11 19 65 22 81 377 NA 2 27 13 4 NA 25 1 159
"1584" 10 27 108 47 99 360 NA 1 29 3 3 NA 24 1 150
"1585" 14 23 82 47 84 370 1 1 24 7 7 NA 20 7 139
"1586" 11 23 95 40 93 358 1 1 31 5 7 1 28 3 133
"1587" 11 9 81 45 106 370 NA 3 34 9 3 NA 25 1 183
"1588" 9 19 84 49 115 352 9 5 13 5 6 NA 33 NA 146
"1589" 14 15 79 40 120 390 2 1 33 4 12 NA 11 4 145
"1590" 3 17 80 47 107 359 5 NA 51 1 7 NA 25 2 170
"1591" 11 26 73 45 122 397 1 NA 33 11 2 NA 27 4 144
"1592" 11 21 83 45 100 390 7 1 30 15 6 1 22 5 146
"1593" 8 25 85 34 93 413 3 NA 24 22 4 NA 25 2 161
"1594" NA 24 66 26 86 422 NA 1 34 9 3 NA 22 7 149
"1595" 2 29 117 43 124 386 4 4 33 4 14 NA 28 6 122
"1596" 30 27 88 51 99 376 1 1 32 11 11 NA 26 3 157
"1597" 3 18 84 46 92 374 2 1 28 NA 7 NA 15 7 145
"1598" 8 16 88 50 115 386 1 1 27 1 13 1 32 2 147
"1599" 3 18 82 18 46 366 1 NA 29 NA 11 NA 30 2 145
"1600" 4 23 74 44 96 377 NA NA 37 NA 5 1 28 6 176
"1601" 5 17 82 48 109 365 1 NA 32 5 8 NA 15 3 142
"1602" 6 17 87 32 95 383 1 2 24 4 8 NA 44 3 140
"1603" 2 25 99 38 117 380 1 NA 26 5 3 NA 14 7 144
"1604" 4 15 71 36 99 346 3 1 24 5 6 1 29 6 140
"1605" 3 27 77 38 81 368 16 4 41 3 9 NA 31 7 173
"1606" 5 24 79 40 82 374 4 2 24 1 9 NA 17 3 195
"1607" 27 25 84 57 105 410 NA 1 30 24 8 NA 27 5 132
"1608" 12 12 71 44 85 367 1 1 40 9 7 1 28 6 170
"1609" 21 21 77 56 95 414 6 1 38 7 6 NA 25 1 126
"1610" 13 33 97 38 56 364 NA 1 41 NA 8 NA 9 4 136
"1611" 3 26 87 58 93 374 6 5 43 4 6 NA 24 5 144
"1612" 18 22 83 41 83 354 NA 3 50 12 7 NA 29 3 147
"1613" 2 11 71 29 83 361 8 1 25 3 6 NA 25 NA 164
"1614" NA 29 71 16 84 365 5 1 32 3 9 NA 16 2 144
"1615" 6 16 66 39 85 362 NA 3 26 5 9 NA 27 6 136
"1616" 23 48 108 35 85 375 3 NA 31 NA 4 NA 26 1 162
"1617" 4 12 72 41 113 414 3 1 31 1 15 NA 16 3 142
"1618" 21 33 101 61 92 374 NA 3 40 30 14 NA 28 2 146
"1619" 22 31 76 43 99 365 3 2 32 5 10 NA 25 6 149
"1620" 7 15 79 52 86 348 6 1 42 74 5 NA 19 7 145
"1621" 21 15 83 20 102 381 1 2 43 1 11 NA 25 1 151
"1622" 18 25 103 56 139 341 6 3 26 20 15 NA 28 3 128
"1623" 10 23 100 45 86 402 5 1 30 13 8 NA 16 4 151
"1624" 3 18 71 28 80 357 NA 1 32 NA 8 NA 21 3 141
"1625" 6 16 73 33 112 376 5 1 32 NA 6 NA 17 3 165
"1626" 12 21 95 17 79 378 3 6 34 13 9 NA 30 5 148
"1627" NA 15 75 37 122 377 NA NA 38 3 6 NA 23 3 155
"1628" NA 14 57 23 80 363 1 NA 32 5 7 NA 21 4 149
"1629" 15 27 59 52 103 373 3 2 38 3 6 NA 42 1 130
"1630" 14 20 69 53 94 354 1 1 33 NA 4 NA 23 2 161
"1631" 5 20 84 44 47 348 5 2 33 2 9 NA 25 7 143
"1632" 24 10 73 18 105 370 5 3 31 3 8 NA 36 9 139
"1633" 11 25 69 42 98 371 15 4 28 4 5 2 17 3 162
"1634" 33 30 94 38 116 362 6 1 26 1 13 1 29 1 168
"1635" 12 28 84 37 98 376 3 1 28 NA 3 NA 17 3 151
"1636" NA 33 84 34 86 401 4 1 37 8 8 NA 22 1 162
"1637" 23 24 66 57 104 372 NA 2 28 NA 11 NA 18 4 152
"1638" 26 28 70 57 115 345 32 NA 59 2 8 NA 22 8 156
"1639" 5 15 90 43 97 361 NA NA 21 15 7 NA 14 9 153
"1640" 18 26 76 44 87 389 7 2 40 4 3 NA 10 6 142
"1641" 20 35 97 42 105 371 2 1 29 1 6 NA 27 1 131
"1642" 2 23 77 35 101 396 1 1 34 1 17 NA 22 3 148
"1643" 17 16 83 40 93 349 NA 1 18 16 5 NA 30 NA 159
"1644" 2 13 93 42 101 363 2 NA 27 3 7 NA 16 5 126
"1645" 9 26 101 35 108 394 2 NA 29 1 5 NA 22 2 134
"1646" 19 25 80 45 102 362 5 1 39 9 16 NA 30 3 155
"1647" 6 7 83 42 79 376 2 3 25 11 10 NA 22 4 154
"1648" 7 19 82 41 101 368 7 NA 29 1 6 NA 22 2 137
"1649" 8 26 79 55 106 390 8 NA 25 2 4 NA 23 2 135
"1650" 1 16 82 42 105 386 7 2 24 NA 9 NA 22 1 147
"1651" 13 27 88 37 82 368 3 NA 21 17 17 NA 29 4 131
"1652" 1 12 77 52 93 351 1 4 21 3 2 NA 42 5 147
"1653" 20 28 88 49 43 347 NA 1 32 NA 5 1 34 4 134
"1654" 3 16 69 47 96 374 3 2 30 2 9 NA 15 2 152
"1655" 24 23 83 53 105 385 NA 2 35 2 8 NA 18 1 146
"1656" 16 25 91 38 101 350 NA NA 44 3 9 NA 25 4 160
"1657" 9 23 109 36 126 380 3 1 23 9 14 1 30 5 139
"1658" 20 25 82 47 101 362 5 NA 35 NA 7 NA 30 1 149
"1659" 7 30 86 49 116 355 11 4 38 1 11 NA 25 4 136
"1660" 10 13 86 36 74 351 3 2 32 NA 12 NA 29 3 155
"1661" 11 23 81 46 120 354 3 1 22 4 10 NA 25 4 170
"1662" 6 23 72 37 97 367 NA 1 24 12 7 NA 34 5 143
"1663" 5 8 77 35 77 366 2 2 37 62 8 NA 28 2 151
"1664" 11 31 86 46 59 390 3 1 25 16 9 NA 24 5 136
"1665" NA 17 84 47 89 360 NA 4 21 3 11 NA 21 4 159
"1666" 16 28 71 49 89 367 1 3 25 9 7 NA 30 7 148
"1667" 21 19 95 42 101 365 3 2 33 4 9 NA 30 1 132
"1668" 3 21 88 44 87 360 7 3 32 1 8 NA 23 1 160
"1669" 6 18 74 32 97 390 5 3 48 3 2 1 31 2 175
"1670" 48 40 74 49 118 347 NA 1 35 8 12 NA 22 1 165
"1671" 2 17 65 31 99 383 8 2 27 2 3 NA 29 5 148
"1672" 8 20 75 47 96 357 1 1 36 4 7 NA 21 6 143
"1673" NA 21 75 41 90 395 3 1 25 3 2 NA 22 1 149
"1674" 12 21 75 35 109 401 4 3 32 4 6 NA 29 7 146
"1675" 1 22 81 41 85 348 2 3 36 NA 8 NA 41 1 140
"1676" 7 29 92 33 106 379 3 NA 27 19 6 NA 29 5 148
"1677" 5 12 82 44 94 374 7 NA 26 7 6 NA 18 1 135
"1678" 3 13 75 47 101 412 5 NA 31 9 9 NA 20 12 138
"1679" 6 28 65 32 43 404 1 2 30 28 9 NA 29 2 149
"1680" 12 15 77 54 80 349 5 4 53 1 8 NA 22 1 163
"1681" 28 27 107 44 87 359 2 1 29 NA 7 1 25 7 138
"1682" NA 8 69 45 93 376 NA NA 26 5 9 NA 27 3 145
"1683" 13 19 67 57 85 365 29 1 33 1 7 NA 30 NA 139
"1684" 18 20 80 45 102 376 1 2 38 3 8 1 23 3 159
"1685" 14 23 77 49 84 357 1 NA 23 8 7 NA 35 3 162
"1686" 7 26 84 58 101 371 1 1 30 NA 6 NA 29 1 125
"1687" 14 14 60 52 85 370 NA 1 27 3 4 NA 26 5 140
"1688" 6 13 73 32 87 358 7 2 39 31 1 NA 22 3 150
"1689" 12 20 77 47 95 363 NA 3 29 2 6 NA 23 4 180
"1690" 5 14 92 57 118 381 8 1 21 9 9 NA 24 2 145
"1691" 41 18 86 55 98 315 6 1 31 55 3 NA 24 9 150
"1692" 7 9 93 44 101 326 NA 1 20 2 10 NA 19 8 164
"1693" 3 24 84 54 95 366 2 NA 36 20 8 NA 22 1 138
"1694" 2 12 65 32 101 375 NA 1 19 8 6 NA 19 1 141
"1695" 13 33 82 61 83 427 NA 3 48 5 3 1 26 9 139
"1696" 19 30 72 48 103 359 NA 1 33 10 10 NA 19 9 142
"1697" 3 15 66 44 98 365 2 NA 30 16 8 NA 13 5 157
"1698" 3 13 68 44 109 375 1 2 35 4 7 NA 33 1 141
"1699" 5 16 81 26 94 355 1 1 41 3 6 NA 30 4 132
"1700" 4 16 83 45 101 365 3 NA 42 2 8 NA 32 1 160
"1701" 2 18 80 44 111 388 7 1 23 1 5 NA 29 4 149
"1702" 5 25 67 49 91 359 6 3 13 11 9 NA 29 NA 156
"1703" 1 23 71 42 49 389 2 NA 33 12 7 NA 25 6 159
"1704" 2 17 83 40 90 368 9 NA 37 26 4 NA 22 6 127
"1705" 16 7 69 35 86 370 11 2 43 NA 8 NA 14 NA 149
"1706" 2 24 75 39 104 370 6 2 29 5 4 NA 28 3 170
"1707" 6 25 79 44 116 347 NA 1 15 2 10 NA 21 7 149
"1708" 11 22 84 52 125 331 2 4 27 11 7 NA 28 4 160
"1709" 18 16 93 40 82 392 2 6 25 NA 5 NA 25 4 148
"1710" 1 9 78 43 93 356 4 1 35 NA 7 NA 25 NA 148
"1711" 3 13 82 52 97 361 2 NA 40 11 11 NA 27 3 151
"1712" NA 25 73 31 64 380 3 NA 24 27 7 NA 22 6 119
"1713" 4 15 69 33 95 385 1 1 35 NA 3 NA 33 NA 131
"1714" 29 17 100 53 88 372 NA 1 33 NA 15 NA 26 4 118
"1715" 5 15 74 47 114 369 NA 3 37 7 9 NA 24 4 146
"1716" 16 24 81 45 89 385 1 1 26 NA 3 NA 23 NA 156
"1717" 11 23 84 33 76 348 2 3 24 10 8 NA 21 2 165
"1718" 2 18 93 48 97 367 11 NA 29 17 5 NA 24 6 153
"1719" 3 17 87 29 109 393 NA 1 29 NA 9 NA 27 5 154
"1720" NA 14 97 34 105 404 1 NA 30 NA 14 1 29 7 154
"1721" 2 23 93 57 96 346 2 2 45 5 8 NA 33 3 169
"1722" 16 25 57 47 94 350 1 2 28 NA 3 NA 26 8 134
"1723" 5 32 75 41 96 367 6 1 33 2 7 NA 30 3 149
"1724" 8 13 76 35 115 388 3 3 29 2 16 NA 31 4 149
"1725" 18 21 102 40 99 397 3 1 29 13 8 NA 23 7 147
"1726" 1 17 75 43 91 371 NA 3 25 7 9 NA 24 1 144
"1727" 18 21 80 50 98 323 NA 1 26 NA 4 NA 22 4 154
"1728" 8 29 99 35 118 382 10 2 33 5 11 NA 32 12 152
"1729" 17 35 83 65 91 335 2 NA 34 3 4 NA 28 3 158
"1730" 1 18 73 41 95 326 1 NA 37 1 12 NA 19 6 161
"1731" 26 14 83 46 87 404 1 1 26 NA 2 NA 29 2 121
"1732" 16 24 77 45 106 318 17 6 42 NA 9 NA 31 1 178
"1733" 15 24 84 34 81 360 6 5 30 14 6 NA 18 2 144
"1734" 6 21 94 36 109 366 18 5 30 NA 6 NA 25 2 147
"1735" 12 27 77 55 104 419 1 1 40 11 8 NA 24 3 174
"1736" 6 30 84 46 63 380 1 1 32 18 6 NA 28 3 130
"1737" 3 4 77 31 80 349 5 2 23 1 4 NA 26 6 146
"1738" 5 9 78 57 105 422 NA NA 33 2 7 NA 21 5 156
"1739" 7 29 61 37 96 376 5 NA 29 NA 4 NA 28 3 108
"1740" 19 21 78 57 92 310 2 2 31 5 7 NA 19 11 147
"1741" 7 22 84 55 105 378 1 2 40 1 11 NA 22 5 171
"1742" 3 20 77 44 99 360 NA 1 37 4 12 NA 35 5 154
"1743" 3 16 89 36 97 318 6 NA 32 1 6 1 27 5 143
"1744" 6 16 67 44 90 349 1 NA 27 4 6 NA 31 5 144
"1745" 2 29 78 52 67 402 1 NA 29 4 3 NA 25 3 154
"1746" 4 23 84 40 84 380 1 NA 35 1 3 NA 22 1 165
"1747" 11 19 67 59 104 358 5 NA 29 NA 10 NA 22 3 143
"1748" 5 15 89 37 104 364 NA NA 37 5 5 NA 40 3 152
"1749" 14 19 101 52 109 406 NA 3 36 4 4 NA 22 3 153
"1750" 1 21 88 36 116 347 NA 2 25 4 4 NA 34 1 168
"1751" 15 25 86 33 101 374 5 1 33 4 7 NA 47 10 144
"1752" 12 30 104 35 109 365 3 NA 25 2 5 NA 33 6 142
"1753" 15 35 104 49 89 379 2 NA 24 7 8 NA 14 5 140
"1754" 21 19 64 47 86 372 3 2 22 44 2 NA 31 5 153
"1755" 26 35 81 53 103 343 1 NA 39 NA 7 NA 17 2 158
"1756" 2 15 80 44 94 328 2 1 29 15 5 NA 26 5 132
"1757" 11 23 75 43 98 395 2 1 14 NA 6 NA 33 6 160
"1758" 5 18 79 56 116 366 NA NA 32 10 7 NA 39 3 151
"1759" 7 40 91 41 88 362 NA 3 30 6 8 NA 35 2 158
"1760" 9 14 86 37 104 367 4 NA 41 2 11 NA 16 3 142
"1761" 12 22 72 49 113 393 NA 1 20 2 13 NA 19 9 149
"1762" 6 9 101 35 105 360 3 NA 43 3 4 NA 31 5 166
"1763" 6 21 77 65 89 396 1 1 29 1 8 NA 21 1 151
"1764" 7 20 88 50 77 378 NA 1 36 2 7 NA 28 1 151
"1765" 6 10 79 32 82 334 5 NA 27 NA 4 NA 28 5 128
"1766" 21 37 101 56 100 391 5 1 28 2 9 NA 25 3 154
"1767" NA 10 72 39 103 359 NA 1 34 2 10 NA 35 7 134
"1768" 7 25 89 41 116 360 5 NA 39 15 1 NA 21 8 185
"1769" 6 28 83 63 102 400 13 1 36 3 7 NA 37 4 156
"1770" 6 17 84 55 93 349 NA NA 39 44 3 NA 19 4 145
"1771" 9 21 68 40 99 371 1 1 32 2 6 NA 32 4 171
"1772" 20 28 84 43 94 353 1 4 25 3 5 NA 18 4 142
"1773" 2 18 87 34 114 395 1 2 30 2 2 NA 23 8 158
"1774" 2 11 83 37 100 363 1 1 37 2 9 NA 30 6 133
"1775" 8 27 73 37 95 366 9 NA 33 4 9 NA 29 6 172
"1776" 21 36 88 43 113 377 9 2 36 7 11 1 47 5 154
"1777" 9 26 84 37 106 389 1 1 48 23 10 NA 33 6 141
"1778" NA 7 76 22 100 355 1 NA 45 2 9 NA 22 1 111
"1779" 1 15 90 50 105 375 2 NA 23 NA 7 NA 22 7 182
"1780" 5 17 76 62 93 398 7 3 38 2 5 NA 12 8 152
"1781" 5 28 72 44 101 367 19 3 26 NA 2 NA 29 2 158
"1782" 3 19 90 51 46 366 3 NA 38 9 10 NA 26 6 148
"1783" 21 22 98 56 97 351 NA 2 28 1 6 NA 18 6 152
"1784" 2 15 78 49 107 342 5 3 40 5 6 NA 26 3 163
"1785" 7 11 51 43 88 384 NA 1 26 1 9 NA 18 5 163
"1786" 15 24 86 52 91 348 2 1 31 20 5 NA 27 2 159
"1787" 31 34 70 53 87 366 NA 3 19 6 5 NA 25 1 136
"1788" NA 25 96 39 109 333 NA 1 45 7 3 NA 25 1 159
"1789" 9 41 81 51 111 363 2 NA 32 NA 9 NA 11 1 125
"1790" 10 17 81 65 94 350 1 NA 32 NA 7 NA 25 7 147
"1791" 31 26 81 54 112 366 3 1 39 NA 8 NA 36 9 148
"1792" 13 27 100 44 89 335 1 1 23 7 6 NA 34 1 122
"1793" 5 20 77 50 89 339 NA NA 30 16 7 NA 29 3 157
"1794" 13 19 70 45 89 340 1 1 27 NA 7 NA 27 6 134
"1795" 18 8 72 48 89 365 8 NA 17 2 9 NA 24 5 140
"1796" 14 15 96 49 121 350 2 1 33 9 9 NA 21 8 147
"1797" 2 20 86 36 105 383 NA NA 35 NA 7 NA 12 4 162
"1798" 7 25 80 41 93 383 1 1 38 10 3 NA 27 1 169
"1799" 39 30 87 60 103 351 1 NA 24 12 13 NA 24 3 155
"1800" 15 22 80 38 110 380 3 NA 31 NA 9 NA 25 2 143
"1801" 5 18 76 38 89 371 2 3 24 1 12 NA 19 1 149
"1802" 2 22 83 58 104 356 6 2 30 1 5 NA 30 4 135
"1803" 19 23 82 22 94 404 1 4 35 21 8 NA 14 3 162
"1804" 5 26 81 41 92 350 1 1 31 NA 12 1 25 6 138
"1805" 5 19 80 45 94 361 3 NA 35 6 9 NA 17 5 137
"1806" 6 14 81 37 101 364 5 NA 41 1 8 NA 22 9 153
"1807" 6 13 63 44 92 404 3 NA 34 5 8 NA 27 3 165
"1808" 9 25 102 40 128 376 NA 3 30 13 9 NA 16 6 152
"1809" 7 27 73 51 90 340 1 3 37 NA 7 NA 19 4 140
"1810" 18 21 86 58 88 396 1 NA 32 9 7 NA 30 6 125
"1811" 13 13 84 46 89 362 1 NA 29 NA 4 NA 42 3 141
"1812" 5 23 95 41 84 353 8 NA 35 NA 3 NA 27 9 140
"1813" 5 24 65 43 85 366 1 5 36 7 8 NA 40 6 137
"1814" 19 20 79 44 80 361 1 NA 34 30 7 NA 14 1 128
"1815" 4 21 78 37 88 398 NA 2 44 1 3 NA 33 6 151
"1816" 12 22 93 40 105 377 5 1 25 15 9 NA 27 6 153
"1817" 8 10 98 44 117 381 5 4 38 NA 3 NA 19 6 159
"1818" 16 27 55 36 103 368 8 NA 27 6 10 NA 37 1 144
"1819" 2 21 73 50 99 352 NA 2 30 1 7 NA 28 3 149
"1820" 19 20 102 51 109 367 NA NA 28 NA 7 NA 27 11 149
"1821" 4 17 94 25 106 420 1 3 29 71 5 NA 26 2 161
"1822" 2 15 62 38 71 339 1 4 35 1 4 NA 27 1 151
"1823" 36 12 85 46 98 330 10 1 25 10 3 NA 12 6 165
"1824" 12 19 68 47 99 373 4 1 38 NA 12 NA 18 5 158
"1825" 4 26 72 48 85 358 3 1 26 2 11 NA 22 6 160
"1826" 3 20 73 60 95 377 5 NA 29 NA 5 NA 42 2 137
"1827" 5 6 74 38 103 435 5 2 31 25 9 NA 22 2 152
"1828" 4 18 91 38 103 362 3 NA 35 NA 5 NA 33 3 169
"1829" 6 16 83 37 94 344 8 4 39 6 2 NA 28 2 163
"1830" 14 16 85 35 93 371 3 1 46 2 12 NA 35 3 134
"1831" 20 21 89 41 104 352 NA 1 27 9 4 NA 19 7 145
"1832" 2 21 78 32 112 383 1 7 34 7 5 NA 24 8 155
"1833" 17 20 79 51 98 374 1 5 35 25 5 NA 21 4 130
"1834" 18 26 76 52 102 345 1 4 21 NA 7 NA 20 10 136
"1835" 9 17 70 38 104 349 2 3 14 1 5 NA 25 3 173
"1836" 16 22 87 55 111 387 8 3 34 5 8 NA 25 1 162
"1837" 6 13 61 51 90 354 NA 3 38 32 6 NA 28 8 164
"1838" 18 38 86 38 99 387 2 NA 30 10 5 1 25 1 141
"1839" 9 11 78 44 118 390 2 2 36 7 6 1 30 5 180
"1840" 11 22 78 35 90 346 5 NA 30 1 8 NA 29 2 150
"1841" 9 18 82 44 95 352 NA 2 28 NA 1 NA 32 6 152
"1842" 20 30 94 49 105 355 1 1 27 1 11 NA 23 10 156
"1843" 11 11 76 42 112 360 2 3 26 8 7 NA 16 5 131
"1844" 2 24 83 37 86 386 9 1 17 3 12 NA 37 6 161
"1845" 8 27 82 47 119 337 1 NA 29 4 9 NA 23 5 153
"1846" 3 18 96 39 119 381 3 1 23 5 7 NA 22 6 142
"1847" 7 23 77 34 88 351 NA 3 30 3 7 NA 17 5 148
"1848" 12 25 88 47 86 370 9 3 38 7 6 NA 11 6 158
"1849" 8 17 98 48 94 367 NA 1 45 NA 3 NA 19 5 174
"1850" 11 30 86 42 97 349 1 3 30 NA 15 NA 21 3 143
"1851" 2 14 63 48 99 386 2 2 24 8 14 NA 19 3 139
"1852" 4 16 73 39 111 360 4 1 26 9 2 NA 22 3 168
"1853" 12 29 94 38 74 365 3 2 42 24 8 NA 20 3 164
"1854" 17 34 94 52 97 369 1 3 19 2 1 NA 19 6 151
"1855" 19 45 71 43 89 354 2 1 23 1 4 NA 29 2 160
"1856" 8 19 73 57 81 360 1 2 28 4 3 NA 26 5 126
"1857" 5 28 84 42 96 375 NA NA 25 3 5 NA 30 2 166
"1858" 1 24 93 43 82 372 3 3 29 NA 8 NA 32 6 151
"1859" 15 32 83 36 83 357 2 NA 39 NA 5 1 25 2 151
"1860" 12 29 78 52 92 397 7 1 29 2 5 NA 24 1 134
"1861" 4 18 63 37 107 380 NA 2 23 5 3 NA 29 1 164
"1862" 6 31 83 52 90 312 3 2 35 1 4 NA 22 3 133
"1863" 7 27 105 48 116 377 7 4 33 2 10 NA 15 3 154
"1864" 12 25 79 71 116 414 1 2 29 12 7 NA 28 10 166
"1865" 5 18 79 47 89 360 8 1 20 1 10 NA 32 3 127
"1866" 35 29 82 48 92 408 1 1 24 2 4 NA 23 3 138
"1867" 23 35 102 37 92 360 1 1 31 7 15 NA 29 3 157
"1868" 6 22 85 39 88 336 NA 1 29 2 9 NA 15 7 143
"1869" 8 17 84 39 71 349 4 3 23 5 9 1 22 4 133
"1870" 8 24 73 54 110 393 2 1 26 11 6 NA 18 2 128
"1871" 13 23 96 70 121 378 NA 2 38 9 3 NA 27 3 149
"1872" 14 27 106 51 93 360 9 3 36 5 11 NA 25 5 133
"1873" 6 9 87 49 100 372 2 2 42 16 8 NA 26 2 141
"1874" 36 39 86 60 103 325 2 1 27 7 9 1 24 1 151
"1875" 8 17 79 60 100 395 9 1 44 8 3 NA 21 3 149
"1876" 8 17 66 47 86 413 6 1 31 1 4 NA 27 3 142
"1877" 28 29 89 56 95 395 3 2 31 NA 1 NA 28 4 144
"1878" 7 21 76 39 82 387 1 1 33 1 5 NA 29 3 154
"1879" 13 13 84 35 96 354 3 2 28 21 11 NA 15 5 130
"1880" 1 14 66 39 105 382 1 NA 32 16 3 NA 20 3 136
"1881" 33 41 76 46 100 381 NA 1 33 20 8 NA 24 2 146
"1882" 11 36 99 42 103 375 5 4 27 33 8 NA 21 5 153
"1883" 6 20 63 59 90 357 5 5 45 1 7 NA 29 4 136
"1884" 3 33 81 38 87 354 9 1 25 2 3 NA 19 3 148
"1885" 3 21 96 44 116 403 1 2 27 15 5 NA 17 4 143
"1886" 4 21 94 48 84 378 NA 2 32 NA 6 NA 31 7 172
"1887" 9 29 83 27 89 363 2 1 39 11 3 1 28 2 150
"1888" 15 25 78 42 105 346 1 1 32 5 6 NA 16 6 136
"1889" 7 17 85 41 107 362 1 NA 22 2 8 NA 28 3 146
"1890" 4 17 92 33 97 342 11 7 23 2 10 NA 24 3 148
"1891" NA 18 78 40 88 351 1 1 40 7 9 1 18 2 155
"1892" 6 13 89 43 109 389 6 NA 34 NA 3 NA 15 8 141
"1893" 4 12 67 39 87 362 2 2 34 12 8 NA 30 3 144
"1894" 21 33 109 52 128 374 5 1 31 39 5 NA 19 4 130
"1895" 29 28 68 48 109 394 1 1 33 NA 7 NA 23 4 163
"1896" 4 28 91 43 108 374 3 1 42 NA 6 NA 38 2 140
"1897" 9 38 81 52 106 358 4 1 34 7 5 NA 25 3 144
"1898" NA 14 100 45 111 424 3 NA 33 NA 7 NA 28 6 155
"1899" 3 16 82 39 94 337 2 2 36 NA 11 NA 24 3 156
"1900" 6 15 87 51 111 393 2 1 40 NA 7 NA 19 4 188
"1901" NA 19 77 40 103 343 4 NA 22 3 8 NA 27 3 157
"1902" 10 20 77 34 93 373 1 1 42 8 3 NA 19 8 153
"1903" NA 23 83 36 92 318 9 1 35 1 2 NA 19 2 143
"1904" 2 21 77 37 70 316 NA 3 36 1 5 NA 19 8 185
"1905" 3 22 79 49 69 337 1 1 24 19 12 NA 29 1 167
"1906" 20 15 83 56 103 388 6 1 40 NA 5 NA 25 2 138
"1907" 16 30 86 51 91 386 1 1 27 14 5 NA 19 4 175
"1908" 7 18 100 37 104 352 1 1 42 28 12 NA 17 4 160
"1909" 9 6 72 47 88 377 12 4 36 2 NA NA 31 3 149
"1910" 9 26 60 31 82 367 NA 1 26 NA 5 NA 20 7 151
"1911" 1 19 70 33 88 388 13 5 29 1 7 NA 28 1 141
"1912" 8 22 73 49 109 396 4 1 39 2 5 NA 26 7 161
"1913" NA 13 82 42 118 353 3 1 47 1 5 NA 28 4 145
"1914" 8 14 69 38 100 319 1 1 39 NA 1 NA 26 9 148
"1915" 21 34 80 37 93 377 5 1 11 1 7 NA 19 4 162
"1916" 20 27 74 65 57 396 12 3 32 11 8 NA 20 1 164
"1917" 9 36 70 25 109 367 1 NA 35 1 3 NA 16 5 127
"1918" 6 14 98 44 87 377 1 2 28 3 3 NA 23 1 122
"1919" 20 30 93 55 97 383 1 2 29 3 4 NA 27 5 163
"1920" 1 17 67 47 104 366 1 2 27 NA 8 NA 29 3 148
"1921" 10 19 80 50 96 384 2 NA 42 2 8 NA 27 1 167
"1922" 24 23 79 38 86 362 NA 1 35 3 9 NA 28 2 161
"1923" 7 22 93 47 97 380 5 2 32 1 7 NA 20 9 168
"1924" 12 31 97 42 76 383 NA NA 28 6 11 NA 17 1 157
"1925" 2 13 69 30 94 380 5 1 23 2 7 NA 29 2 135
"1926" 19 14 74 42 91 325 4 2 29 43 2 NA 37 4 158
"1927" 17 10 83 54 105 367 1 3 29 6 6 NA 8 2 155
"1928" 6 32 76 43 95 370 NA 1 24 5 13 NA 17 2 140
"1929" 10 9 81 36 99 367 9 NA 35 17 7 1 21 4 128
"1930" 2 12 72 38 84 358 1 2 24 NA 9 NA 31 4 137
"1931" 9 23 98 32 60 344 5 1 37 1 11 NA 16 11 156
"1932" 11 22 103 29 129 371 5 2 32 10 11 NA 25 1 149
"1933" NA 16 71 53 80 389 2 1 40 5 13 NA 28 1 166
"1934" 18 33 78 54 45 348 2 1 34 NA 5 1 19 13 151
"1935" 5 11 73 36 96 372 6 1 30 65 7 NA 22 9 151
"1936" 15 18 79 49 86 331 10 1 11 NA 3 NA 29 2 141
"1937" 8 26 94 49 101 372 1 1 35 NA 5 NA 23 NA 154
"1938" 10 24 69 41 96 391 3 1 34 NA 9 NA 28 5 159
"1939" 22 9 86 49 126 361 1 1 25 12 5 NA 21 3 163
"1940" 9 26 90 39 89 342 3 2 32 NA 1 NA 30 3 157
"1941" 10 23 80 49 93 386 1 1 36 6 13 NA 27 1 137
"1942" 2 16 71 41 87 353 4 7 38 NA 11 NA 14 7 157
"1943" 3 24 92 44 118 375 5 NA 26 1 2 NA 32 5 159
"1944" 19 24 86 42 91 376 13 4 35 11 1 NA 10 10 134
"1945" 5 18 72 25 75 357 11 1 36 1 6 NA 13 5 165
"1946" 3 28 91 52 132 391 6 1 39 17 6 NA 21 5 182
"1947" 17 18 90 53 98 367 NA 3 29 1 4 NA 30 1 167
"1948" 3 20 91 27 91 373 7 3 30 2 5 NA 16 4 132
"1949" 21 23 78 34 86 374 4 NA 12 1 8 1 15 6 147
"1950" 11 30 103 37 100 399 6 NA 38 49 8 NA 20 3 160
"1951" 13 16 86 42 81 414 NA NA 32 1 4 NA 18 1 149
"1952" 16 20 76 56 84 422 4 1 30 2 9 NA 27 1 151
"1953" 5 20 85 35 84 385 1 4 25 1 1 NA 36 6 128
"1954" 4 18 89 33 96 373 2 2 31 5 11 NA 13 4 136
"1955" 4 13 98 38 96 410 7 3 34 18 5 NA 16 2 149
"1956" 23 33 88 55 98 388 1 1 26 NA 12 NA 24 5 152
"1957" 22 25 62 61 89 367 8 2 31 4 16 NA 27 3 144
"1958" 1 18 77 47 117 351 NA NA 25 1 8 NA 12 4 161
"1959" 13 18 72 30 88 363 1 1 32 4 10 NA 11 1 147
"1960" 29 23 75 49 96 374 1 2 34 10 9 NA 24 NA 132
"1961" 24 30 89 45 47 342 3 2 36 3 5 NA 17 1 134
"1962" 37 36 99 65 101 376 1 2 31 13 8 NA 29 3 151
"1963" 11 20 89 50 89 404 2 2 23 1 7 NA 30 4 142
"1964" 16 19 90 47 62 397 2 NA 21 11 8 NA 26 1 152
"1965" 17 19 81 54 54 366 3 3 25 6 9 1 12 4 164
"1966" 8 17 72 37 71 370 NA 2 44 2 7 NA 30 2 140
"1967" 21 28 90 55 115 381 3 NA 31 1 5 NA 19 2 118
"1968" 1 25 86 48 83 339 4 3 36 2 4 NA 16 6 161
"1969" NA 15 60 43 54 371 NA 1 37 1 4 NA 29 2 122
"1970" NA 14 73 24 86 354 NA 3 32 14 5 NA 23 1 141
"1971" 17 34 75 48 100 345 NA 1 46 3 5 NA 15 5 138
"1972" 11 19 81 54 98 393 7 1 36 NA 3 NA 26 9 161
"1973" 20 33 83 44 104 364 1 NA 31 6 11 NA 14 1 145
"1974" 12 21 59 37 85 384 1 1 23 11 8 NA 20 1 147
"1975" 5 22 88 41 74 354 1 1 25 10 7 NA 25 6 128
"1976" 6 18 74 31 94 395 3 1 46 6 3 1 20 2 144
"1977" 20 36 85 49 113 334 6 1 27 3 11 NA 33 7 133
"1978" 9 11 87 52 92 351 10 3 45 10 6 NA 32 3 159
"1979" 12 28 91 45 122 343 2 1 24 2 11 NA 30 3 142
"1980" 7 19 80 25 92 388 13 2 31 5 8 NA 18 3 130
"1981" 1 24 48 44 98 401 NA NA 21 14 7 NA 19 3 172
"1982" 8 20 82 38 98 400 6 4 35 8 8 NA 24 6 175
"1983" 7 16 81 43 94 374 NA 1 21 3 5 NA 30 4 141
"1984" NA 23 93 42 112 381 6 NA 36 2 3 NA 22 7 133
"1985" 3 21 71 39 115 370 NA 1 34 NA 6 NA 24 10 171
"1986" 6 16 84 34 111 355 3 1 34 12 7 NA 24 3 154
"1987" 8 28 73 44 113 381 6 NA 40 13 9 NA 22 3 134
"1988" 4 10 82 64 122 399 5 3 35 22 5 NA 17 1 140
"1989" 3 17 91 42 109 340 5 1 23 NA 7 NA 30 4 157
"1990" 3 23 91 38 87 370 3 2 30 4 12 NA 26 1 144
"1991" 3 24 96 45 124 402 NA 1 41 10 5 NA 34 4 155
"1992" 9 24 76 45 108 332 NA NA 36 6 10 NA 20 6 134
"1993" 4 17 74 42 87 381 1 NA 30 3 16 NA 30 1 157
"1994" NA 9 81 37 99 383 1 3 28 NA 9 NA 20 NA 139
"1995" NA 12 66 27 94 390 NA 1 39 8 5 NA 20 4 179
"1996" 18 24 85 54 96 362 NA 1 39 13 11 NA 32 5 139
"1997" 4 9 76 38 83 327 1 1 29 3 10 NA 23 7 152
"1998" 1 28 78 44 87 390 NA 4 35 7 11 NA 29 1 141
"1999" 5 12 70 38 79 324 NA 1 35 13 5 NA 23 5 148
"2000" 19 25 75 49 140 365 1 1 40 9 5 NA 14 2 174
