"kdkd" "kukd" "kuku" "pkd" "pku" "pp" "tdkd" "tdku" "tdp" "tdtd" "tukd" "tup" "tutd" "tutu" "tuku"
47 120 300 72 210 486 12 14 75 21 9 16 20 72 NA
48 82 308 96 273 471 22 20 70 24 8 27 10 81 NA
43 107 266 93 239 444 9 7 64 11 6 40 15 74 1
38 108 329 87 237 462 16 5 63 29 8 30 23 71 NA
24 120 313 91 283 511 21 3 79 17 10 21 7 61 NA
31 103 324 74 219 480 8 7 66 25 8 24 5 62 NA
32 110 299 97 243 461 22 3 78 15 15 22 13 64 NA
56 126 291 76 242 429 9 8 54 18 12 23 13 65 1
45 86 345 91 337 545 11 5 50 7 12 38 15 77 NA
25 116 323 96 253 483 5 11 72 13 6 20 15 73 NA
32 131 334 86 276 451 4 10 71 12 5 32 13 64 NA
51 116 309 67 268 463 10 3 54 13 3 27 19 87 NA
21 111 341 64 270 463 10 3 60 17 9 21 7 68 NA
35 80 364 77 293 514 5 5 69 11 7 18 11 87 NA
40 47 325 81 316 535 9 3 70 7 5 26 17 67 NA
30 97 303 65 262 440 6 6 62 13 4 14 13 59 NA
31 98 329 83 275 499 16 13 62 12 13 19 10 81 NA
29 122 264 97 228 493 7 13 72 30 6 19 13 60 NA
21 75 324 63 200 435 8 17 61 15 5 24 7 54 NA
34 95 313 100 285 480 25 14 84 11 7 29 16 78 NA
43 117 341 103 295 496 4 6 59 28 13 31 19 77 NA
34 112 329 69 256 463 10 7 74 10 5 26 16 66 NA
28 113 383 86 296 509 12 5 81 4 5 23 10 65 NA
17 103 266 83 229 500 9 2 61 15 6 18 9 68 NA
22 77 332 79 267 438 14 4 46 13 9 26 17 58 NA
44 127 313 76 243 442 4 9 70 19 6 13 12 58 NA
31 113 344 90 328 455 9 16 65 14 4 34 13 61 NA
26 93 272 87 271 481 4 9 35 14 11 27 17 70 NA
41 123 277 58 231 465 15 14 60 2 3 23 8 51 NA
81 121 305 89 230 447 8 15 67 21 3 44 13 76 NA
30 99 310 68 236 450 19 8 66 15 8 17 16 81 NA
44 121 303 75 282 459 4 11 49 13 4 23 7 77 NA
24 121 328 98 265 469 7 7 67 11 5 25 11 63 NA
40 91 290 84 220 485 8 12 53 14 8 27 16 50 NA
35 100 308 76 244 496 6 5 46 15 12 30 13 83 NA
45 131 312 91 253 440 13 11 76 14 11 25 12 74 NA
72 109 315 70 274 459 16 11 60 23 8 22 6 86 NA
28 102 285 83 302 447 4 6 25 14 7 31 5 64 NA
32 107 310 84 306 556 13 10 51 15 9 17 13 75 NA
48 123 353 85 251 472 5 8 57 10 5 13 14 60 NA
32 110 326 95 255 452 5 5 76 20 10 25 10 91 NA
23 98 242 69 248 547 1 3 67 10 8 27 16 58 NA
37 64 369 95 267 485 8 8 50 10 9 22 11 60 NA
49 106 301 68 279 426 17 11 62 18 12 27 14 72 NA
58 114 359 97 285 412 6 3 60 17 9 12 17 78 1
31 80 339 71 253 492 7 7 47 16 8 24 15 75 NA
39 117 365 80 291 479 10 16 72 7 7 32 16 67 1
42 122 292 91 293 449 2 10 84 23 11 28 28 77 NA
45 132 336 79 284 466 6 16 82 15 11 14 19 61 NA
39 98 315 73 261 448 5 10 79 11 8 24 13 74 NA
33 132 315 61 217 437 6 17 41 15 10 44 15 67 NA
36 87 333 70 289 477 7 7 70 26 14 23 11 55 NA
32 90 265 66 221 461 8 1 68 14 1 24 14 65 NA
28 90 287 65 262 445 9 7 49 14 7 16 5 63 NA
32 104 270 81 252 465 6 14 49 27 14 20 16 76 NA
31 102 297 80 236 481 3 12 61 14 15 25 13 44 NA
20 71 274 83 280 532 11 6 56 11 9 33 16 81 NA
34 113 332 76 245 461 16 13 56 11 10 34 18 64 NA
46 141 315 82 283 489 7 10 61 12 11 24 11 69 NA
24 95 324 61 228 467 5 17 54 18 9 21 3 81 NA
20 101 336 93 262 508 11 7 48 12 7 35 21 71 NA
42 100 303 76 248 440 7 11 63 17 9 27 13 67 NA
48 113 326 77 264 527 8 7 49 17 9 25 6 67 NA
22 110 323 74 245 420 28 3 63 9 13 13 23 60 NA
34 96 288 80 248 532 8 9 72 11 8 32 18 75 NA
42 103 346 77 266 443 2 14 74 10 10 39 10 71 NA
35 99 355 90 276 477 11 4 44 16 11 26 19 78 NA
56 122 346 64 300 489 7 20 77 19 6 33 20 65 NA
22 87 363 72 277 467 16 8 53 13 13 25 17 65 NA
32 100 335 74 316 471 3 9 55 12 12 20 16 51 NA
26 101 297 86 277 492 10 2 69 15 5 23 18 72 NA
43 104 353 95 311 519 3 19 72 19 3 21 15 65 NA
32 120 286 71 225 453 6 15 65 10 12 21 6 88 NA
18 53 294 93 254 482 11 5 72 14 14 35 23 51 NA
44 108 343 80 288 487 3 7 67 18 10 29 12 50 NA
49 114 335 72 298 490 8 14 61 9 3 32 22 76 NA
43 106 314 80 249 476 7 2 56 21 14 26 12 51 NA
45 112 322 81 320 494 18 10 57 17 12 30 18 49 NA
38 108 311 95 268 449 5 2 53 14 3 30 5 65 NA
23 97 302 58 218 460 7 NA 68 10 9 20 11 87 NA
33 109 298 74 253 449 5 10 56 11 7 28 19 66 NA
40 84 307 77 247 482 10 1 56 24 6 30 14 59 NA
28 110 274 71 227 479 12 4 45 13 9 23 6 82 NA
30 51 271 86 224 430 10 3 53 15 5 14 14 100 NA
30 89 290 95 319 516 17 16 66 18 9 21 14 68 NA
55 115 292 76 193 424 9 15 71 22 14 40 10 68 NA
35 126 299 67 286 498 8 6 63 18 11 23 13 80 NA
38 94 347 80 298 530 11 13 84 13 9 12 12 84 NA
35 98 343 96 318 489 15 5 63 19 6 21 16 85 NA
26 108 310 82 286 474 4 5 63 9 4 29 22 68 NA
33 110 296 85 233 472 3 9 23 10 4 35 13 80 NA
32 100 321 72 269 471 15 3 81 7 9 41 12 69 NA
33 109 272 76 193 469 12 2 67 23 4 28 11 85 NA
44 135 356 81 293 485 9 13 51 19 8 32 16 69 NA
42 96 341 75 285 446 10 9 57 11 7 24 14 57 NA
36 109 334 63 229 424 11 4 56 17 9 33 6 96 NA
30 109 338 72 269 461 1 9 53 25 9 13 17 94 NA
30 116 306 70 287 457 12 3 43 6 6 22 2 78 NA
26 128 296 88 269 450 6 3 56 12 8 28 13 60 1
20 78 285 73 219 528 15 7 76 20 9 27 28 73 NA
