"kdkd" "kukd" "kuku" "pkd" "pku" "pp" "tdkd" "tdku" "tdp" "tdtd" "tukd" "tuku" "tup" "tutd" "tutu"
32 235 1273 554 1735 5680 73 47 799 161 126 2 570 104 3511
61 266 1416 546 1746 5829 107 43 695 173 142 3 499 147 3392
65 256 1279 570 1789 5872 62 46 692 183 126 4 543 94 3271
75 242 1310 570 1543 5627 22 31 674 217 123 1 523 85 3390
53 223 1291 593 1623 5777 78 47 783 118 116 NA 489 56 3391
50 220 1291 518 1542 5595 68 35 735 177 119 7 596 117 3394
53 223 1321 524 1658 5599 114 30 708 246 142 3 475 149 3574
38 235 1317 540 1671 5769 59 20 675 151 108 1 560 143 3463
77 276 1350 550 1683 5787 74 18 634 150 127 1 510 131 3466
54 241 1236 499 1576 5642 79 55 712 177 110 1 476 130 3259
91 272 1286 561 1780 5694 25 56 783 177 102 3 505 103 3359
46 217 1290 555 1561 5579 61 27 692 168 141 5 480 126 3632
31 233 1345 542 1849 5908 80 42 692 92 124 1 524 119 3340
77 259 1284 498 1404 5533 63 26 745 178 134 5 520 106 3273
56 205 1314 499 1806 5837 35 32 652 150 57 2 566 91 3216
45 263 1243 572 1732 6027 47 34 725 344 129 NA 566 90 3375
81 236 1346 534 1660 5661 51 51 702 173 128 6 544 108 3574
61 262 1127 548 1608 5804 47 38 737 225 63 1 526 102 3391
92 268 1289 627 1745 5813 42 54 760 137 107 NA 538 106 3489
49 219 1323 562 1617 5845 73 51 728 189 117 3 597 111 3410
45 272 1226 548 1588 5699 73 52 725 223 110 3 529 118 3529
117 246 1317 592 1721 5842 71 40 675 231 121 2 532 127 3468
57 259 1309 286 1657 5615 87 36 742 163 106 1 562 111 3431
62 245 1359 524 1586 5674 44 38 789 146 93 4 502 117 3294
53 265 1235 565 1540 5479 52 40 709 190 129 1 558 132 3411
69 287 1381 569 1658 5552 87 30 759 244 103 NA 531 94 3524
44 265 1389 530 1672 5570 37 45 721 120 116 1 555 123 3471
28 245 1293 510 1550 5718 32 42 726 186 120 1 546 102 3394
89 252 1285 571 1591 5475 54 36 643 187 123 2 524 144 3438
52 278 1273 543 1601 5808 64 28 679 181 145 1 531 109 3334
50 230 1337 513 1667 5685 61 45 717 140 115 3 573 115 3409
25 194 1392 474 1808 5528 84 37 704 229 105 9 538 124 3475
39 276 1270 595 1599 5631 50 27 675 121 121 1 544 119 3446
52 210 1255 568 1656 5828 93 39 666 260 119 NA 505 119 3548
47 247 1285 538 1561 5658 79 70 736 232 121 1 494 111 3691
86 276 1320 564 1605 5660 45 52 711 253 120 1 476 156 3490
90 274 1282 496 1585 5597 68 30 754 183 141 2 540 119 3432
71 254 1372 508 1685 5615 60 48 740 184 116 NA 520 149 3430
70 219 1353 511 1691 5751 57 55 663 143 121 NA 522 119 3644
39 210 1193 587 1591 5580 78 33 712 229 147 7 520 96 3444
47 195 1327 550 1750 5793 63 34 749 133 121 1 480 107 3570
48 269 1448 537 1636 5517 85 45 774 247 113 4 493 125 3583
56 273 1379 556 1751 5792 72 52 727 172 125 3 469 124 3488
69 290 1399 536 1883 5828 59 45 653 221 122 1 510 120 3551
49 256 1306 540 1613 5635 59 29 625 172 127 4 480 106 3412
72 247 1240 540 1520 5836 61 44 711 150 49 3 585 128 3554
54 241 1288 537 1623 5548 21 53 674 193 127 1 537 133 3409
56 231 1272 564 1486 5568 67 38 672 259 125 1 494 111 3376
42 242 1464 554 1675 5639 47 38 662 184 114 1 534 102 3474
41 271 1291 514 1692 5423 84 47 692 116 116 4 549 92 3512
53 107 1295 504 1635 5664 56 46 711 241 138 4 503 123 3482
50 220 1208 526 1521 5685 47 42 698 96 109 1 584 96 3600
65 225 1290 498 1685 5661 77 45 811 157 124 3 526 97 3425
61 236 1378 524 1605 5678 54 46 730 207 142 NA 548 113 3510
33 229 1303 546 1613 5549 68 27 729 185 154 1 513 114 3413
86 263 1388 547 1674 5675 50 23 723 189 113 4 466 126 3460
76 250 1309 511 1639 5687 57 52 727 203 125 NA 572 116 3311
46 264 1410 573 1750 5805 74 34 728 160 147 NA 528 131 3394
54 257 1345 557 1709 5672 87 25 687 181 108 1 521 128 3557
79 233 1291 515 1617 5624 42 34 693 175 134 3 528 127 3512
48 276 1278 534 1610 5768 60 22 703 194 135 NA 593 115 3392
35 269 1321 595 1674 5808 123 54 805 175 112 2 522 137 3500
58 279 1310 532 1575 5767 71 44 760 168 134 NA 497 101 3551
41 243 1364 563 1780 5814 65 32 722 161 102 1 472 106 3645
33 232 1377 547 1621 5616 70 60 728 191 115 NA 563 143 3492
68 251 1328 506 1616 5704 69 35 682 73 137 4 496 117 3341
51 267 1371 511 1635 5809 55 40 658 260 125 6 521 109 3303
88 245 1348 560 1712 5666 29 48 684 116 114 1 506 109 3401
55 255 1308 546 1655 5589 56 60 719 159 133 2 552 138 3602
87 226 1223 503 1612 5682 75 40 683 151 113 4 484 123 3651
45 218 1218 522 1654 5655 50 39 725 200 119 2 518 106 3461
42 236 1302 472 1564 5598 86 43 737 329 116 1 481 151 3326
84 254 1315 568 1671 5659 59 39 690 172 104 3 482 105 3566
90 266 1373 561 1685 5694 47 44 684 193 107 1 472 125 3463
54 223 1391 463 1561 5610 111 46 784 99 113 NA 557 121 3552
59 291 1391 602 1665 5782 67 39 739 148 125 1 537 155 3375
49 261 1326 518 1780 5482 71 49 711 144 101 2 533 122 3283
38 220 1269 532 1731 5584 78 56 643 213 126 1 542 141 3640
64 228 1396 561 1725 5591 36 33 691 169 130 1 542 104 3624
42 234 1193 510 1526 5619 96 42 720 242 97 2 519 115 3436
55 242 1314 552 1518 5599 73 42 678 193 132 7 506 112 3324
74 291 1374 500 1686 5892 59 31 712 153 139 1 505 127 3691
36 246 1275 498 1696 5803 35 31 714 131 111 NA 492 138 3532
72 254 1350 557 1641 5516 67 47 670 124 114 1 516 140 3601
31 212 1211 524 1605 5741 82 39 698 163 115 2 540 122 3411
34 251 1459 507 1814 5493 54 42 716 153 95 4 539 106 3591
56 244 1362 523 1565 5622 50 23 684 203 127 NA 539 108 3592
75 231 1173 586 1559 5801 58 38 691 128 113 9 567 104 3454
38 208 1362 555 1579 5509 101 41 657 163 133 NA 585 110 3643
38 224 1374 541 1644 5551 59 42 736 165 104 1 519 110 3404
59 262 1325 571 1691 5674 47 33 698 243 88 8 541 102 3536
47 259 1325 559 1720 5708 92 69 706 182 119 NA 458 119 3459
57 233 1284 542 1665 5567 75 22 685 143 125 6 538 108 3454
55 272 1339 531 1638 5776 88 41 725 199 117 1 518 132 3386
56 229 1296 527 1564 5540 89 45 717 264 133 1 480 101 3703
49 239 1342 584 1616 5764 46 40 733 154 116 8 541 112 3596
41 258 1278 593 1717 5857 54 49 665 177 109 3 490 114 3492
69 267 1343 471 1677 5639 65 53 712 128 134 1 562 128 3385
44 193 1372 495 1622 5579 57 43 735 171 124 1 575 104 3349
94 227 1304 537 1524 5717 58 18 668 118 109 1 533 130 3381
