"kdkd" "kukd" "kuku" "pkd" "pku" "pp" "tdkd" "tdku" "tdp" "tdtd" "tukd" "tuku" "tup" "tutd" "tutu"
27 215 1377 550 1810 5592 75 50 769 183 106 1 540 130 3413
39 241 1262 544 1680 5707 74 41 722 247 136 1 460 93 3524
79 282 1336 521 1520 5545 71 22 690 217 146 NA 511 132 3512
66 220 1262 613 1684 5590 57 50 681 240 124 1 587 130 3622
70 256 1379 520 1647 5865 42 31 653 164 132 2 528 120 3416
99 233 1314 595 1590 5784 68 23 715 146 134 NA 629 126 3491
50 291 1322 582 1632 5589 72 34 699 105 109 4 512 91 3590
90 279 1330 598 1642 5773 84 39 690 210 132 1 551 148 3388
112 243 1350 567 1602 5696 64 19 764 146 113 NA 484 125 3423
82 267 1284 561 1647 5615 79 34 757 196 102 1 543 90 3411
91 262 1323 563 1596 5725 43 34 714 224 121 NA 551 77 3491
51 276 1408 502 1725 5703 79 29 753 246 137 5 272 134 3554
35 225 1238 477 1600 5429 52 38 768 183 94 1 515 122 3761
33 223 1222 529 1645 5675 49 66 740 174 141 1 536 117 3507
56 246 1299 518 1617 5796 99 34 737 215 105 5 546 119 3422
60 248 1342 534 1457 5527 77 45 749 225 112 3 506 118 3538
59 242 1312 568 1748 5535 67 55 684 178 116 1 583 107 3776
69 229 1385 508 1716 5584 56 33 732 178 126 1 538 107 3448
64 281 1290 576 1543 5613 30 48 655 152 104 NA 560 107 3554
63 246 1345 544 1653 5757 64 33 641 159 121 1 588 115 3722
66 241 1429 543 1577 5625 79 44 723 230 108 NA 548 98 3583
51 260 1396 560 1591 5670 70 34 699 98 138 NA 555 116 3410
104 261 1299 528 1589 5718 48 37 667 157 118 1 544 131 3478
86 283 1319 528 1626 5461 57 31 736 235 109 1 572 129 3418
38 223 1341 507 1748 5791 53 50 695 227 108 NA 543 116 3492
73 275 1218 549 1709 5749 73 27 718 170 119 4 613 104 3495
97 260 1305 516 1660 5672 83 56 691 123 127 1 588 123 3546
62 228 1228 512 1542 5557 63 39 686 161 123 1 556 81 3402
49 235 1318 562 1642 5852 79 48 781 234 121 NA 511 113 3654
55 230 1301 516 1755 5606 53 36 721 175 119 1 506 121 3378
46 192 1363 574 1724 5518 59 44 627 170 111 1 565 102 3488
48 245 1292 566 1641 5768 63 19 666 97 117 2 605 122 3387
80 257 1402 531 1657 5493 56 40 627 167 106 3 504 121 3497
75 245 1263 511 1597 5579 107 45 751 159 126 NA 505 138 3643
73 237 1273 521 1601 5571 65 30 655 134 123 NA 552 83 3487
47 236 1442 499 1820 5718 51 37 710 192 114 1 550 91 3519
83 253 1342 573 1616 5826 54 32 673 160 122 1 548 124 3294
101 251 1374 536 1757 5567 61 52 777 252 116 1 573 96 3472
59 211 1299 560 1686 5745 89 40 676 137 122 NA 512 131 3610
63 246 1329 554 1678 5639 68 49 757 181 106 3 548 111 3432
45 248 1332 529 1772 5594 84 36 708 180 110 2 596 89 3341
61 237 1303 538 1605 5784 53 39 716 220 109 3 455 100 3375
59 256 1360 601 1749 5677 69 31 733 242 129 2 556 115 3441
43 245 1324 609 1678 5646 48 43 743 235 120 NA 543 54 3528
53 256 1251 527 1640 5624 46 53 724 219 111 7 577 96 3508
69 261 1297 550 1520 5541 48 44 678 201 124 NA 599 93 3685
64 275 1389 566 1688 5554 73 27 631 133 107 NA 513 109 3471
76 265 1309 494 1615 5659 93 54 717 153 128 NA 568 111 3495
35 208 1234 491 1755 5714 67 51 695 164 109 1 572 101 3517
64 118 1294 516 1643 5617 91 29 733 232 131 2 543 134 3505
68 257 1239 507 1404 5553 52 26 720 215 106 NA 529 135 3722
39 264 1337 535 1506 5576 45 34 664 273 122 3 556 126 3443
56 224 1325 530 1663 5534 85 61 721 201 112 1 522 101 3646
43 211 1277 513 1643 5656 84 57 732 151 111 3 515 124 3449
83 259 1243 497 1709 5552 67 46 722 181 144 NA 563 95 3307
51 213 1470 527 1701 5631 55 20 707 94 98 1 507 113 3371
67 224 1249 533 1631 5631 60 42 715 255 120 1 507 103 3471
55 256 1289 513 1647 5585 52 27 738 221 88 NA 497 118 3584
61 230 1375 483 1613 5683 56 38 612 153 113 2 560 121 3464
103 276 1350 537 1842 5710 99 29 730 205 104 4 559 146 3337
51 251 1333 513 1537 5711 82 44 719 106 117 NA 475 118 3777
72 216 1248 513 1636 5676 92 30 640 143 142 1 551 114 3418
60 262 1408 504 1675 5718 63 56 685 92 138 1 542 117 3536
77 239 1338 590 1658 5470 93 34 675 127 128 NA 554 143 3133
63 268 1272 590 1712 5830 73 30 676 228 132 NA 546 98 3558
77 266 1311 556 1694 5765 54 36 719 236 121 10 512 121 3452
48 280 1305 575 1762 5689 99 49 697 130 125 5 532 121 3409
42 200 1273 534 1674 5695 65 40 704 227 124 3 568 114 3335
63 258 1259 516 1610 5572 71 36 670 265 115 NA 556 117 3472
53 268 1330 523 1560 5421 72 39 754 150 113 1 544 130 3433
67 228 1285 554 1695 5799 88 54 748 167 107 1 477 136 3394
48 195 1241 476 1701 5557 59 39 666 171 125 3 484 91 3582
65 233 1378 556 1610 5549 62 39 778 170 97 2 455 138 3428
70 265 1260 546 1483 5686 81 39 778 236 119 1 577 118 3621
55 240 1150 549 1577 5847 61 44 712 170 139 8 538 111 3445
76 223 1238 521 1554 5735 63 31 724 149 124 1 577 128 3355
40 232 1250 540 1651 5709 85 34 749 144 130 5 490 90 3511
72 260 1318 542 1545 5554 115 31 679 200 106 3 557 127 3457
41 230 1319 532 1616 5546 86 35 706 192 93 1 535 128 3534
90 262 1414 555 1718 5750 30 33 728 150 120 1 523 88 3496
64 239 1272 501 1627 5762 49 34 674 203 152 NA 547 132 3541
60 222 1337 504 1734 5732 61 46 713 219 110 1 507 117 3212
65 217 1261 533 1544 5550 85 41 714 163 139 3 497 103 3592
57 260 1295 498 1589 5536 56 47 683 203 145 3 567 101 3294
81 227 1270 500 1613 5752 91 37 693 208 99 3 580 121 3591
48 219 1300 522 1655 5616 94 25 726 171 105 4 517 137 3635
68 272 1270 539 1611 5834 80 36 696 112 114 2 544 120 3581
78 251 1397 530 1922 5977 59 29 688 179 111 5 593 112 3528
101 241 1286 551 1588 5820 95 48 716 285 102 NA 271 157 3254
60 229 1364 572 1658 5666 72 38 699 207 144 1 531 135 3421
45 253 1393 518 1771 5782 68 41 643 209 102 4 547 109 3441
53 275 1406 522 1723 5922 82 41 743 129 100 1 505 124 3549
45 244 1232 552 1718 5729 32 60 630 128 137 1 540 125 3445
67 247 1320 496 1729 5645 54 41 752 189 129 2 502 139 3446
28 258 1267 569 1644 5679 75 43 699 179 125 3 478 109 3400
55 196 1195 509 1674 5687 84 51 692 182 101 2 634 123 3573
50 291 1411 567 1873 5860 71 38 733 216 129 4 508 120 3470
43 224 1255 542 1677 5811 61 35 693 102 121 3 541 76 3553
54 238 1348 581 1666 5741 90 44 739 198 121 1 564 134 3625
58 207 1299 520 1717 5710 81 53 692 184 143 3 511 73 3405
