"kdkd" "kukd" "kuku" "pkd" "pku" "pp" "tdkd" "tdku" "tdp" "tdtd" "tukd" "tuku" "tup" "tutd" "tutu"
195 448 2189 994 2394 18197 91 76 1230 235 120 1 613 133 4754
214 447 2182 1010 2391 18193 88 76 1229 232 124 1 616 129 4771
216 447 2189 1001 2391 18212 91 77 1220 232 125 1 614 124 4757
214 450 2172 994 2392 18239 93 77 1225 237 119 1 605 131 4796
217 450 2184 1002 2389 18190 91 79 1241 234 118 2 627 130 4748
214 451 2181 992 2379 18181 89 80 1226 235 119 1 619 127 4743
214 447 2168 1005 2370 18212 92 76 1217 233 120 1 620 127 4742
216 455 2178 1002 2385 18226 94 76 1240 234 121 1 622 128 4766
216 448 2186 1006 2388 18209 88 79 1226 241 115 1 304 135 4772
214 456 2191 1000 2381 18214 90 77 1222 235 119 1 619 135 4761
216 451 2184 1006 2381 18204 90 77 1218 234 120 2 622 133 4734
219 447 2188 998 2399 18213 90 80 1227 238 119 1 618 132 4770
219 460 2189 1014 2391 18231 94 77 1228 234 119 1 626 131 4763
216 449 2194 998 2405 18259 89 77 1231 232 116 1 619 130 4770
214 450 2190 997 2388 18233 93 78 1228 237 117 1 608 135 4749
214 447 2184 1004 2400 18221 47 76 1216 237 118 2 620 128 4778
215 451 2182 1001 2374 18185 90 79 1208 232 119 1 621 129 4766
215 448 2167 1001 2360 18212 88 77 1238 236 120 1 613 126 4799
214 449 2199 1009 2405 18222 90 79 1225 235 117 1 609 128 4722
214 446 2166 995 2367 18181 88 77 1233 235 120 1 614 133 4763
214 447 2177 999 2390 18196 88 76 1231 234 120 1 619 133 4728
214 448 2177 1004 2385 18222 89 77 1220 244 120 1 622 127 4745
214 448 2160 1001 2356 18229 89 78 1227 231 117 1 611 135 4748
221 452 2184 1003 2389 18200 90 81 1236 244 115 1 607 127 4773
221 449 2153 1011 2356 18205 88 80 1227 232 121 1 610 129 4809
215 451 2183 1008 2393 18192 95 78 1230 233 115 1 609 131 4741
214 447 2187 1004 2395 18204 97 78 1223 241 120 1 622 139 4766
223 454 2188 998 2378 18157 88 76 1225 242 120 1 622 133 4743
215 443 2164 998 2375 18199 90 79 1222 235 116 1 611 129 4769
215 448 2182 1012 2396 18203 96 77 1240 241 118 1 302 131 4778
214 447 2177 996 2380 18198 92 77 1219 245 122 1 614 131 4771
215 444 2177 1004 2377 18234 88 78 1231 240 117 1 614 130 4776
214 452 2155 1013 2374 18236 93 76 1224 232 122 1 620 130 4749
215 447 2179 993 2377 18247 91 81 1226 237 117 1 611 132 4795
229 450 2170 1010 2362 18205 92 78 1229 243 121 1 615 128 4718
221 452 2168 1000 2367 18249 91 77 1213 235 114 1 608 127 4733
216 451 2181 1026 2387 18219 91 79 1228 234 118 1 618 126 4734
235 455 2175 1022 2384 18222 92 80 1228 248 121 1 620 132 4737
214 446 2178 1003 2401 18245 89 82 1223 234 119 1 620 128 4770
217 457 2176 1007 2381 18251 89 78 1237 263 114 1 606 133 4755
211 449 2167 997 2360 18236 92 78 1229 235 118 1 620 130 4776
215 453 2174 1009 2369 18251 95 77 1226 238 120 1 608 134 4745
215 450 2190 999 2390 18200 87 76 1231 244 116 1 623 133 4744
216 449 2191 998 2389 18193 89 81 1227 240 116 1 618 133 4761
214 451 2166 1000 2363 18209 88 78 1223 242 122 1 602 133 4749
216 451 2190 1002 2388 18184 89 80 1230 235 122 2 624 132 4737
213 449 2168 999 2378 18222 94 75 1228 233 120 2 618 126 4766
214 443 2170 991 2386 18284 91 76 1223 231 113 1 623 129 4774
224 452 2176 995 2373 18201 90 76 1215 245 117 1 621 127 4742
214 446 2203 993 2436 18255 92 79 1232 232 126 1 621 129 4771
214 451 2199 995 2391 18195 90 80 1236 233 118 1 608 127 4810
216 440 2171 997 2373 18212 94 77 1236 235 118 1 612 129 4769
214 445 2167 995 2370 18205 95 77 1227 233 123 1 618 128 4731
215 456 2177 1008 2384 18280 106 80 1248 232 118 1 612 134 4733
214 449 2183 993 2395 18243 90 76 1230 231 123 1 617 130 4804
215 452 2172 1000 2400 18247 89 77 1222 236 116 2 617 137 4747
214 449 2184 996 2396 18218 88 79 1219 236 115 1 621 128 4765
214 448 2178 990 2387 18242 88 78 1223 238 118 1 616 131 4776
227 460 2187 1007 2403 18239 89 78 1230 244 122 1 623 128 4738
216 452 2186 1013 2385 18212 96 79 1226 235 116 1 609 136 4727
222 452 2189 1017 2401 18219 93 77 1231 237 123 1 616 131 4755
217 448 2166 993 2367 18202 88 77 1227 239 114 1 614 125 4758
217 450 2192 1017 2401 18267 90 77 1230 235 118 1 622 136 4748
215 455 2203 1017 2417 18261 89 80 1239 231 115 1 616 132 4787
215 454 2187 1008 2380 18186 88 78 1223 238 123 1 615 130 4759
216 449 2167 998 2375 18210 90 76 1229 232 126 1 622 127 4781
217 451 2177 1005 2379 18229 89 79 1237 247 115 1 617 135 4772
215 451 2182 996 2396 18210 88 76 1226 231 123 2 618 127 4748
215 448 2177 1002 2376 18199 92 80 1221 257 115 1 605 130 4737
216 446 2179 997 2366 18169 89 77 1225 244 118 1 607 134 4723
218 450 2195 998 2393 18225 88 76 1224 235 114 2 626 128 4766
217 451 2169 1010 2379 18213 88 78 1241 240 117 1 616 132 4773
210 453 2201 999 2406 18238 94 78 1224 232 119 1 621 131 4746
215 452 2184 996 2383 18169 92 76 1242 246 118 2 608 131 4806
216 450 2175 1006 2383 18242 88 76 1211 232 117 1 615 130 4779
215 446 2165 1003 2365 18198 88 78 1240 246 115 1 617 128 4755
214 442 2188 997 2387 18213 93 80 1227 233 122 1 638 133 4734
214 450 2173 995 2366 18227 91 77 1220 232 120 1 613 128 4791
223 452 2180 1002 2373 18250 90 79 1232 233 124 2 625 127 4784
222 450 2191 1020 2374 18200 90 79 1233 234 120 1 626 131 4742
216 451 2169 1001 2363 18160 89 77 1227 232 122 1 620 130 4750
216 449 2176 1012 2387 18229 89 78 1247 241 113 1 611 130 4759
216 448 2179 1006 2402 18197 105 77 1229 235 117 1 625 127 4771
214 444 2164 993 2365 18172 89 77 1214 239 119 2 616 127 4775
219 447 2171 1005 2379 18276 93 76 1222 233 122 1 616 131 4753
215 450 2170 993 2370 18231 92 76 1226 231 120 1 622 127 4770
212 449 2190 999 2405 18247 89 76 1236 232 115 1 616 131 4759
223 460 2180 1008 2385 18229 94 77 1219 247 119 1 610 131 4733
214 447 2182 992 2378 18226 95 77 1233 261 124 1 623 132 4765
214 447 2180 999 2379 18263 90 77 1226 231 118 1 618 129 4750
216 452 2185 1000 2364 18177 89 76 1218 232 121 1 608 128 4771
214 448 2199 1006 2402 18217 113 79 1240 231 122 2 627 133 4744
217 456 2186 1012 2394 18177 99 78 1228 233 120 1 610 130 4725
216 444 2188 996 2400 18201 88 81 1219 235 126 1 621 131 4784
224 458 2175 1014 2388 18213 93 77 1224 258 125 1 628 128 4740
225 450 2171 1007 2377 18190 90 77 1220 233 119 1 618 131 4767
227 453 2171 997 2383 18231 92 78 1226 252 116 1 619 135 4745
215 448 2182 1001 2382 18222 89 76 1217 239 122 1 610 127 4766
215 450 2180 999 2383 18216 91 77 1222 237 117 1 615 133 4754
214 451 2184 1006 2407 18316 91 77 1232 240 120 1 626 130 4752
