"kdkd" "kukd" "kuku" "pkd" "pku" "pp" "tdkd" "tdku" "tdp" "tdtd" "tukd" "tuku" "tup" "tutd" "tutu"
"1" 1 0 2 1 1 4 0 0 0 1 0 0 1 0 4
"2" 1 1 1 0 1 3 0 0 0 0 0 0 0 0 1
"3" 0 0 0 0 0 1 0 0 0 0 0 NA 0 0 2
"4" 1 0 0 0 0 2 0 0 0 0 0 0 1 0 2
"5" 0 0 3 0 2 3 0 0 0 0 0 0 0 0 3
"6" 2 0 4 0 0 1 0 0 0 0 0 NA 0 0 2
"7" 0 0 2 0 0 2 0 0 0 1 0 0 1 0 3
"8" 1 0 2 0 1 2 0 0 0 0 0 0 0 0 3
"9" 1 1 0 0 1 2 0 0 0 1 0 NA 0 0 3
"10" 0 0 2 0 0 2 0 0 0 1 0 NA 1 0 1
"11" 0 0 0 0 0 0 0 0 0 0 0 NA 0 0 2
"12" 0 0 0 0 1 2 0 0 0 0 0 0 1 0 0
"13" 0 1 2 0 3 4 0 0 0 1 0 0 0 0 3
"14" 0 0 1 0 0 1 0 0 0 0 0 0 0 0 0
"15" 0 0 1 0 1 2 0 0 0 0 0 NA 0 0 5
"16" 0 0 0 0 0 2 0 0 0 0 0 0 0 0 1
"17" 0 0 1 0 0 2 0 0 0 0 0 0 1 0 2
"18" 1 0 1 0 1 2 0 0 1 2 0 0 0 0 1
"19" 0 0 0 0 0 2 0 0 0 0 0 0 0 0 1
"20" 0 0 1 0 0 5 0 0 0 0 0 0 0 0 2
"21" 1 0 0 0 0 1 0 0 0 2 0 NA 0 0 0
"22" 0 0 3 0 3 2 0 0 0 0 0 0 0 0 1
"23" 1 1 2 0 2 1 0 0 0 0 0 0 0 0 1
"24" 0 0 0 0 0 1 0 0 0 1 0 NA 0 0 1
"25" 0 0 1 0 1 5 0 0 0 1 0 0 1 0 5
"26" 0 0 1 0 1 3 0 0 0 0 0 0 0 0 3
"27" 1 0 3 0 1 0 0 0 0 0 0 0 0 0 1
"28" 0 0 1 0 0 3 0 0 0 0 0 0 0 0 2
"29" 2 0 2 0 0 1 0 0 0 0 0 0 0 0 1
"30" 0 0 3 0 3 4 0 0 0 0 0 0 1 0 2
"31" 1 1 3 1 1 1 0 0 0 0 0 0 0 0 2
"32" 0 1 1 0 0 0 0 0 0 0 0 0 0 0 1
"33" 1 0 2 0 0 2 0 0 0 1 0 0 0 0 1
"34" 1 1 2 1 3 3 0 0 0 0 0 NA 0 0 1
"35" 0 0 0 0 0 2 0 0 0 1 0 0 0 0 1
"36" 1 1 2 0 0 2 0 0 0 0 0 NA 1 0 2
"37" 0 0 2 0 0 1 0 0 1 2 0 NA 0 0 3
"38" 1 0 1 1 1 2 0 0 0 0 0 0 0 0 1
"39" 0 0 2 0 0 2 0 0 0 1 0 NA 0 0 1
"40" 0 0 1 0 1 3 0 0 0 1 0 NA 0 0 3
"41" 0 0 3 0 1 4 0 0 0 0 0 0 1 0 3
"42" 0 1 1 0 1 2 0 0 0 0 0 0 0 0 6
"43" 0 0 2 1 0 1 0 0 0 0 0 0 0 0 1
"44" 0 0 2 0 0 1 0 0 0 0 0 0 1 0 1
"45" 0 0 2 0 1 1 0 0 0 0 0 0 0 0 3
"46" 1 1 0 0 0 2 0 0 0 0 0 NA 0 0 1
"47" 1 0 4 0 0 5 0 0 0 1 0 0 1 0 2
"48" 1 0 1 1 1 1 0 0 0 0 0 0 0 0 1
"49" 0 0 1 0 0 4 0 0 0 0 0 0 2 0 3
"50" 0 0 1 0 1 5 0 0 0 0 0 0 0 0 2
"51" 1 0 1 0 0 2 0 0 0 1 1 0 0 0 2
"52" 2 0 0 1 0 1 0 0 0 0 0 0 0 0 1
"53" 1 1 2 0 1 3 0 0 0 0 0 0 0 0 2
"54" 0 1 1 0 0 4 0 0 0 0 0 NA 0 0 1
"55" 1 0 1 1 1 3 0 0 0 0 0 0 0 0 0
"56" 0 0 1 0 1 1 0 0 0 0 0 NA 0 0 3
"57" 0 0 3 0 2 5 0 0 0 0 0 0 0 0 3
"58" 0 0 1 0 0 0 0 0 0 1 0 0 0 0 4
"59" 0 0 0 0 1 1 0 0 0 1 0 NA 1 0 3
"60" 0 0 0 0 1 1 0 0 0 0 0 0 0 0 2
"61" 0 0 0 0 0 1 0 0 0 0 0 0 0 0 2
"62" 0 0 0 0 0 3 0 0 0 0 0 0 0 0 1
"63" 1 0 1 0 0 3 0 0 0 0 0 0 1 0 7
"64" 0 1 1 0 0 1 0 0 0 0 0 0 0 0 2
"65" 0 0 1 0 0 1 0 0 0 0 0 NA 0 0 2
"66" 1 1 3 1 3 2 0 0 0 0 0 0 0 0 4
"67" 1 1 1 1 1 0 0 0 0 0 0 NA 0 0 1
"68" 0 0 0 0 1 0 0 0 0 0 0 0 0 0 2
"69" 1 1 1 1 2 5 0 0 0 0 0 NA 0 0 1
"70" 1 0 0 0 1 2 0 0 0 0 0 NA 0 0 0
"71" 0 0 1 0 1 0 0 0 1 1 0 0 0 0 2
"72" 1 0 0 0 0 1 0 0 0 1 0 0 0 0 1
"73" 0 0 2 0 2 3 0 0 0 0 0 NA 0 0 3
"74" 1 1 1 0 0 2 0 0 0 0 0 0 0 0 2
"75" 1 0 0 0 0 1 0 0 0 0 0 0 1 0 7
"76" 0 0 1 0 1 4 0 0 0 1 0 0 1 0 3
"77" 0 0 0 0 1 0 0 0 0 0 0 0 0 0 1
"78" 0 0 0 0 1 0 0 0 0 0 0 0 0 0 3
"79" 0 0 1 0 3 2 0 0 0 0 0 0 1 0 2
"80" 1 0 1 0 1 3 0 0 0 0 0 0 0 0 3
"81" 2 1 2 1 0 1 0 0 0 1 0 0 0 0 3
"82" 0 0 1 0 1 2 0 0 0 0 0 0 0 0 4
"83" 1 1 1 0 0 2 0 0 0 0 0 0 0 0 3
"84" 0 0 2 0 1 0 0 0 0 0 0 0 1 0 1
"85" 0 1 1 0 2 3 0 0 0 0 0 0 0 0 2
"86" 0 0 3 0 1 2 0 0 0 0 0 NA 1 0 2
"87" 0 0 4 0 1 0 0 0 0 1 0 NA 0 0 4
"88" 0 0 1 0 0 0 0 0 0 0 0 0 0 0 0
"89" 0 0 2 0 0 0 0 0 0 0 0 0 0 0 1
"90" 0 1 0 0 1 3 0 0 0 0 0 0 0 0 2
"91" 0 0 0 0 1 3 0 0 0 0 0 0 1 0 5
"92" 3 1 2 0 1 3 0 0 0 1 0 NA 0 0 3
"93" 0 0 1 0 1 1 0 0 0 1 0 0 0 0 0
"94" 0 0 2 0 1 2 0 0 0 0 0 0 0 0 0
"95" 0 0 1 0 0 0 0 0 0 1 0 0 0 0 1
"96" 1 1 0 0 1 3 0 0 0 0 0 0 0 0 1
"97" 2 2 2 1 0 3 0 0 0 0 0 NA 0 0 3
"98" 1 1 3 0 0 3 0 0 0 0 0 0 0 0 2
"99" 0 0 1 0 0 1 0 0 0 1 0 0 0 0 1
"100" 1 0 0 0 1 2 0 0 0 0 0 0 0 0 2
"101" 0 0 0 0 0 1 0 0 0 0 0 NA 0 0 1
"102" 0 0 3 0 0 3 0 0 0 0 0 0 0 0 0
"103" 1 0 1 0 1 1 0 0 0 0 0 NA 0 0 1
"104" 2 1 3 0 1 0 0 0 0 0 0 NA 0 0 1
"105" 0 0 1 0 0 1 0 0 0 1 0 NA 1 0 4
"106" 0 0 1 0 1 4 0 0 0 0 0 NA 0 0 1
"107" 1 0 2 0 3 3 0 0 1 1 0 0 0 1 1
"108" 0 0 3 0 1 1 0 0 0 0 0 NA 0 0 2
"109" 0 0 1 0 0 2 0 0 0 0 0 NA 0 0 1
"110" 0 0 1 1 1 3 0 0 0 1 0 0 0 0 2
"111" 0 0 1 0 1 3 0 0 0 1 0 NA 0 0 4
"112" 0 1 2 1 3 4 0 0 0 0 0 0 0 0 2
"113" 0 0 0 0 0 1 0 0 0 0 0 0 0 0 1
"114" 1 0 1 1 0 0 0 0 0 0 0 NA 0 0 4
"115" 1 1 1 0 3 6 0 0 0 0 0 NA 0 0 4
"116" 0 0 0 0 0 2 0 0 0 0 0 0 0 0 2
"117" 0 0 1 0 3 2 0 0 0 0 0 0 2 0 5
"118" 1 0 1 0 1 2 0 0 0 0 0 NA 0 0 5
"119" 1 1 1 1 1 2 0 0 0 0 0 0 0 0 1
"120" 1 1 1 0 1 2 0 0 0 0 0 NA 0 0 3
"121" 1 0 0 1 0 3 0 0 0 0 0 0 0 0 3
"122" 0 0 1 0 1 2 0 0 0 0 0 0 1 0 1
"123" 0 0 0 0 0 2 0 0 0 0 0 0 0 0 1
"124" 1 1 2 0 0 3 0 0 0 0 0 0 1 0 0
"125" 1 1 2 1 0 0 0 0 0 0 0 0 0 0 0
"126" 0 0 1 0 0 1 0 0 0 0 0 0 1 0 1
"127" 1 1 2 0 1 1 0 0 0 0 0 0 0 0 3
"128" 0 0 0 0 0 2 0 0 0 1 0 NA 0 0 4
"129" 0 0 1 0 1 0 0 0 0 0 0 0 0 0 0
"130" 0 0 2 0 0 2 0 0 0 0 0 0 0 0 2
"131" 0 0 0 0 1 1 0 0 0 0 0 0 0 0 1
"132" 0 0 1 0 0 2 0 0 0 1 0 0 0 0 3
"133" 0 0 0 1 0 3 0 0 0 0 0 NA 0 0 4
"134" 1 1 1 1 0 4 0 0 0 0 0 0 0 0 2
"135" 0 1 1 0 1 2 0 0 0 0 0 0 1 0 2
"136" 2 1 1 0 0 3 0 0 0 0 0 0 0 0 2
"137" 1 1 1 1 0 0 0 0 0 1 0 0 0 0 1
"138" 0 0 1 0 0 0 0 0 0 0 0 NA 0 0 1
"139" 0 0 1 0 0 3 0 0 0 0 0 NA 0 0 3
"140" 2 1 2 1 2 3 0 1 0 1 0 0 1 0 4
"141" 0 0 2 0 2 3 0 0 0 0 0 0 0 0 2
"142" 2 1 1 1 0 1 0 0 0 0 0 0 0 0 1
"143" 0 0 0 0 0 1 0 0 0 0 0 0 0 0 1
"144" 2 1 1 0 1 1 0 0 0 0 0 0 0 0 2
"145" 1 0 3 1 0 1 0 0 0 0 0 0 0 1 1
"146" 1 0 1 0 1 0 0 0 0 0 0 0 0 0 3
"147" 0 1 1 0 1 1 0 0 0 0 0 NA 1 0 3
"148" 0 0 0 0 0 3 0 0 0 0 0 NA 0 0 0
"149" 0 0 1 0 1 3 0 0 0 0 0 0 0 0 5
"150" 0 0 0 0 0 0 0 0 0 0 0 NA 0 0 2
"151" 0 0 1 0 0 3 0 0 0 0 0 NA 0 0 3
"152" 0 0 1 0 1 4 0 0 0 1 0 0 0 0 2
"153" 0 0 0 0 0 0 0 0 0 0 0 NA 0 0 1
"154" 0 0 0 0 2 3 0 0 0 0 0 0 1 0 1
"155" 0 0 0 0 1 2 0 0 0 1 0 NA 0 0 1
"156" 0 0 1 0 0 1 0 0 0 0 0 NA 0 0 0
"157" 2 1 2 1 0 2 0 0 0 0 0 NA 0 0 1
"158" 0 0 0 0 2 4 0 0 0 0 0 0 0 0 3
"159" 0 0 0 0 0 3 0 0 0 1 0 NA 0 0 2
"160" 0 0 2 0 0 4 0 0 1 1 0 NA 0 0 3
"161" 0 0 1 0 1 3 0 0 0 0 0 NA 0 0 1
"162" 0 0 0 0 0 0 0 0 0 0 0 NA 0 0 1
"163" 0 0 1 0 0 4 0 0 0 1 0 NA 1 0 2
"164" 0 0 3 0 1 2 0 0 0 0 0 0 0 0 4
"165" 0 0 2 0 1 2 0 0 0 0 0 0 0 0 2
"166" 0 1 2 0 3 4 0 0 0 0 0 0 0 0 5
"167" 1 0 1 0 0 2 0 0 0 0 0 0 0 0 2
"168" 0 0 1 0 1 4 0 0 0 0 0 0 0 0 1
"169" 0 0 0 0 1 1 0 0 0 0 0 0 0 0 3
"170" 1 1 1 0 1 3 0 0 0 0 0 0 0 0 1
"171" 0 0 0 0 0 0 0 0 0 0 0 0 0 0 3
"172" 0 1 4 1 0 1 0 0 0 0 0 0 0 0 3
"173" 1 0 2 1 0 2 0 0 0 0 0 0 0 0 1
"174" 0 0 0 0 1 3 0 0 0 1 0 0 0 0 3
"175" 0 0 2 0 0 2 0 0 0 1 0 0 0 1 5
"176" 0 0 3 0 3 3 0 0 0 1 0 0 0 0 3
"177" 0 0 4 0 1 2 0 0 0 0 0 0 0 0 1
"178" 1 1 2 1 1 0 0 0 0 0 0 NA 0 0 2
"179" 0 0 1 0 0 1 0 0 0 1 0 0 0 0 2
"180" 0 0 3 0 1 1 0 0 0 0 0 NA 0 0 4
"181" 0 0 2 0 0 1 0 0 0 0 0 0 0 0 4
"182" 2 0 1 0 0 3 0 0 0 1 0 0 0 0 5
"183" 1 0 1 1 1 1 0 0 0 1 0 0 0 0 2
"184" 0 0 3 0 1 0 0 0 0 0 1 0 0 0 1
"185" 0 0 3 0 1 2 0 0 0 0 0 0 0 0 3
"186" 1 0 1 1 0 3 0 0 0 1 0 0 0 0 3
"187" 0 1 0 0 0 2 0 0 0 0 0 0 0 0 4
"188" 0 0 1 0 0 4 0 0 0 1 0 0 1 0 4
"189" 0 0 2 0 0 0 0 0 0 0 0 0 0 0 2
"190" 1 0 0 0 0 1 0 0 0 0 0 0 0 0 6
"191" 0 0 0 0 0 1 0 0 0 0 0 0 0 0 1
"192" 0 0 1 0 1 3 0 0 0 0 0 0 0 0 2
"193" 1 0 0 1 0 1 0 0 0 0 0 0 1 0 3
"194" 0 0 1 1 2 2 0 0 0 1 0 0 0 0 1
"195" 0 0 1 0 0 0 0 0 0 0 0 0 0 0 3
"196" 0 0 1 0 1 2 0 0 0 0 0 0 0 0 4
"197" 0 0 0 0 0 1 0 0 0 0 0 0 0 0 2
"198" 0 0 1 0 0 2 0 0 0 0 0 0 0 0 3
"199" 1 0 2 0 1 1 0 0 0 0 0 0 0 0 3
"200" 0 1 2 0 1 3 0 0 0 0 0 NA 0 0 1
"201" 1 1 1 0 1 5 0 0 0 2 0 NA 0 0 2
"202" 2 1 0 1 1 0 0 0 0 0 0 0 1 0 1
"203" 1 0 1 1 3 3 0 0 0 0 0 NA 0 0 4
"204" 0 0 0 0 0 0 0 0 0 0 0 0 0 0 1
"205" 1 1 2 1 0 2 0 0 0 0 0 NA 0 0 3
"206" 0 0 1 0 0 1 0 0 0 0 0 0 2 0 2
"207" 1 1 3 0 2 2 0 0 0 1 0 0 0 0 3
"208" 1 0 0 0 0 1 0 0 0 1 0 0 0 0 2
"209" 0 0 1 0 0 0 0 0 0 0 0 0 0 0 1
"210" 1 0 1 0 0 1 0 0 0 0 1 0 0 0 2
"211" 1 0 1 0 1 2 0 0 0 0 0 0 0 0 2
"212" 0 1 0 1 1 3 0 0 0 0 0 NA 1 0 2
"213" 1 1 0 1 0 1 0 0 0 0 0 0 0 0 2
"214" 1 1 1 0 0 3 0 0 0 0 0 0 1 0 3
"215" 1 0 1 1 0 2 0 0 0 0 0 0 0 0 1
"216" 0 0 1 0 1 0 0 0 0 0 0 NA 0 0 1
"217" 0 0 0 0 0 3 0 0 0 1 0 0 0 0 1
"218" 0 0 0 0 1 1 0 0 0 0 0 0 0 0 3
"219" 0 0 1 0 0 1 0 0 0 0 0 0 1 0 3
"220" 0 0 0 0 1 0 0 0 0 0 0 NA 0 0 2
"221" 0 0 2 0 1 0 0 0 0 0 0 NA 0 0 3
"222" 1 0 0 0 1 0 0 0 0 0 0 NA 0 0 2
"223" 1 1 0 1 0 4 0 0 0 1 0 NA 0 0 2
"224" 0 0 1 0 0 0 0 0 0 1 0 0 0 0 1
"225" 0 0 1 0 1 5 0 0 0 0 0 NA 0 0 2
"226" 1 0 3 1 0 1 0 0 0 1 0 NA 0 0 0
"227" 0 0 1 0 1 3 0 0 0 0 0 NA 0 0 4
"228" 0 0 1 0 0 2 0 0 0 1 0 0 0 0 1
"229" 0 0 2 0 1 3 0 0 0 0 0 NA 0 0 3
"230" 0 0 1 0 1 0 0 0 0 1 0 0 0 0 3
"231" 0 0 2 0 1 4 0 0 0 1 0 0 0 0 3
"232" 0 0 0 0 0 2 0 0 0 0 0 0 0 0 5
"233" 2 1 2 0 1 7 0 0 0 0 0 NA 0 0 2
"234" 1 0 1 1 0 0 0 0 0 0 0 0 0 0 0
"235" 1 0 2 0 1 4 0 0 0 0 0 NA 1 0 1
"236" 2 0 2 1 2 4 0 0 0 0 0 0 0 0 4
"237" 0 0 0 0 0 1 0 0 0 1 0 NA 0 0 2
"238" 2 1 1 0 1 1 0 0 1 1 0 0 0 0 1
"239" 0 0 1 0 1 3 0 0 0 0 0 0 0 0 3
"240" 0 1 1 0 0 2 0 0 0 0 0 0 0 0 0
"241" 0 0 1 0 2 5 0 0 0 0 0 NA 0 0 4
"242" 0 1 2 1 1 1 0 0 0 0 0 NA 0 0 3
"243" 0 0 0 0 0 0 0 0 0 0 0 0 0 0 2
"244" 0 0 1 0 1 1 0 0 0 0 0 0 0 0 2
"245" 0 0 2 0 1 4 0 0 0 0 0 NA 0 0 1
"246" 1 0 2 1 1 2 0 0 0 0 0 0 0 0 0
"247" 1 1 2 1 0 3 0 0 0 1 0 0 0 0 2
"248" 1 1 2 0 2 0 0 0 0 1 0 0 1 0 3
"249" 0 0 1 0 1 3 0 0 0 0 0 NA 1 1 1
"250" 1 0 2 1 0 0 0 0 1 0 0 NA 0 0 2
"251" 0 0 1 0 0 2 0 0 0 0 0 0 0 0 4
"252" 1 0 1 0 1 1 0 0 0 0 0 0 0 0 1
"253" 1 0 1 0 1 2 0 0 0 0 0 0 1 0 0
"254" 1 1 2 0 0 1 0 0 0 1 0 NA 0 0 1
"255" 1 3 1 1 1 1 0 0 0 0 0 0 1 0 2
"256" 0 0 1 0 1 1 0 0 0 0 0 0 0 0 2
"257" 0 1 0 0 1 1 0 0 0 0 0 0 0 0 5
"258" 2 3 1 1 2 4 0 0 0 0 0 0 3 0 2
"259" 0 0 0 0 1 1 0 0 0 0 0 0 0 0 1
"260" 1 1 3 0 1 2 0 0 0 0 0 NA 0 0 3
"261" 0 0 0 0 0 0 0 0 0 0 0 0 0 0 0
"262" 0 0 0 0 0 2 0 0 0 0 0 0 0 0 3
"263" 1 0 0 0 1 1 0 0 0 1 0 0 0 0 3
"264" 0 0 1 0 1 2 0 0 0 1 0 NA 0 0 2
"265" 1 0 1 1 1 3 0 0 0 0 0 0 0 0 3
"266" 0 0 1 0 1 2 0 0 0 1 0 NA 0 0 1
"267" 0 0 1 0 0 1 0 0 0 0 0 0 0 0 1
"268" 1 1 2 1 1 2 0 0 0 0 0 NA 0 0 3
"269" 0 0 2 0 1 0 0 0 0 0 0 0 0 0 2
"270" 0 0 3 0 1 3 0 0 0 0 0 0 0 0 3
"271" 0 0 0 0 0 4 0 0 0 0 0 0 1 0 4
"272" 0 0 1 0 0 0 0 0 0 0 0 0 0 0 2
"273" 1 0 2 0 0 2 0 0 0 0 0 0 0 0 3
"274" 0 0 1 0 1 2 0 0 0 0 0 NA 0 0 5
"275" 1 0 1 1 0 4 0 0 0 1 0 NA 0 0 0
"276" 1 0 0 0 1 0 0 0 0 1 0 NA 0 0 3
"277" 0 0 3 0 1 3 0 0 1 0 0 NA 0 0 2
"278" 1 1 2 1 3 4 0 0 0 0 0 NA 0 0 2
"279" 0 0 2 0 1 0 0 0 0 0 0 0 0 0 1
"280" 0 0 2 0 1 2 0 0 0 0 0 0 0 0 0
"281" 0 0 1 0 0 2 0 0 0 0 0 0 0 0 2
"282" 0 1 1 0 1 0 0 0 0 0 0 0 0 0 0
"283" 1 1 2 0 1 1 0 0 0 0 0 0 0 0 0
"284" 0 0 0 0 0 0 0 0 0 0 0 NA 0 0 1
"285" 0 1 1 0 1 2 0 0 0 0 0 0 0 0 0
"286" 1 0 0 0 0 2 0 0 0 0 0 0 0 0 0
"287" 0 0 0 1 1 3 0 0 0 0 0 0 0 0 5
"288" 1 1 2 0 0 1 0 0 0 0 0 0 0 0 3
"289" 0 0 2 0 1 2 0 0 0 0 0 0 0 0 2
"290" 1 1 1 0 1 1 0 0 0 0 0 0 0 0 0
"291" 0 0 0 0 0 2 0 0 0 0 0 0 0 0 2
"292" 1 0 0 1 1 2 0 0 0 0 0 0 0 0 3
"293" 1 1 0 0 0 3 0 0 0 0 0 0 0 0 0
"294" 0 0 1 0 1 2 0 0 0 0 0 0 1 0 3
"295" 0 0 0 0 0 0 0 0 0 0 0 0 0 0 4
"296" 0 0 0 0 0 1 0 0 0 0 0 0 0 0 0
"297" 0 0 2 0 3 5 0 0 0 0 0 0 0 0 0
"298" 0 0 0 0 0 3 0 0 0 0 0 0 0 0 4
"299" 0 0 0 0 1 2 0 0 0 0 0 0 0 0 2
"300" 0 0 1 0 0 1 0 0 0 0 0 0 0 0 2
"301" 1 0 1 1 1 3 0 0 0 0 0 0 0 0 2
"302" 1 1 1 0 0 1 0 0 0 0 0 0 0 0 4
"303" 1 0 1 0 1 2 0 0 0 0 0 0 0 0 1
"304" 0 0 0 0 1 4 0 0 0 0 0 0 1 0 2
"305" 1 0 2 0 3 3 0 0 0 0 0 NA 0 0 2
"306" 0 0 2 0 0 1 0 0 0 0 0 NA 0 0 2
"307" 1 1 1 0 0 0 0 0 0 0 0 0 0 0 0
"308" 0 0 1 0 0 1 0 0 0 0 0 0 0 0 3
"309" 0 1 2 1 0 2 0 0 0 0 0 NA 0 0 6
"310" 0 0 3 0 1 3 0 0 0 1 0 0 0 1 3
"311" 1 0 0 0 1 4 0 0 0 0 0 NA 0 0 0
"312" 0 0 0 0 0 2 0 0 0 0 0 0 0 0 2
"313" 0 0 0 1 0 2 0 0 0 0 0 NA 1 0 5
"314" 0 0 1 0 0 1 0 0 0 1 0 0 0 0 1
"315" 0 0 1 0 2 2 0 0 0 0 0 0 0 0 0
"316" 0 0 3 0 0 1 0 0 0 0 0 NA 0 0 0
"317" 2 0 1 1 0 1 0 0 0 0 0 0 0 0 2
"318" 0 0 0 0 0 1 0 0 0 0 0 0 0 0 1
"319" 2 1 1 0 1 2 0 0 0 1 0 0 0 0 1
"320" 1 1 1 0 0 1 0 0 0 1 0 0 1 0 0
"321" 0 0 1 0 1 2 0 0 0 1 0 NA 1 0 2
"322" 0 0 1 0 0 1 0 0 0 0 0 0 0 0 2
"323" 1 0 1 1 1 2 0 0 1 0 0 0 1 0 4
"324" 0 1 0 0 0 4 0 0 0 0 0 0 0 0 2
"325" 0 0 0 0 0 1 0 0 1 1 0 0 0 0 5
"326" 0 0 0 0 0 3 0 0 0 0 0 NA 0 0 0
"327" 0 0 0 0 0 2 0 0 0 0 0 0 0 0 3
"328" 0 0 2 0 1 3 0 0 0 0 0 NA 0 0 3
"329" 0 1 2 0 1 0 0 0 0 0 0 0 0 0 0
"330" 0 0 3 0 1 3 0 0 0 1 0 0 0 0 3
"331" 1 0 0 1 0 2 0 0 0 0 0 0 0 0 2
"332" 0 0 1 0 1 2 0 0 0 0 0 NA 0 0 1
"333" 0 0 1 0 1 0 0 0 0 0 0 0 1 0 4
"334" 1 1 2 0 0 2 0 0 0 0 0 NA 0 0 1
"335" 0 0 1 0 1 3 0 0 0 1 0 NA 0 0 2
"336" 0 0 3 0 1 3 0 0 0 1 0 0 0 0 3
"337" 0 1 1 0 1 2 0 0 0 0 0 0 0 0 3
"338" 0 0 0 0 0 1 0 0 0 0 0 NA 0 0 1
"339" 1 0 0 0 2 2 0 0 0 0 0 0 0 0 2
"340" 1 1 1 1 0 3 0 0 0 0 0 0 0 0 0
"341" 0 0 0 0 0 1 0 0 0 0 0 0 0 0 2
"342" 0 0 0 0 0 0 0 0 0 0 0 0 0 0 1
"343" 0 0 0 0 0 2 0 0 0 0 0 0 0 0 5
"344" 0 0 0 0 0 2 0 0 0 0 0 0 0 0 1
"345" 1 1 4 1 3 2 0 0 0 1 0 0 0 0 4
"346" 0 0 0 0 0 2 0 0 0 2 0 0 0 0 2
"347" 0 0 1 0 1 3 0 0 0 0 0 0 1 0 2
"348" 0 0 1 0 1 1 0 0 0 0 0 NA 0 0 2
"349" 1 0 1 0 3 4 0 0 0 0 0 NA 0 0 2
"350" 1 1 2 1 0 4 0 0 0 0 0 0 1 0 2
"351" 1 1 2 1 1 1 0 0 0 0 0 0 0 0 4
"352" 0 0 0 0 1 2 0 0 1 0 0 0 0 0 3
"353" 1 1 1 0 1 2 0 0 0 0 0 0 0 0 1
"354" 0 0 1 1 4 4 0 0 0 0 0 NA 0 0 2
"355" 0 0 0 0 1 1 0 0 0 0 0 NA 0 0 2
"356" 1 1 2 0 1 1 0 0 0 0 0 NA 0 0 2
"357" 0 0 0 0 0 1 0 0 0 0 0 NA 1 0 1
"358" 0 0 2 0 0 3 0 0 0 0 0 0 1 0 3
"359" 1 0 2 0 1 2 0 0 0 0 0 0 0 0 3
"360" 1 1 1 0 1 1 0 0 0 0 0 NA 0 0 1
"361" 2 1 0 1 1 2 0 0 0 0 0 0 0 0 1
"362" 0 0 2 0 1 1 0 0 0 0 0 0 0 0 0
"363" 0 0 1 0 0 0 0 0 0 0 0 NA 0 0 2
"364" 2 0 0 0 0 1 0 0 0 1 0 0 0 0 1
"365" 0 1 0 0 1 2 0 0 0 1 0 0 0 0 2
"366" 0 0 2 0 1 1 0 0 0 1 0 0 0 0 1
"367" 2 0 2 2 0 2 0 0 0 0 0 NA 0 0 3
"368" 0 0 2 1 2 1 0 0 0 0 0 NA 0 0 1
"369" 0 0 1 1 1 3 0 0 0 0 0 0 0 0 3
"370" 1 0 2 0 0 1 0 0 0 0 0 0 1 0 2
"371" 0 0 1 0 1 2 0 0 0 0 0 0 0 0 3
"372" 0 0 0 0 0 1 0 0 0 0 0 0 0 0 1
"373" 1 0 2 0 0 4 0 0 0 0 0 0 0 0 1
"374" 0 0 3 1 1 1 0 0 0 1 0 NA 0 0 3
"375" 0 0 1 0 1 4 0 0 0 1 0 0 1 0 3
"376" 0 0 2 0 0 2 0 0 0 0 0 0 0 0 4
"377" 1 1 2 0 0 1 0 0 0 0 0 NA 0 0 2
"378" 0 1 3 0 0 4 0 0 0 0 0 0 0 0 3
"379" 2 1 0 1 1 4 0 0 0 0 0 0 1 0 3
"380" 1 0 1 0 1 4 0 0 0 0 0 0 0 0 1
"381" 3 0 1 1 0 3 0 0 0 0 1 NA 0 0 1
"382" 0 0 0 0 0 2 0 0 0 0 0 0 1 0 2
"383" 0 0 1 1 1 2 0 0 0 0 0 0 0 0 2
"384" 1 0 2 0 1 4 0 0 0 1 0 0 0 0 1
"385" 0 0 2 0 1 3 0 0 0 0 0 0 0 0 2
"386" 0 0 0 0 0 2 0 0 0 0 0 0 0 0 2
"387" 0 0 1 0 1 1 0 0 0 0 0 NA 0 0 1
"388" 1 2 1 1 1 2 0 0 0 0 0 0 1 0 1
"389" 0 0 2 0 1 1 0 0 0 0 0 NA 0 0 1
"390" 0 0 1 0 0 2 0 0 0 0 0 0 1 0 2
"391" 0 0 1 0 2 0 0 0 0 0 0 0 1 0 2
"392" 0 0 1 0 1 2 0 0 0 0 0 0 0 0 2
"393" 0 0 1 0 2 1 0 0 0 1 0 0 0 1 1
"394" 0 0 1 0 0 3 0 0 0 0 0 0 0 0 2
"395" 0 1 5 0 1 4 0 0 0 0 0 0 0 0 3
"396" 2 3 2 1 3 5 0 0 0 1 0 0 0 0 3
"397" 1 0 3 0 1 1 0 0 0 0 0 0 0 0 1
"398" 2 1 4 1 2 2 0 0 0 0 0 0 0 0 1
"399" 1 1 2 0 1 2 0 0 0 0 0 0 0 0 1
"400" 0 0 1 1 1 2 0 0 0 0 0 0 0 0 3
"401" 0 0 0 0 0 1 0 0 0 0 0 0 1 0 2
"402" 1 1 1 1 1 2 0 0 0 0 0 NA 0 0 2
"403" 0 0 2 0 1 0 0 0 0 1 0 NA 0 0 1
"404" 0 0 1 0 1 3 0 0 0 1 0 0 0 0 4
"405" 2 0 0 1 3 2 0 0 0 0 0 NA 0 0 1
"406" 0 0 1 1 0 1 0 0 0 0 0 0 0 0 4
"407" 1 0 2 1 2 3 0 0 0 0 0 0 0 0 1
"408" 0 0 2 0 0 2 0 0 0 1 0 0 0 0 3
"409" 0 0 0 0 0 0 0 0 0 0 0 0 0 0 1
"410" 1 0 0 1 1 2 0 0 0 0 0 NA 0 0 3
"411" 0 1 3 0 3 2 0 0 0 0 0 NA 0 0 1
"412" 1 0 3 1 0 3 0 0 0 0 0 0 0 0 1
"413" 0 0 0 0 0 1 0 0 0 0 0 0 0 0 2
"414" 0 0 0 0 0 2 0 0 0 0 0 0 0 0 3
"415" 0 1 2 0 1 1 0 0 0 0 0 0 0 0 1
"416" 0 0 0 0 0 2 0 0 0 1 0 NA 0 0 3
"417" 1 0 1 0 0 1 0 0 0 0 0 0 0 0 6
"418" 0 0 0 0 0 3 0 0 0 1 0 0 1 0 2
"419" 1 1 1 1 0 6 0 0 0 1 0 0 0 0 0
"420" 0 0 2 0 1 2 0 0 0 2 0 0 0 0 1
"421" 0 0 1 0 0 3 0 0 0 0 0 NA 1 0 1
"422" 0 0 0 0 0 0 0 0 0 0 0 0 0 0 2
"423" 1 1 1 0 0 2 0 0 0 1 0 NA 0 1 1
"424" 2 1 3 1 3 3 0 0 0 0 0 0 0 0 2
"425" 1 0 0 0 0 1 0 0 0 0 0 0 0 0 1
"426" 0 0 1 0 0 2 0 0 0 0 0 0 1 0 2
"427" 0 0 1 0 0 0 0 0 0 0 0 0 0 0 0
"428" 1 0 2 1 1 0 0 0 0 0 0 0 0 0 3
"429" 0 0 0 0 1 4 0 0 0 1 0 0 0 0 5
"430" 1 0 4 0 1 4 0 0 1 1 0 0 0 1 3
"431" 1 1 2 0 1 1 0 0 0 1 0 NA 0 0 3
"432" 0 0 0 0 1 1 0 0 0 0 0 0 0 0 2
"433" 2 1 1 0 0 2 0 0 0 0 0 0 0 0 3
"434" 0 0 2 0 1 0 0 0 0 0 0 NA 0 0 1
"435" 1 1 0 0 1 1 0 0 0 0 0 0 1 0 3
"436" 0 0 3 0 1 1 0 0 0 0 0 0 0 0 2
"437" 0 0 0 0 0 1 0 0 0 0 0 NA 0 0 2
"438" 0 0 2 0 1 2 0 0 0 0 0 0 0 0 4
"439" 0 1 0 1 0 3 0 0 0 0 0 0 1 0 2
"440" 0 0 1 1 1 0 0 0 0 0 0 0 0 0 3
"441" 1 1 1 1 1 4 0 0 0 1 0 0 0 0 4
"442" 0 0 3 0 1 0 0 0 0 1 0 NA 0 0 3
"443" 0 0 0 0 0 0 0 0 0 0 0 0 0 0 2
"444" 0 0 2 0 3 2 0 0 0 0 0 0 0 0 1
"445" 1 1 2 1 0 0 0 0 0 1 0 0 0 1 1
"446" 0 0 0 0 0 3 0 0 0 0 0 0 0 0 1
"447" 0 0 1 1 1 4 0 0 0 0 0 NA 0 0 5
"448" 0 0 2 0 1 1 0 0 0 1 0 0 1 0 3
"449" 0 0 0 0 0 1 0 0 0 0 0 0 0 0 0
"450" 0 0 2 0 1 1 0 0 0 0 0 0 0 0 1
"451" 0 0 1 0 1 2 0 0 0 0 0 0 0 0 2
"452" 1 1 1 0 3 5 0 0 0 0 0 0 1 0 2
"453" 0 0 0 0 1 0 0 0 0 0 0 0 0 0 1
"454" 1 0 0 0 0 1 0 0 0 2 0 NA 0 0 1
"455" 0 0 1 1 1 2 0 0 0 0 0 0 0 0 4
"456" 1 0 0 0 1 1 0 0 0 2 0 NA 0 0 4
"457" 0 0 2 0 1 2 0 0 0 0 0 0 0 0 1
"458" 0 0 1 0 1 3 0 0 0 0 0 NA 0 0 4
"459" 2 1 2 0 0 2 0 0 0 1 0 0 0 0 1
"460" 0 0 2 0 1 1 0 0 0 0 0 0 0 0 0
"461" 0 0 1 0 1 2 0 0 0 0 0 0 2 0 3
"462" 0 0 0 0 0 0 0 0 0 0 0 NA 0 0 1
"463" 0 0 0 0 1 1 0 0 0 1 1 0 0 0 3
"464" 0 0 0 0 0 1 0 0 0 1 0 NA 0 0 2
"465" 0 0 0 0 0 2 0 0 0 0 0 0 0 0 3
"466" 0 0 2 0 1 2 0 0 0 0 0 NA 0 0 1
"467" 0 0 0 0 1 3 0 0 0 0 0 NA 0 0 1
"468" 0 0 2 0 1 5 0 0 0 0 0 NA 0 0 3
"469" 0 1 0 0 0 0 0 0 0 0 0 NA 0 0 1
"470" 1 1 1 0 0 2 0 0 0 1 0 0 2 0 4
"471" 0 0 1 0 1 4 0 0 0 0 0 0 1 0 1
"472" 0 0 2 1 1 2 0 0 0 1 0 0 1 0 1
"473" 0 0 0 0 0 1 0 0 0 1 0 0 0 0 2
"474" 1 1 0 1 0 1 0 0 0 1 0 NA 0 0 1
"475" 2 1 2 0 1 4 0 0 0 1 0 NA 0 0 3
"476" 0 0 2 0 1 2 0 0 0 0 0 0 0 0 3
"477" 0 0 1 0 2 2 0 0 0 0 0 0 0 0 4
"478" 0 0 1 1 0 1 0 0 0 0 0 NA 0 0 2
"479" 0 0 0 0 0 0 0 0 0 0 0 0 0 0 0
"480" 0 1 3 1 0 3 0 0 0 1 0 0 0 0 4
"481" 1 1 0 1 1 1 0 0 0 0 0 0 0 0 3
"482" 0 0 1 0 0 2 0 0 0 0 0 NA 0 0 4
"483" 0 1 2 0 1 0 0 0 0 0 0 NA 0 0 0
"484" 1 1 1 1 1 2 0 0 0 1 0 0 0 0 5
"485" 0 0 0 0 3 3 0 0 0 0 0 0 0 0 4
"486" 0 0 2 0 0 0 0 0 0 1 0 0 1 0 4
"487" 1 0 0 0 3 1 0 0 0 0 0 NA 0 0 1
"488" 0 0 1 1 2 3 0 0 0 0 0 NA 0 0 5
"489" 1 0 0 1 0 3 0 0 0 1 0 0 0 0 3
"490" 2 1 1 1 0 2 0 0 0 1 0 NA 0 0 1
"491" 0 0 1 0 1 2 0 0 0 0 0 0 0 0 5
"492" 1 0 1 1 0 0 0 0 0 0 0 0 0 0 2
"493" 0 0 0 0 0 3 0 0 0 0 0 0 0 0 0
"494" 0 0 1 0 0 4 0 0 0 0 0 NA 0 0 0
"495" 1 1 1 1 1 0 0 0 0 1 0 0 0 0 3
"496" 1 1 2 0 0 2 0 0 0 0 0 NA 0 0 2
"497" 1 1 0 0 1 0 0 0 0 1 0 0 0 0 0
"498" 0 0 0 0 1 2 0 0 0 0 0 0 0 0 3
"499" 0 0 1 0 1 6 0 0 0 1 0 0 1 0 3
"500" 1 1 2 0 0 1 0 0 0 1 0 0 0 1 4
"501" 0 1 0 0 1 1 0 0 0 0 0 0 1 0 3
"502" 0 0 3 0 1 3 0 0 0 1 0 NA 1 0 4
"503" 1 0 1 0 0 1 0 0 0 0 0 NA 0 0 1
"504" 0 0 1 0 0 1 0 0 0 0 0 0 0 0 0
"505" 0 0 1 0 0 3 0 0 0 0 0 0 0 0 4
"506" 0 0 2 0 0 0 0 0 0 0 0 NA 0 0 1
"507" 0 0 1 0 1 3 0 0 0 0 0 0 1 0 3
"508" 0 0 0 0 0 1 0 0 0 0 0 NA 1 0 2
"509" 0 0 1 0 1 2 0 0 0 1 0 0 0 0 2
"510" 1 0 1 1 0 2 0 0 0 0 0 0 1 0 1
"511" 0 0 0 0 1 2 0 0 0 2 0 0 0 0 2
"512" 1 2 4 1 1 5 0 0 0 0 0 0 0 0 3
"513" 0 0 0 0 0 2 0 0 0 0 0 NA 0 0 1
"514" 0 0 0 0 0 2 0 0 1 1 0 0 0 1 4
"515" 1 1 1 0 0 1 0 0 0 2 0 0 0 1 3
"516" 1 0 3 0 2 4 0 0 0 1 0 0 0 0 1
"517" 1 3 2 1 0 4 0 0 0 1 0 NA 0 0 5
"518" 1 0 0 1 0 1 0 0 0 0 0 0 1 0 1
"519" 0 0 1 0 0 5 0 0 0 1 0 NA 0 0 2
"520" 1 0 2 0 0 2 0 0 0 0 0 0 0 0 3
"521" 0 1 3 0 0 2 0 0 0 0 0 NA 0 0 1
"522" 1 1 0 0 0 2 0 0 0 0 0 0 0 0 4
"523" 0 0 0 0 0 5 0 0 0 0 0 NA 0 0 1
"524" 0 0 0 0 0 2 0 0 0 0 0 0 0 0 2
"525" 1 1 1 1 1 2 0 0 0 0 0 0 0 0 2
"526" 0 0 0 1 5 5 0 0 0 0 0 NA 1 0 3
"527" 2 1 0 1 1 2 0 0 0 0 0 0 0 0 1
"528" 2 1 2 3 1 2 0 0 0 1 0 NA 0 0 4
"529" 2 2 4 0 1 2 0 0 0 0 0 0 0 0 2
"530" 0 0 0 0 0 4 0 0 1 1 0 0 0 0 4
"531" 0 0 3 0 0 3 0 0 0 0 0 NA 0 0 1
"532" 0 0 0 0 1 3 0 0 0 0 0 NA 0 0 1
"533" 1 1 2 1 1 1 0 0 0 0 0 NA 0 0 1
"534" 0 0 1 1 0 4 0 0 0 0 0 0 0 0 0
"535" 1 1 1 0 1 2 0 0 0 1 0 0 0 0 2
"536" 3 1 2 1 0 1 0 0 0 1 0 NA 0 0 1
"537" 0 0 2 0 1 2 0 0 0 1 0 NA 0 0 3
"538" 0 0 1 0 1 2 0 0 0 0 0 0 0 0 1
"539" 1 1 2 0 0 2 0 0 0 1 0 0 0 0 2
"540" 0 0 1 0 0 1 0 0 0 0 0 NA 0 0 2
"541" 0 0 2 0 0 0 0 0 0 0 0 0 0 0 2
"542" 0 1 1 0 1 0 0 0 0 0 0 0 0 0 2
"543" 0 1 0 1 1 3 0 0 0 0 0 NA 0 0 1
"544" 2 1 1 1 3 6 0 0 0 0 0 0 1 0 4
"545" 0 0 0 0 0 3 0 0 0 0 0 0 0 0 5
"546" 1 1 1 1 0 0 0 0 0 0 0 0 0 0 2
"547" 0 0 0 0 0 0 0 0 0 1 0 0 0 0 0
"548" 0 0 1 0 1 3 0 0 0 0 0 NA 1 0 4
"549" 0 1 1 0 1 2 0 0 0 0 0 NA 0 0 3
"550" 1 0 1 1 1 2 0 0 0 0 0 0 0 0 2
"551" 0 0 1 0 0 4 0 0 0 1 0 0 0 0 3
"552" 1 1 1 1 0 1 0 0 0 0 0 0 0 0 1
"553" 0 0 0 0 0 0 0 0 0 0 0 0 0 0 0
"554" 1 1 2 1 0 3 0 0 0 1 0 0 0 0 1
"555" 0 0 0 0 1 2 0 0 0 0 0 NA 1 0 2
"556" 0 0 0 0 0 2 0 0 0 0 0 0 0 0 1
"557" 0 1 2 1 1 0 0 0 0 0 0 0 0 0 4
"558" 0 0 2 0 0 0 0 0 0 1 0 0 1 0 1
"559" 1 1 1 0 1 4 0 0 0 1 0 NA 0 0 2
"560" 0 0 1 0 0 2 0 0 0 0 0 0 0 0 1
"561" 1 0 2 0 0 0 0 0 0 0 0 0 0 0 2
"562" 0 0 0 0 0 1 0 0 0 0 0 NA 1 0 3
"563" 0 0 2 0 1 1 0 0 0 0 0 0 0 0 1
"564" 1 1 1 0 0 2 0 0 0 0 0 0 0 1 2
"565" 0 0 0 0 2 3 0 0 0 0 0 NA 0 0 1
"566" 0 0 3 0 1 4 0 0 0 0 0 0 1 0 2
"567" 0 0 1 0 0 1 0 0 0 1 0 0 0 0 2
"568" 0 0 0 0 0 1 0 0 0 1 0 0 0 0 1
"569" 0 0 2 0 1 2 0 0 0 0 0 NA 0 0 0
"570" 0 0 2 0 2 1 0 0 0 0 0 NA 0 0 4
"571" 1 0 1 0 0 3 0 0 0 0 0 NA 0 0 2
"572" 1 1 1 0 1 2 0 0 0 1 0 NA 0 0 3
"573" 0 0 0 0 1 5 0 0 0 0 0 0 0 0 2
"574" 0 0 2 0 1 3 0 0 0 0 0 0 1 0 2
"575" 1 1 1 1 1 2 0 0 0 0 0 0 0 0 2
"576" 1 0 0 0 0 3 0 0 0 1 0 0 0 0 1
"577" 1 0 0 0 1 0 0 0 0 0 0 NA 0 1 2
"578" 1 1 4 1 1 2 0 0 0 1 0 NA 0 0 1
"579" 0 0 0 0 2 1 0 0 0 0 0 0 0 0 5
"580" 0 0 0 0 1 2 0 0 0 0 0 NA 0 0 1
"581" 1 0 0 1 0 1 0 0 0 0 0 0 0 0 2
"582" 1 0 1 0 0 0 0 0 0 0 0 0 0 0 3
"583" 1 0 2 1 1 1 0 0 0 1 0 0 0 0 4
"584" 1 1 3 1 1 2 0 0 0 0 0 0 0 0 1
"585" 0 0 1 0 1 2 0 0 0 0 0 0 0 0 3
"586" 0 0 1 0 0 0 0 0 1 1 0 0 0 0 2
"587" 0 0 2 0 1 6 0 0 0 0 0 0 0 0 1
"588" 1 1 2 0 1 1 0 0 0 0 0 NA 0 0 1
"589" 0 0 1 0 0 1 0 0 0 1 0 0 0 0 7
"590" 2 1 3 0 1 6 0 0 1 1 0 NA 1 0 2
"591" 0 0 0 0 0 2 0 0 0 0 0 0 0 0 1
"592" 0 0 0 0 1 3 0 0 0 0 0 0 0 0 1
"593" 0 0 1 0 0 2 0 0 0 1 0 0 0 0 2
"594" 1 0 0 0 0 3 0 0 0 0 0 0 3 0 7
"595" 0 0 0 0 0 2 0 0 0 0 0 0 0 0 1
"596" 1 0 0 0 0 2 0 0 0 1 0 0 0 0 1
"597" 0 0 2 0 0 2 0 0 0 0 0 0 1 0 1
"598" 0 0 0 1 0 0 0 0 0 0 0 NA 0 0 5
"599" 1 0 1 1 1 2 0 0 0 0 0 0 0 0 1
"600" 0 0 0 1 1 4 0 0 0 0 0 0 0 0 3
"601" 2 1 2 1 1 2 0 0 0 0 0 NA 1 0 1
"602" 0 0 1 1 3 2 0 0 0 0 0 0 1 0 3
"603" 2 1 1 1 0 3 0 0 0 0 0 0 0 0 2
"604" 1 1 0 1 0 1 0 0 0 0 0 0 0 0 0
"605" 0 1 0 0 1 3 0 0 0 1 0 0 0 0 1
"606" 0 0 1 0 1 2 0 0 0 0 0 NA 0 0 2
"607" 0 0 2 0 0 2 0 0 0 0 0 0 0 0 1
"608" 1 0 0 0 1 1 0 0 0 1 0 NA 0 0 1
"609" 0 0 0 0 3 2 0 0 0 1 0 0 1 0 0
"610" 1 0 1 1 0 3 0 0 0 0 0 0 0 0 1
"611" 1 1 1 1 3 3 0 0 0 0 0 0 0 0 1
"612" 0 0 2 0 1 3 0 0 0 0 0 0 0 0 4
"613" 0 1 3 1 3 4 0 0 0 0 0 NA 0 0 4
"614" 0 0 0 0 0 1 0 0 0 0 0 NA 0 0 0
"615" 0 0 0 0 0 1 0 0 0 0 0 0 0 0 3
"616" 0 0 1 0 1 3 0 0 0 1 0 0 0 0 2
"617" 0 0 1 0 3 1 0 0 0 0 0 NA 0 0 1
"618" 0 0 0 0 1 3 0 0 0 1 0 0 0 0 1
"619" 0 0 1 0 3 2 0 0 0 0 0 0 0 0 0
"620" 0 0 0 0 1 1 0 0 0 0 0 0 0 0 0
"621" 1 1 3 0 1 1 0 0 0 3 0 0 0 0 1
"622" 0 0 0 0 0 1 0 0 0 0 0 0 0 0 3
"623" 0 0 0 0 0 4 0 0 0 0 0 0 0 0 2
"624" 0 0 2 0 1 5 0 0 0 0 0 0 1 0 4
"625" 0 0 3 0 2 3 0 0 0 0 0 0 1 0 2
"626" 0 0 2 0 0 1 0 0 0 1 0 0 0 0 1
"627" 1 0 2 0 2 1 0 0 0 0 0 0 0 0 1
"628" 1 1 2 0 3 4 0 0 0 0 0 NA 1 0 2
"629" 0 0 2 0 1 1 0 0 0 0 0 0 1 0 0
"630" 0 1 0 0 0 1 0 0 0 0 0 NA 1 0 2
"631" 1 1 2 0 1 2 0 0 0 0 0 0 0 0 0
"632" 0 0 1 0 0 1 0 0 0 1 0 0 0 0 4
"633" 0 0 1 1 0 2 0 0 0 0 0 0 0 0 1
"634" 0 0 0 1 1 4 0 0 0 0 0 NA 0 0 2
"635" 1 1 0 1 0 3 0 0 0 0 1 0 1 0 4
"636" 0 0 1 0 0 2 0 0 0 1 0 0 1 0 2
"637" 1 0 2 0 0 3 0 0 0 0 0 NA 0 0 4
"638" 0 0 0 0 1 1 0 0 0 1 0 0 0 0 5
"639" 0 0 2 0 1 1 0 0 0 0 0 NA 0 0 2
"640" 2 0 1 1 0 3 0 0 0 2 0 0 1 0 3
"641" 1 0 1 0 1 3 0 0 0 0 0 NA 0 0 2
"642" 2 1 1 1 0 2 0 0 0 0 0 NA 0 0 0
"643" 0 1 2 0 1 2 0 0 0 2 0 0 0 0 2
"644" 0 0 1 0 1 1 0 0 0 0 0 NA 0 0 2
"645" 0 0 1 0 1 3 0 0 0 0 0 0 0 0 2
"646" 0 0 2 0 0 3 0 0 0 0 0 NA 0 0 3
"647" 0 0 1 0 0 1 0 0 0 0 0 0 0 0 1
"648" 0 0 0 0 0 3 0 0 0 1 0 0 0 0 3
"649" 0 0 2 0 2 3 0 0 0 0 0 0 0 0 0
"650" 1 1 1 1 2 2 0 0 0 1 0 0 0 0 1
"651" 1 1 0 1 0 2 0 0 0 0 0 0 0 0 0
"652" 0 0 1 1 2 2 0 0 0 0 0 NA 1 0 2
"653" 1 0 2 0 2 2 0 0 0 1 0 NA 0 0 1
"654" 0 0 1 0 0 2 0 0 0 0 0 NA 1 0 1
"655" 0 1 2 1 0 4 0 0 1 1 0 NA 1 0 3
"656" 2 1 3 0 1 2 0 0 0 0 0 0 0 0 1
"657" 1 0 3 0 1 1 0 0 0 0 0 0 0 0 3
"658" 1 1 1 0 1 1 0 0 0 0 0 NA 0 0 1
"659" 1 1 3 1 1 3 0 0 0 0 0 0 0 0 2
"660" 0 0 0 0 0 0 0 0 0 0 0 0 0 0 4
"661" 0 0 3 0 1 3 0 0 0 0 0 NA 0 0 3
"662" 0 0 2 0 1 1 0 0 0 0 0 0 0 0 4
"663" 1 0 1 0 0 2 0 0 0 1 1 0 0 0 2
"664" 0 0 1 0 0 3 0 0 0 0 0 NA 1 0 6
"665" 0 0 2 0 0 2 0 0 0 0 0 0 1 0 0
"666" 1 0 1 0 1 0 0 0 0 0 0 0 1 0 1
"667" 1 1 0 0 0 3 0 0 0 0 0 NA 0 0 3
"668" 0 0 1 1 1 2 0 0 0 0 0 0 1 0 2
"669" 1 0 1 0 3 3 0 0 0 0 0 0 0 0 3
"670" 1 1 2 1 1 3 0 0 1 1 0 0 0 0 0
"671" 0 0 0 0 0 3 0 0 0 0 0 0 0 0 2
"672" 0 1 0 0 0 2 0 0 0 0 0 0 0 0 2
"673" 0 0 1 0 1 2 0 0 0 0 0 0 0 0 0
"674" 1 0 1 0 1 1 0 0 0 1 0 0 0 1 1
"675" 0 0 1 0 1 1 0 0 0 0 0 NA 0 0 1
"676" 0 0 0 0 1 3 0 0 0 0 0 NA 0 0 3
"677" 0 0 1 0 0 1 0 0 0 1 0 0 0 0 1
"678" 1 1 0 0 0 2 0 0 0 0 1 0 0 0 3
"679" 1 0 2 0 2 4 0 0 0 0 0 NA 0 0 2
"680" 0 1 1 0 0 1 0 0 0 0 0 0 1 0 2
"681" 0 0 2 0 1 2 0 0 0 0 0 NA 0 0 1
"682" 1 0 4 0 1 1 0 0 0 1 0 0 0 0 3
"683" 0 0 0 0 1 1 0 0 0 0 0 0 0 0 3
"684" 0 0 1 0 1 3 0 0 0 1 0 0 1 0 4
"685" 0 0 1 0 0 0 0 0 0 0 0 0 0 0 0
"686" 1 0 1 1 1 1 0 0 0 0 0 0 0 0 3
"687" 1 0 2 0 1 1 0 0 0 0 0 0 0 0 1
"688" 0 0 0 0 0 2 0 0 2 1 0 0 0 0 4
"689" 1 1 0 0 0 1 0 0 0 0 0 0 0 0 0
"690" 0 0 0 0 1 1 0 0 0 0 0 0 0 0 0
"691" 0 0 0 0 1 2 0 0 0 0 0 NA 0 0 1
"692" 0 0 2 0 1 4 0 0 0 0 0 0 0 0 3
"693" 0 0 0 0 1 2 0 0 0 0 0 0 0 0 1
"694" 0 0 2 0 1 1 0 0 0 0 0 0 0 0 0
"695" 2 1 2 1 1 4 0 0 0 1 0 0 0 0 0
"696" 1 0 0 1 0 2 0 0 0 0 0 0 0 0 2
"697" 0 0 0 0 1 2 0 0 0 0 0 0 0 0 1
"698" 0 0 2 0 2 3 0 0 0 1 0 NA 0 0 3
"699" 0 0 2 0 1 3 0 0 0 0 0 0 0 0 4
"700" 1 1 1 1 1 3 0 0 0 1 0 0 1 0 8
"701" 0 0 0 0 1 1 0 0 0 0 0 0 1 0 1
"702" 1 0 2 0 1 1 0 0 0 0 0 NA 0 0 0
"703" 0 0 2 0 0 2 0 0 0 0 0 NA 0 0 3
"704" 1 1 3 1 1 0 0 0 0 0 0 NA 0 0 1
"705" 1 0 0 0 0 4 0 0 0 1 0 0 0 0 2
"706" 0 0 1 0 1 3 0 0 0 1 0 0 1 0 3
"707" 0 0 0 0 3 4 0 0 0 0 0 0 0 0 2
"708" 0 0 2 0 0 2 0 0 0 1 0 0 0 0 1
"709" 0 0 2 0 1 4 0 0 0 2 0 0 0 0 2
"710" 2 1 0 0 0 2 0 0 0 0 0 0 0 0 3
"711" 0 0 0 0 1 3 0 0 0 0 0 0 1 0 3
"712" 0 1 2 0 1 3 0 0 0 0 0 0 1 0 3
"713" 1 1 0 0 1 2 0 0 0 0 0 0 0 0 1
"714" 0 0 1 0 1 2 0 0 0 0 0 0 0 0 2
"715" 0 0 1 0 0 1 0 0 0 0 0 NA 0 0 4
"716" 0 0 0 0 0 4 0 0 0 0 0 NA 0 0 2
"717" 0 0 0 0 0 1 0 0 0 1 0 0 0 0 1
"718" 0 1 1 0 0 1 0 0 0 0 0 0 1 0 1
"719" 0 0 1 0 3 3 0 0 0 0 0 0 0 0 3
"720" 1 1 0 1 2 1 0 0 0 0 0 0 0 0 1
"721" 0 0 0 0 2 2 0 0 0 0 0 0 0 0 7
"722" 0 0 1 1 1 2 0 0 0 0 0 0 0 0 2
"723" 0 0 0 0 1 1 0 0 0 0 0 0 0 0 2
"724" 1 1 1 0 0 1 0 0 0 0 0 0 0 0 0
"725" 0 0 3 0 1 2 0 0 0 0 0 0 0 0 3
"726" 1 0 4 0 0 3 0 0 0 0 0 0 0 0 3
"727" 0 0 0 0 0 1 0 0 0 0 0 0 0 0 1
"728" 1 0 1 0 0 1 0 0 0 0 0 NA 0 0 3
"729" 1 1 2 2 1 1 0 0 1 0 0 0 0 0 2
"730" 1 0 1 0 0 0 0 0 0 0 0 NA 0 0 1
"731" 0 0 0 0 0 1 0 0 0 0 0 0 1 0 0
"732" 0 0 0 0 0 4 0 0 0 0 0 0 1 0 2
"733" 0 0 2 0 1 2 0 0 0 0 0 0 0 0 1
"734" 0 0 0 0 0 3 0 0 0 0 0 0 1 0 1
"735" 1 1 1 1 1 1 0 0 1 0 0 0 0 0 2
"736" 0 0 1 0 1 2 0 0 0 0 0 NA 0 0 4
"737" 0 0 1 0 0 2 0 0 0 0 0 0 0 0 2
"738" 0 0 2 0 1 3 0 0 0 0 0 0 1 0 4
"739" 1 2 1 0 1 5 0 0 0 0 0 0 1 0 4
"740" 0 0 0 0 0 3 0 0 0 0 0 NA 0 0 1
"741" 0 0 1 0 0 2 0 0 0 0 0 0 0 0 3
"742" 0 0 0 0 0 3 0 0 0 0 0 NA 0 0 3
"743" 0 0 0 0 0 0 0 0 0 0 0 0 0 0 5
"744" 2 0 1 1 1 2 0 0 0 1 0 NA 0 0 3
"745" 1 1 3 1 2 2 0 0 0 0 0 NA 0 0 0
"746" 1 0 1 0 1 2 0 0 0 1 0 0 0 0 1
"747" 1 0 1 1 0 1 0 0 1 1 0 NA 0 0 1
"748" 1 0 1 1 0 0 0 0 0 1 0 0 0 0 2
"749" 1 0 0 0 0 1 0 0 0 0 0 NA 0 0 2
"750" 2 1 2 1 1 1 0 0 0 1 0 0 0 0 2
"751" 1 0 1 1 1 4 0 0 0 0 0 0 0 0 2
"752" 2 1 2 0 1 1 0 0 0 1 0 0 0 0 2
"753" 1 0 1 0 3 3 0 0 0 0 0 0 0 0 2
"754" 1 0 1 0 1 3 0 0 0 0 0 0 0 0 2
"755" 1 0 0 1 0 2 0 0 0 0 0 0 0 0 3
"756" 0 0 0 0 0 1 0 0 0 0 0 NA 0 0 0
"757" 0 1 3 0 3 2 0 0 0 0 0 0 0 0 0
"758" 1 0 1 0 1 1 0 0 0 0 0 0 1 0 2
"759" 0 0 1 0 0 0 0 0 0 0 0 0 0 0 2
"760" 1 1 1 0 1 4 0 0 0 0 0 NA 0 0 4
"761" 0 0 0 0 0 3 0 0 0 0 0 0 0 0 2
"762" 1 2 1 1 1 3 0 0 0 1 0 0 0 0 2
"763" 0 0 0 0 0 1 0 0 0 0 0 0 0 0 1
"764" 0 0 1 0 1 4 0 0 0 1 0 0 0 1 1
"765" 1 0 1 1 0 0 0 0 0 0 0 0 0 0 0
"766" 0 1 1 1 0 5 0 0 0 0 0 NA 0 0 5
"767" 1 0 2 0 0 2 0 0 0 0 0 0 1 0 5
"768" 0 0 0 0 0 2 0 0 0 0 0 NA 1 0 2
"769" 0 0 0 0 1 1 0 0 0 0 0 NA 0 0 1
"770" 0 0 1 0 1 2 0 0 0 0 0 0 3 0 2
"771" 1 0 0 1 2 3 0 0 0 0 0 NA 0 0 3
"772" 1 1 2 1 1 2 0 0 0 0 0 NA 0 0 3
"773" 1 1 2 1 1 3 0 0 0 1 0 NA 0 0 3
"774" 1 0 1 0 0 2 0 0 0 0 0 0 0 0 5
"775" 0 0 1 0 1 3 0 0 0 0 0 0 0 0 1
"776" 2 1 1 0 1 1 0 0 0 0 0 0 0 0 1
"777" 1 0 0 0 0 3 0 0 0 0 0 0 0 0 4
"778" 0 0 1 0 0 4 0 0 0 1 0 NA 0 0 4
"779" 0 0 2 0 3 2 0 0 0 0 0 0 0 0 3
"780" 0 0 2 0 0 1 0 0 0 0 0 0 1 0 0
"781" 0 0 2 0 3 1 0 0 0 1 0 0 0 0 1
"782" 0 0 0 0 0 1 0 0 0 0 0 NA 0 0 5
"783" 0 0 0 0 0 1 0 0 0 0 0 0 0 0 0
"784" 0 0 1 0 1 2 0 0 0 0 0 0 0 0 3
"785" 0 0 1 0 1 2 0 0 0 0 0 NA 0 0 6
"786" 0 1 2 0 1 2 0 0 0 0 0 NA 0 0 2
"787" 0 0 0 0 1 1 0 0 0 0 0 NA 0 0 2
"788" 0 0 0 1 0 2 0 0 0 0 0 NA 0 0 1
"789" 0 0 0 0 0 1 0 0 0 1 0 0 0 0 0
"790" 0 0 0 0 2 2 0 0 0 0 0 0 0 0 4
"791" 0 0 0 0 2 5 0 0 0 0 0 0 0 0 5
"792" 1 0 1 0 1 2 0 0 0 0 0 0 0 0 4
"793" 1 0 0 0 0 1 0 0 0 1 0 0 0 0 1
"794" 0 0 0 0 0 1 0 0 0 0 0 0 0 0 4
"795" 1 1 4 1 0 1 0 0 0 0 0 NA 0 0 2
"796" 1 0 4 0 0 4 0 0 0 0 0 NA 0 0 3
"797" 0 1 1 0 0 3 0 0 0 0 0 NA 0 0 0
"798" 1 1 2 0 1 2 0 0 0 0 0 0 0 0 1
"799" 1 0 1 0 0 3 0 0 0 0 0 0 0 0 4
"800" 0 0 0 0 0 2 0 0 0 0 0 0 0 0 2
"801" 1 0 1 0 0 2 0 0 0 0 0 0 0 0 2
"802" 0 0 2 0 0 2 0 0 0 0 0 0 0 0 1
"803" 1 1 2 1 2 3 0 0 0 0 0 0 1 0 3
"804" 0 0 1 0 0 1 0 0 0 0 0 0 0 0 1
"805" 1 1 0 1 0 2 0 0 0 0 0 0 0 0 0
"806" 0 0 3 1 3 7 0 0 0 0 0 NA 0 0 0
"807" 1 1 1 0 1 0 0 0 0 0 0 0 0 0 2
"808" 0 0 1 0 1 2 0 0 0 0 0 0 0 0 1
"809" 0 0 0 0 1 2 0 0 0 0 0 NA 0 0 2
"810" 0 0 1 0 1 4 0 0 0 0 0 0 0 0 3
"811" 1 0 1 1 0 6 0 0 0 0 0 NA 0 0 3
"812" 0 0 1 0 0 3 0 0 0 0 0 NA 0 0 1
"813" 2 1 2 3 1 5 0 0 0 0 0 0 0 0 5
"814" 0 0 1 0 1 1 0 0 0 0 0 0 2 0 4
"815" 0 0 0 0 0 0 0 0 0 0 0 0 0 0 1
"816" 0 0 1 0 0 0 0 0 0 1 0 0 0 0 1
"817" 1 1 2 0 1 0 0 0 0 0 0 0 0 0 2
"818" 0 0 1 0 0 3 0 0 0 2 0 NA 0 0 2
"819" 0 0 3 0 1 6 0 0 0 0 0 NA 1 0 1
"820" 0 0 1 0 0 2 0 0 0 0 0 0 0 0 1
"821" 0 1 1 0 1 3 0 0 0 0 0 NA 0 0 1
"822" 2 1 2 0 1 3 0 0 0 0 0 0 0 0 0
"823" 0 0 1 0 2 5 0 0 0 2 0 NA 0 0 2
"824" 0 0 2 0 1 2 0 0 0 0 0 0 0 0 1
"825" 0 1 0 0 0 0 0 0 0 0 0 0 0 0 1
"826" 1 1 2 0 0 3 0 0 0 2 0 0 0 0 3
"827" 0 0 2 1 1 4 0 0 0 1 0 0 0 0 1
"828" 0 0 0 0 1 2 0 0 0 0 0 0 0 0 0
"829" 1 1 3 0 3 3 0 0 0 0 0 NA 1 0 1
"830" 0 0 5 0 1 0 0 0 0 0 0 0 1 0 1
"831" 1 0 2 0 1 1 0 0 0 1 0 0 1 0 2
"832" 0 0 0 0 0 2 0 0 0 0 0 0 0 0 3
"833" 1 1 3 1 3 3 0 0 0 0 0 NA 0 0 3
"834" 1 0 1 0 0 2 0 0 1 1 0 0 0 0 1
"835" 1 0 0 0 0 2 0 0 1 1 0 NA 0 0 3
"836" 1 0 0 1 1 1 0 0 0 0 0 NA 0 0 0
"837" 0 0 0 1 0 1 0 0 0 0 0 0 0 0 2
"838" 0 0 1 0 1 4 0 0 0 1 0 0 0 0 1
"839" 0 0 2 0 0 2 0 0 0 0 0 0 0 0 3
"840" 0 0 4 0 2 4 0 0 0 0 0 NA 0 0 3
"841" 0 0 1 0 1 3 0 0 0 0 0 0 0 0 3
"842" 0 0 1 0 0 1 0 0 0 0 0 0 0 0 1
"843" 0 0 2 0 1 3 0 0 0 0 0 0 0 0 4
"844" 0 1 1 0 2 3 0 0 0 1 0 0 0 0 1
"845" 1 0 0 1 0 0 0 0 0 0 0 NA 1 0 1
"846" 1 1 1 1 1 0 0 0 0 0 0 0 0 0 1
"847" 0 0 1 0 0 2 0 0 0 1 0 NA 0 0 1
"848" 0 0 1 0 0 0 0 0 0 0 0 0 0 0 0
"849" 0 0 1 0 0 1 0 0 1 1 0 NA 0 0 1
"850" 0 0 0 0 1 1 0 0 0 1 0 NA 0 0 2
"851" 0 0 1 0 1 3 0 0 0 0 0 NA 0 0 2
"852" 2 0 0 1 2 5 0 0 0 0 0 0 1 0 2
"853" 2 3 2 1 2 3 0 0 0 0 0 0 1 0 4
"854" 0 0 0 0 0 1 0 0 0 0 0 0 0 0 2
"855" 2 0 0 0 1 3 0 0 0 2 0 0 0 0 2
"856" 1 0 0 0 0 2 0 0 0 0 0 NA 0 0 3
"857" 1 0 1 0 0 1 0 0 0 0 0 NA 0 1 1
"858" 0 0 1 0 1 3 0 0 0 1 0 0 0 0 4
"859" 1 0 2 0 1 3 0 0 0 0 0 0 0 0 1
"860" 1 0 2 0 3 1 0 0 0 0 0 0 0 0 0
"861" 0 0 1 0 1 3 0 0 0 0 0 0 0 0 6
"862" 0 0 1 0 1 3 0 0 0 0 0 0 1 0 2
"863" 0 0 2 0 1 1 0 0 1 1 0 NA 0 0 1
"864" 0 0 2 0 3 4 0 0 0 0 0 NA 0 0 1
"865" 0 0 1 0 1 4 0 0 0 0 0 0 1 0 3
"866" 0 0 2 0 1 2 0 0 0 0 0 0 0 0 2
"867" 1 1 2 0 0 0 0 0 0 2 0 0 0 0 2
"868" 1 0 4 0 0 0 0 0 0 0 0 0 0 0 2
"869" 0 1 2 1 2 5 0 0 0 0 0 0 0 0 3
"870" 0 0 0 0 1 1 0 0 0 0 0 0 1 0 2
"871" 0 0 0 0 0 2 0 0 0 0 0 0 1 0 0
"872" 0 0 2 0 0 2 0 0 0 0 0 0 0 0 2
"873" 0 0 1 0 0 0 0 0 0 0 0 0 0 0 2
"874" 1 0 3 0 3 3 0 0 0 0 1 0 0 0 3
"875" 0 0 1 0 2 4 0 0 0 0 0 0 1 0 3
"876" 0 1 1 0 1 2 0 0 0 0 0 NA 0 0 5
"877" 0 0 0 0 0 1 0 0 0 0 0 0 0 0 2
"878" 1 0 3 2 3 2 0 0 0 0 0 0 0 0 3
"879" 0 1 1 0 1 2 0 0 0 0 0 0 0 0 2
"880" 1 0 1 1 1 4 0 0 0 0 0 0 0 0 2
"881" 0 0 1 0 1 0 0 0 0 0 0 0 0 0 2
"882" 1 0 3 0 1 4 0 0 0 0 0 0 0 0 5
"883" 0 0 2 0 1 4 0 0 0 0 0 0 0 0 4
"884" 0 0 2 0 0 1 0 0 0 0 0 0 0 0 1
"885" 0 0 1 0 1 3 0 0 0 0 1 0 0 0 2
"886" 0 0 3 0 2 1 0 0 0 0 0 0 0 0 3
"887" 2 1 2 1 1 2 0 0 1 1 0 0 0 0 1
"888" 1 1 2 0 0 2 0 0 0 2 0 NA 1 0 3
"889" 0 0 0 1 1 2 0 0 0 0 0 NA 0 0 3
"890" 0 0 0 0 0 2 0 0 0 0 0 0 1 0 4
"891" 2 0 0 0 0 2 0 0 0 0 0 NA 0 0 0
"892" 2 1 2 1 3 1 0 0 0 0 0 0 1 0 2
"893" 1 1 3 1 0 1 0 0 0 0 0 NA 1 0 2
"894" 0 0 0 0 0 1 0 0 0 1 0 0 0 0 4
"895" 2 0 2 1 0 2 0 0 0 0 0 NA 0 0 1
"896" 0 0 1 0 0 2 0 0 0 0 0 NA 0 0 3
"897" 0 0 2 0 1 1 0 0 0 0 0 0 0 0 1
"898" 1 1 1 1 1 4 0 0 0 0 0 0 0 0 0
"899" 1 1 2 1 1 4 0 0 0 0 0 0 0 0 3
"900" 0 0 0 0 0 2 0 0 0 0 0 0 0 0 1
"901" 0 1 1 0 1 4 0 0 0 1 0 0 1 0 1
"902" 0 0 1 0 0 4 0 0 0 0 0 0 0 0 2
"903" 0 0 2 1 1 3 0 0 0 0 0 0 1 0 0
"904" 0 0 1 0 0 5 0 0 0 0 0 NA 0 0 1
"905" 0 1 2 0 0 3 0 0 0 0 0 0 0 0 1
"906" 0 0 2 0 3 3 0 0 0 0 0 0 0 0 3
"907" 1 1 1 0 2 4 0 0 0 0 0 0 0 0 1
"908" 1 0 0 0 1 0 0 0 0 0 0 0 0 0 0
"909" 0 0 0 1 1 2 0 0 0 1 0 0 0 0 2
"910" 0 0 1 0 0 1 0 0 0 0 0 0 0 0 1
"911" 1 0 2 0 1 2 0 0 1 1 0 0 0 0 2
"912" 0 0 0 0 0 0 0 0 0 0 0 NA 1 0 1
"913" 1 1 1 1 1 1 0 0 0 0 0 0 0 0 2
"914" 1 0 2 0 1 4 0 0 0 0 0 NA 0 0 2
"915" 1 0 2 0 1 2 0 0 0 0 0 NA 0 0 0
"916" 0 1 2 0 1 3 0 0 0 0 0 NA 0 0 3
"917" 0 0 1 0 0 1 0 0 0 0 0 0 0 0 3
"918" 1 1 0 0 1 5 0 0 0 0 0 0 1 0 2
"919" 1 1 2 0 1 4 0 0 0 1 0 0 1 0 4
"920" 0 0 0 0 2 5 0 0 0 0 0 0 1 0 5
"921" 1 0 1 0 1 3 0 0 0 0 0 NA 0 0 1
"922" 0 0 1 0 1 2 0 0 0 0 0 0 0 0 1
"923" 1 1 1 0 1 4 0 0 0 0 0 NA 0 0 2
"924" 0 0 0 0 1 2 0 0 0 1 0 0 0 0 2
"925" 0 0 2 0 0 2 0 0 0 1 0 0 0 0 4
"926" 1 1 0 1 0 0 0 0 0 0 0 0 0 0 0
"927" 1 0 1 0 0 2 0 0 0 0 0 NA 0 0 0
"928" 0 0 0 0 0 1 0 0 0 0 0 0 0 0 2
"929" 0 0 2 0 0 1 0 0 0 1 0 0 0 0 3
"930" 1 0 1 1 1 1 0 0 0 0 0 0 0 0 2
"931" 0 0 1 0 0 3 0 0 0 0 0 0 0 0 1
"932" 0 0 1 0 1 1 0 0 0 1 0 NA 0 0 2
"933" 1 1 1 0 1 1 0 0 0 0 0 0 0 0 1
"934" 0 0 0 0 0 1 0 0 0 1 0 NA 1 0 2
"935" 1 1 2 1 0 1 0 0 0 1 0 0 0 0 6
"936" 1 0 1 0 0 4 0 0 0 0 0 0 0 0 0
"937" 1 0 0 1 1 1 0 0 0 1 0 NA 0 0 2
"938" 1 0 2 1 1 3 0 0 0 0 0 0 0 0 2
"939" 0 0 0 0 0 3 0 0 0 0 0 0 0 0 2
"940" 1 0 2 0 1 3 0 0 0 1 0 NA 0 0 1
"941" 1 0 1 1 1 2 0 0 0 0 0 NA 0 0 1
"942" 0 0 1 0 1 1 0 0 0 1 0 0 0 0 5
"943" 0 0 3 0 1 1 0 0 0 0 0 0 1 0 2
"944" 0 1 1 0 0 2 0 0 0 0 0 0 0 0 4
"945" 1 0 1 0 1 2 0 0 0 0 0 0 0 0 4
"946" 1 0 3 0 1 3 0 0 0 0 0 0 1 0 1
"947" 1 0 0 1 1 1 0 0 0 0 0 0 0 0 4
"948" 2 1 1 0 2 4 0 0 0 0 0 NA 1 0 1
"949" 0 0 1 0 0 0 0 0 0 1 0 0 0 0 2
"950" 0 0 2 0 0 0 0 0 0 0 0 NA 0 0 0
"951" 0 0 1 0 0 2 0 0 0 0 0 NA 0 0 2
"952" 0 0 2 0 0 3 0 0 0 0 0 NA 0 0 3
"953" 0 0 1 0 1 2 0 0 0 0 0 NA 0 0 1
"954" 1 0 2 0 2 4 0 0 0 0 0 0 1 0 5
"955" 0 0 0 0 1 1 0 0 0 0 0 0 0 0 0
"956" 0 0 0 0 0 1 0 0 0 0 0 0 0 0 0
"957" 0 0 0 0 0 1 0 0 0 0 0 NA 0 0 2
"958" 0 0 1 0 0 1 0 0 0 0 0 NA 1 0 2
"959" 0 0 1 0 0 0 0 0 0 1 0 NA 0 0 2
"960" 0 0 0 0 0 0 0 0 0 1 0 NA 0 0 2
"961" 0 0 0 0 0 1 0 0 0 1 0 0 0 0 2
"962" 0 0 1 0 0 2 0 0 0 0 0 0 0 0 0
"963" 0 0 1 0 0 4 0 0 0 0 0 0 0 0 2
"964" 1 1 1 0 0 2 0 0 0 0 0 0 0 0 2
"965" 1 1 1 1 1 3 0 0 0 1 0 0 0 0 1
"966" 1 0 2 0 0 1 0 0 0 0 0 NA 0 0 2
"967" 1 0 4 0 1 5 0 0 0 0 0 0 1 0 1
"968" 0 0 1 1 0 0 0 0 0 0 0 0 0 0 0
"969" 0 0 0 0 0 3 0 0 0 0 0 0 0 0 2
"970" 0 0 0 0 0 1 0 0 0 0 0 NA 0 0 1
"971" 1 0 0 0 0 1 0 0 0 0 0 NA 0 0 1
"972" 0 0 3 0 0 1 0 0 0 0 0 0 0 0 2
"973" 0 0 0 0 1 2 0 0 0 0 0 0 0 0 5
"974" 0 0 1 2 3 4 0 0 0 0 0 NA 0 0 2
"975" 3 2 3 1 1 4 0 0 1 0 0 0 0 0 3
"976" 1 0 0 0 0 2 0 0 0 0 0 0 0 0 3
"977" 0 0 0 0 0 1 0 0 0 1 0 NA 0 0 1
"978" 0 1 2 0 2 1 0 0 1 2 0 0 1 0 3
"979" 0 0 2 0 1 4 0 0 0 0 0 NA 0 0 3
"980" 0 0 1 0 1 5 0 0 0 0 0 0 0 0 1
"981" 2 0 0 0 1 4 0 0 0 1 0 NA 1 0 0
"982" 0 0 0 0 1 0 0 0 0 0 0 0 1 0 1
"983" 1 0 2 0 1 2 0 0 0 0 0 0 1 0 3
"984" 0 0 0 0 0 3 0 0 0 0 0 0 1 0 2
"985" 0 0 0 0 1 3 0 0 0 0 0 0 1 0 2
"986" 0 0 2 0 0 4 0 0 0 0 0 NA 0 0 4
"987" 0 0 3 0 0 3 0 0 0 0 0 0 1 0 3
"988" 0 0 0 0 0 1 0 0 0 0 0 0 0 0 2
"989" 1 1 3 1 2 1 0 0 0 0 0 0 0 0 3
"990" 0 0 1 0 0 1 0 0 0 1 0 0 0 0 3
"991" 1 1 3 1 0 1 0 0 0 1 0 NA 0 0 2
"992" 0 0 2 0 2 4 0 0 0 0 0 NA 0 0 2
"993" 1 0 1 0 0 1 0 0 0 1 0 0 0 0 1
"994" 2 0 0 1 1 1 0 0 0 0 0 0 0 0 0
"995" 0 0 0 0 0 1 0 0 0 0 0 0 0 0 1
"996" 0 0 1 0 1 2 0 0 1 1 0 0 1 0 2
"997" 0 0 1 0 1 3 0 0 0 0 0 0 0 0 2
"998" 0 0 1 0 1 1 0 0 0 0 0 0 0 0 3
"999" 0 0 1 0 1 3 0 0 0 0 0 0 0 0 3
"1000" 0 0 1 0 1 2 0 0 0 0 0 0 0 0 2
"1001" 0 0 0 0 1 1 0 0 0 0 0 NA 0 0 2
"1002" 0 0 1 0 0 3 0 0 0 0 0 NA 0 0 2
"1003" 1 1 2 0 0 2 0 0 0 1 0 0 0 0 2
"1004" 1 1 2 1 2 2 0 0 0 0 0 NA 0 0 4
"1005" 0 0 0 0 0 0 0 0 0 0 0 NA 0 0 3
"1006" 0 0 1 0 1 3 0 0 0 0 0 NA 0 0 2
"1007" 0 1 0 1 1 1 0 0 0 2 0 0 0 0 2
"1008" 0 1 1 0 1 3 0 0 0 0 0 NA 1 0 4
"1009" 2 3 1 1 0 1 0 0 0 0 0 NA 0 0 5
"1010" 0 0 0 1 1 4 0 0 0 0 1 0 1 0 6
"1011" 1 0 1 1 0 0 0 0 0 0 0 0 0 0 1
"1012" 1 0 0 0 1 1 0 0 0 0 0 0 0 0 3
"1013" 0 0 2 0 0 2 0 0 0 0 0 0 0 0 1
"1014" 0 0 1 0 0 0 0 0 0 0 0 NA 0 0 0
"1015" 0 0 1 0 3 5 0 0 0 0 0 0 1 0 1
"1016" 0 0 0 0 0 1 0 0 0 1 0 0 0 0 3
"1017" 0 1 1 0 0 2 0 0 0 0 0 0 0 0 2
"1018" 2 1 0 1 0 2 0 0 0 1 0 0 1 0 2
"1019" 0 0 1 1 0 1 0 0 0 0 0 NA 0 0 2
"1020" 0 0 3 0 1 2 0 0 0 0 0 0 0 0 2
"1021" 0 0 0 0 0 1 0 0 0 0 0 NA 0 0 2
"1022" 2 1 3 1 1 0 0 0 0 1 0 0 0 0 2
"1023" 0 0 1 0 0 2 0 0 1 1 0 0 0 0 0
"1024" 0 0 0 0 0 0 0 0 0 0 0 NA 1 0 1
"1025" 0 0 1 0 1 6 0 0 0 0 0 0 0 0 0
"1026" 1 1 0 0 0 4 0 0 0 0 0 0 0 0 1
"1027" 0 0 1 1 0 2 0 0 0 0 0 0 0 0 3
"1028" 0 0 1 1 0 0 0 0 0 0 0 0 0 0 2
"1029" 1 0 0 1 1 2 0 0 0 0 0 NA 0 0 0
"1030" 0 0 0 0 0 3 0 0 0 0 0 NA 0 0 1
"1031" 0 1 2 0 3 3 0 0 0 1 0 NA 1 0 1
"1032" 0 0 2 0 1 2 0 0 0 0 0 0 1 0 5
"1033" 1 1 0 1 4 3 0 0 0 0 0 NA 1 0 1
"1034" 0 0 0 0 1 2 0 0 0 0 0 NA 0 0 4
"1035" 1 0 5 1 2 4 0 0 0 0 0 0 0 0 1
"1036" 0 0 1 1 3 4 0 0 0 1 0 0 0 0 5
"1037" 1 0 1 0 1 3 0 0 0 1 0 NA 0 0 3
"1038" 0 0 0 0 0 1 0 0 0 1 0 NA 0 0 3
"1039" 1 1 2 0 1 0 0 0 0 0 0 0 0 0 1
"1040" 0 0 3 0 0 3 0 0 0 0 0 0 0 0 5
"1041" 0 0 1 0 0 3 0 0 0 0 0 0 0 0 5
"1042" 0 0 0 0 1 1 0 0 0 0 0 0 1 0 2
"1043" 1 1 0 1 1 4 0 0 0 0 0 0 0 0 3
"1044" 0 0 1 0 0 1 0 0 0 0 0 NA 0 0 0
"1045" 0 0 2 0 0 4 0 0 0 0 0 0 1 0 4
"1046" 0 0 0 0 0 1 0 0 0 0 0 0 0 0 1
"1047" 1 0 1 0 1 3 0 0 0 0 0 0 0 0 2
"1048" 0 0 2 0 0 2 0 0 0 0 0 0 0 0 2
"1049" 0 1 1 1 1 2 0 0 0 0 0 0 0 0 4
"1050" 1 0 0 0 1 3 0 0 0 0 0 0 0 0 2
"1051" 0 0 1 1 2 2 0 0 0 0 0 0 0 0 1
"1052" 1 0 2 0 1 5 0 0 0 0 0 NA 0 0 5
"1053" 0 0 1 0 1 3 0 0 0 0 0 0 0 0 3
"1054" 0 0 0 0 0 0 0 0 0 0 0 NA 0 0 2
"1055" 1 1 2 0 1 1 0 0 0 1 0 0 0 0 3
"1056" 0 0 1 0 1 1 0 0 0 0 0 NA 0 0 1
"1057" 0 0 1 0 1 1 0 0 0 0 0 NA 1 0 2
"1058" 1 1 1 0 1 2 0 0 0 0 0 0 0 0 2
"1059" 1 1 3 1 1 2 0 0 0 0 0 0 0 0 3
"1060" 0 0 0 1 0 2 0 0 1 0 0 0 0 0 1
"1061" 0 0 1 0 1 2 0 0 0 0 0 NA 0 0 3
"1062" 1 0 0 1 0 3 0 0 0 1 0 NA 0 0 3
"1063" 1 0 2 0 0 2 0 0 0 0 0 NA 0 0 5
"1064" 0 1 0 0 2 1 0 0 0 0 0 0 0 0 1
"1065" 0 0 0 0 0 0 0 0 0 0 0 0 0 0 2
"1066" 1 1 1 0 1 3 0 0 0 0 0 NA 0 0 4
"1067" 0 1 2 0 1 1 0 0 0 0 0 0 0 0 0
"1068" 0 0 0 0 1 1 0 0 0 0 0 0 0 0 1
"1069" 0 0 0 0 2 4 0 0 0 0 0 NA 0 0 4
"1070" 2 1 1 1 0 1 0 0 0 0 0 NA 0 0 2
"1071" 0 0 0 0 0 1 0 0 0 1 0 NA 0 0 2
"1072" 0 0 0 0 1 2 0 0 0 0 0 NA 0 0 1
"1073" 1 0 1 3 0 3 0 0 0 1 0 NA 0 0 4
"1074" 0 1 1 1 1 3 0 0 0 1 0 NA 1 0 2
"1075" 0 0 0 0 1 2 0 0 0 0 0 0 0 0 1
"1076" 0 0 1 0 1 3 0 0 0 0 0 0 0 0 1
"1077" 2 0 0 0 1 3 0 0 0 0 0 NA 0 0 3
"1078" 2 1 0 0 0 2 0 0 0 0 0 0 0 0 2
"1079" 0 1 1 0 0 3 0 0 0 0 0 0 0 0 0
"1080" 0 0 1 0 0 1 0 0 0 0 0 0 0 0 1
"1081" 1 1 2 1 2 3 0 0 0 0 0 0 0 0 3
"1082" 1 0 0 0 0 0 0 0 0 0 0 NA 0 0 2
"1083" 1 1 3 0 0 3 0 0 0 0 0 0 0 0 4
"1084" 0 0 1 0 1 3 0 0 0 0 0 0 1 0 1
"1085" 0 0 3 1 1 4 0 0 0 1 0 0 0 0 3
"1086" 1 1 0 1 1 2 0 0 0 0 0 0 0 0 1
"1087" 0 0 1 0 0 1 0 0 0 0 0 0 0 0 3
"1088" 0 0 0 0 1 1 0 0 0 0 0 0 1 0 1
"1089" 1 0 2 1 0 1 0 0 0 0 0 NA 0 0 2
"1090" 1 1 1 0 0 1 0 0 0 0 0 0 0 0 2
"1091" 0 0 0 0 1 2 0 0 0 0 0 NA 0 0 2
"1092" 0 1 1 0 1 2 0 0 0 0 0 NA 0 0 2
"1093" 0 0 0 0 0 0 0 0 0 1 0 0 0 0 2
"1094" 0 0 1 0 1 4 0 0 0 0 0 NA 0 0 2
"1095" 0 0 0 0 0 1 0 0 0 0 0 0 0 0 0
"1096" 1 0 1 0 0 1 0 0 0 1 0 NA 0 0 2
"1097" 0 0 0 0 0 1 0 0 0 1 0 NA 1 0 1
"1098" 1 0 1 1 1 4 0 0 0 0 0 0 1 0 0
"1099" 1 0 2 0 3 1 0 0 0 0 0 0 1 0 0
"1100" 0 0 1 0 0 1 0 0 0 0 0 0 0 0 2
"1101" 0 0 1 0 1 1 0 0 0 0 0 0 0 0 3
"1102" 0 0 1 1 0 1 0 0 0 0 0 NA 1 0 2
"1103" 0 0 1 1 1 0 0 0 0 0 0 0 0 0 2
"1104" 0 0 1 0 1 6 0 0 0 0 0 NA 0 0 1
"1105" 1 0 3 0 2 4 0 0 0 0 0 NA 0 0 4
"1106" 1 0 3 0 1 5 0 0 0 0 0 0 1 0 3
"1107" 0 0 1 0 0 1 0 0 0 0 0 0 0 0 1
"1108" 1 1 2 1 0 0 0 0 0 0 0 0 0 0 3
"1109" 1 1 1 1 1 1 0 0 0 0 0 0 0 0 2
"1110" 0 1 2 1 1 2 0 0 0 0 0 NA 0 0 2
"1111" 1 0 3 0 4 3 0 0 0 0 0 0 1 0 1
"1112" 0 0 1 0 1 4 0 0 0 1 0 0 0 0 4
"1113" 0 0 1 1 1 2 0 0 0 0 0 0 0 0 2
"1114" 0 0 2 0 0 2 0 0 0 1 0 0 0 0 4
"1115" 0 0 1 0 1 1 0 0 0 0 0 0 1 0 2
"1116" 0 0 1 0 1 3 0 0 0 0 0 0 0 0 2
"1117" 0 0 2 0 0 0 0 0 0 0 0 NA 0 0 0
"1118" 0 0 1 0 1 3 0 0 0 0 0 0 0 0 0
"1119" 2 0 2 1 0 4 0 0 0 1 0 0 1 0 3
"1120" 1 0 3 0 3 1 0 0 0 1 0 0 0 0 3
"1121" 1 1 3 1 3 3 0 0 0 0 0 NA 0 0 0
"1122" 0 0 1 0 0 1 0 0 0 0 0 NA 0 0 2
"1123" 0 0 0 0 1 2 0 0 0 1 0 NA 1 1 3
"1124" 0 0 2 1 0 2 0 0 0 1 0 NA 0 0 0
"1125" 1 1 3 0 0 4 0 0 0 0 0 0 0 0 0
"1126" 0 0 2 0 1 0 0 0 0 0 0 0 0 0 0
"1127" 2 1 1 1 2 5 0 0 0 0 0 NA 0 0 3
"1128" 1 1 0 0 0 3 0 0 0 0 0 0 0 0 1
"1129" 1 1 1 0 1 2 0 0 0 0 0 0 0 0 2
"1130" 0 0 1 0 1 1 0 0 0 0 0 0 0 0 2
"1131" 0 0 2 0 0 4 0 0 0 1 0 0 0 0 5
"1132" 0 0 0 0 1 1 0 0 0 0 0 0 0 0 1
"1133" 0 0 0 0 1 5 0 1 1 1 0 NA 0 0 0
"1134" 0 0 0 0 1 3 0 0 0 0 0 0 0 0 4
"1135" 1 1 1 0 0 1 0 0 0 0 1 NA 0 0 3
"1136" 1 1 2 0 1 0 0 0 0 0 0 0 0 0 2
"1137" 0 0 0 0 0 0 0 0 0 0 0 0 0 0 1
"1138" 0 0 1 0 1 1 0 0 0 0 0 0 0 0 6
"1139" 0 0 1 0 0 0 0 0 0 0 0 0 0 0 4
"1140" 0 0 0 0 0 3 0 0 0 1 0 0 0 0 1
"1141" 0 0 0 0 1 3 0 0 0 0 0 0 1 0 2
"1142" 0 0 2 0 1 2 0 0 0 1 0 NA 0 1 3
"1143" 0 0 2 0 1 3 0 0 0 0 0 NA 1 0 1
"1144" 0 0 2 0 0 1 0 0 0 1 0 NA 1 0 1
"1145" 0 0 0 0 1 2 0 0 0 0 0 0 0 0 2
"1146" 1 0 1 0 0 0 0 0 0 0 0 0 0 0 2
"1147" 0 0 0 0 0 0 0 0 0 1 0 0 0 0 2
"1148" 1 1 3 1 0 0 0 0 0 0 0 0 0 0 0
"1149" 0 0 0 1 1 3 0 0 0 0 0 NA 0 0 2
"1150" 1 0 1 0 1 2 0 0 1 1 0 0 0 0 5
"1151" 0 0 0 0 0 0 0 0 0 0 0 NA 0 0 1
"1152" 0 0 2 0 3 2 0 0 0 1 0 0 0 0 3
"1153" 1 0 1 0 1 1 0 0 0 0 0 0 0 0 3
"1154" 0 0 2 0 1 1 0 0 0 0 0 NA 0 0 2
"1155" 0 0 2 0 0 0 0 0 0 1 0 0 1 0 5
"1156" 0 0 0 0 0 2 0 0 0 0 0 0 0 0 1
"1157" 1 0 1 0 1 2 0 0 0 0 0 0 0 0 4
"1158" 1 0 1 0 0 2 0 0 0 0 0 0 0 0 0
"1159" 0 0 0 0 0 1 0 0 0 0 0 0 0 0 3
"1160" 0 1 0 0 0 3 0 0 0 0 0 0 0 0 1
"1161" 0 0 0 0 0 0 0 0 0 2 0 0 0 0 2
"1162" 0 0 0 0 1 2 0 0 0 1 0 0 0 0 2
"1163" 1 1 4 2 4 2 0 0 0 0 0 NA 0 0 1
"1164" 1 0 0 0 0 0 0 0 0 0 0 NA 0 0 1
"1165" 2 1 2 1 0 2 0 0 0 1 0 0 0 0 2
"1166" 0 0 1 0 0 0 0 0 0 0 0 NA 0 0 1
"1167" 0 0 3 0 1 2 0 0 0 0 0 0 0 0 1
"1168" 0 1 0 0 0 5 0 0 0 0 0 NA 1 0 4
"1169" 0 0 0 0 0 1 0 0 0 1 0 0 0 0 0
"1170" 1 0 1 1 1 1 0 0 0 0 0 0 1 0 1
"1171" 2 0 1 0 0 1 0 0 0 1 0 NA 0 0 0
"1172" 0 1 0 0 0 5 0 0 0 0 0 0 0 0 3
"1173" 0 0 1 0 1 0 0 0 0 0 0 NA 0 0 1
"1174" 0 0 0 0 1 2 0 0 0 0 0 NA 1 0 2
"1175" 0 0 2 0 1 2 0 0 0 0 0 NA 0 0 4
"1176" 0 0 1 0 1 3 0 0 0 0 0 0 0 0 1
"1177" 0 0 0 0 0 2 0 0 0 0 0 0 0 0 2
"1178" 1 1 2 0 1 4 0 0 0 1 0 NA 0 0 0
"1179" 0 0 0 0 1 5 0 0 0 0 0 NA 0 0 3
"1180" 0 1 3 0 1 2 0 0 0 0 1 NA 0 0 0
"1181" 1 0 3 0 3 5 0 0 0 0 0 0 0 0 4
"1182" 0 0 0 0 0 2 0 0 0 0 0 NA 0 0 2
"1183" 1 1 1 0 0 1 0 0 0 0 0 0 0 0 2
"1184" 0 0 1 0 2 4 0 0 0 1 0 0 0 0 1
"1185" 1 0 1 1 1 1 0 0 0 0 0 0 0 0 3
"1186" 1 1 2 0 2 1 0 0 0 0 0 0 0 0 1
"1187" 1 0 1 1 1 1 0 0 0 1 0 0 0 0 1
"1188" 0 0 1 1 0 5 0 0 0 1 0 NA 0 0 3
"1189" 2 0 1 0 1 1 0 0 0 1 0 0 0 0 2
"1190" 1 0 0 0 1 1 0 0 0 0 0 0 0 0 3
"1191" 0 0 0 0 0 1 0 0 0 0 0 NA 0 0 1
"1192" 0 0 3 0 0 2 0 0 0 0 0 NA 0 0 0
"1193" 2 1 1 0 1 2 0 0 0 0 0 0 0 0 0
"1194" 0 0 0 0 1 3 0 0 0 0 0 NA 1 0 4
"1195" 1 0 4 1 3 3 0 0 0 0 0 0 0 0 0
"1196" 0 0 2 1 2 3 0 0 0 1 0 0 0 0 3
"1197" 1 3 1 0 1 2 0 0 0 0 0 NA 0 0 1
"1198" 0 0 1 0 0 0 0 0 0 0 0 NA 0 0 5
"1199" 1 0 2 1 1 2 0 0 0 1 0 0 0 0 2
"1200" 2 1 0 3 1 3 0 0 0 0 0 NA 1 0 1
"1201" 0 0 0 0 0 3 0 0 1 1 0 0 0 0 1
"1202" 0 0 1 0 0 1 0 0 0 0 0 NA 0 0 0
"1203" 1 0 1 1 1 1 0 0 0 0 0 0 1 0 3
"1204" 0 0 2 0 1 2 0 0 1 2 0 NA 0 0 4
"1205" 1 1 1 0 1 2 0 0 0 2 0 NA 0 0 2
"1206" 0 0 0 0 1 1 0 0 0 1 0 0 0 0 1
"1207" 0 0 0 0 1 2 0 0 0 0 0 0 0 0 0
"1208" 1 1 1 0 0 1 0 0 0 0 0 0 1 0 6
"1209" 0 0 0 0 1 2 0 0 0 0 0 0 0 0 1
"1210" 1 1 1 0 0 3 0 0 0 1 0 NA 0 0 3
"1211" 0 0 1 0 2 1 0 0 0 0 0 0 0 0 1
"1212" 1 0 1 0 1 1 0 0 0 0 0 NA 0 0 3
"1213" 0 0 1 0 1 1 0 0 0 0 0 0 0 0 0
"1214" 2 0 0 2 0 2 0 0 0 0 0 NA 0 0 1
"1215" 1 1 1 0 0 0 0 0 0 0 0 0 0 0 2
"1216" 1 1 1 0 0 2 0 0 0 0 0 0 0 0 3
"1217" 0 0 4 0 1 2 0 0 0 0 0 0 1 0 4
"1218" 1 0 1 0 1 1 0 0 0 0 0 0 0 0 4
"1219" 0 0 0 0 0 3 0 0 0 0 0 0 0 0 2
"1220" 0 0 1 1 0 0 0 0 0 0 0 0 0 0 0
"1221" 1 1 2 1 0 2 0 0 0 0 0 0 0 0 4
"1222" 1 1 2 1 1 6 0 0 0 0 0 NA 0 0 4
"1223" 0 0 0 0 0 1 0 0 0 0 0 0 0 0 3
"1224" 0 0 0 0 1 4 0 0 0 0 0 NA 0 0 4
"1225" 0 0 0 0 0 5 0 0 0 0 0 0 0 0 1
"1226" 1 0 2 0 1 0 0 0 0 1 0 NA 1 0 1
"1227" 0 0 0 0 0 1 0 0 0 0 0 0 0 0 4
"1228" 0 0 1 0 0 1 0 0 0 2 0 NA 0 0 4
"1229" 0 0 1 0 1 0 0 0 0 1 0 0 0 0 1
"1230" 0 0 0 0 0 0 0 0 0 0 0 NA 0 0 2
"1231" 1 1 1 0 1 3 0 0 0 0 0 0 0 0 2
"1232" 0 0 1 0 2 2 0 0 0 1 0 0 0 0 2
"1233" 1 0 1 0 0 0 0 0 0 0 0 0 0 0 1
"1234" 0 0 0 0 1 1 0 0 0 0 0 0 0 0 1
"1235" 0 0 1 0 0 1 0 0 0 0 0 0 1 0 1
"1236" 0 0 2 0 0 0 0 0 0 1 0 NA 0 0 5
"1237" 2 0 1 1 0 3 0 0 0 0 0 NA 0 0 1
"1238" 0 0 0 0 0 6 0 0 0 1 0 0 0 0 3
"1239" 0 0 2 0 2 3 0 0 0 0 0 0 0 0 1
"1240" 1 1 2 1 1 1 0 0 0 0 0 NA 0 0 2
"1241" 0 0 2 0 2 3 0 0 0 0 0 0 1 0 3
"1242" 1 0 1 1 0 1 0 0 0 1 0 NA 0 0 1
"1243" 2 1 1 0 0 0 0 0 0 0 0 0 0 0 3
"1244" 0 0 2 0 1 3 0 0 0 0 0 NA 0 0 1
"1245" 0 0 0 0 0 1 0 0 0 1 0 0 0 0 1
"1246" 1 1 2 1 1 1 0 0 0 0 0 0 0 0 1
"1247" 0 0 0 0 1 1 0 0 0 0 0 0 0 0 2
"1248" 1 0 0 0 1 2 0 0 0 1 0 0 0 0 2
"1249" 2 0 1 1 1 3 0 0 0 1 0 0 0 0 3
"1250" 1 0 1 1 1 1 0 0 0 0 0 NA 0 0 2
"1251" 0 0 2 0 3 3 0 0 0 0 0 0 0 0 0
"1252" 0 0 0 0 1 1 0 0 0 0 0 0 0 0 1
"1253" 0 0 1 0 0 2 0 0 0 0 0 NA 0 0 4
"1254" 0 0 0 0 1 3 0 0 0 1 0 0 0 0 0
"1255" 0 0 1 0 1 1 0 0 0 0 0 0 0 0 2
"1256" 0 0 0 0 1 4 0 0 0 1 0 0 1 0 2
"1257" 0 0 3 1 0 1 0 0 0 1 0 0 1 0 3
"1258" 0 0 0 0 0 2 0 0 0 0 0 NA 0 0 1
"1259" 0 0 0 0 0 2 0 0 0 0 0 0 0 0 1
"1260" 1 0 1 1 0 2 0 0 0 0 0 NA 0 0 3
"1261" 0 0 0 0 0 0 0 0 0 0 0 0 0 1 0
"1262" 0 0 0 0 0 1 0 0 0 0 0 0 0 0 2
"1263" 0 0 1 0 1 0 0 0 0 3 0 0 0 0 1
"1264" 0 0 0 0 0 3 0 0 0 0 0 0 0 0 3
"1265" 0 0 1 0 0 2 0 0 0 0 0 0 0 0 1
"1266" 0 0 1 0 0 2 0 0 0 0 0 NA 1 0 2
"1267" 2 0 1 0 1 6 0 0 0 0 0 0 0 0 2
"1268" 1 1 0 1 0 4 0 0 0 1 0 0 1 0 3
"1269" 0 0 0 0 1 0 0 0 0 0 0 NA 0 0 2
"1270" 0 0 2 0 1 3 0 0 0 0 0 0 0 0 0
"1271" 0 0 0 0 0 1 0 0 0 0 0 0 0 0 0
"1272" 1 0 2 1 2 2 0 0 0 0 0 0 0 0 2
"1273" 0 0 0 0 1 1 0 0 0 0 0 0 0 0 1
"1274" 1 1 1 0 0 3 0 0 0 0 0 0 0 0 3
"1275" 2 1 4 1 0 2 0 0 0 0 0 NA 1 0 1
"1276" 0 0 0 0 1 4 0 0 0 0 0 NA 0 0 3
"1277" 0 0 0 0 0 2 0 0 0 1 0 0 0 0 2
"1278" 0 0 0 0 1 3 0 0 0 0 0 0 0 0 3
"1279" 0 0 1 0 1 2 0 0 0 0 0 0 0 0 2
"1280" 1 0 1 0 1 3 0 0 0 0 0 0 1 0 4
"1281" 0 0 1 0 0 3 0 0 0 0 0 0 0 0 2
"1282" 0 0 4 0 2 3 0 0 0 1 0 0 0 0 2
"1283" 0 1 1 0 0 2 0 0 0 0 0 0 1 0 2
"1284" 2 1 2 1 0 1 0 0 0 0 0 0 0 0 1
"1285" 0 0 0 0 1 0 0 0 0 0 0 0 0 0 2
"1286" 0 0 1 0 0 4 0 0 1 1 0 NA 1 0 1
"1287" 0 0 2 0 0 5 0 0 0 0 0 0 0 0 1
"1288" 0 1 2 1 1 2 0 0 0 0 0 0 0 0 3
"1289" 0 0 1 0 1 2 0 0 0 0 0 NA 0 0 2
"1290" 1 0 1 0 1 4 0 0 0 0 0 0 0 0 1
"1291" 0 0 0 1 0 2 0 0 0 0 0 NA 0 0 2
"1292" 0 0 2 0 1 2 0 0 0 0 0 NA 0 0 1
"1293" 1 1 2 1 1 1 0 0 0 1 0 0 0 0 2
"1294" 0 0 1 0 2 3 0 0 0 0 0 0 0 0 1
"1295" 0 0 1 0 3 1 0 0 0 0 0 0 0 0 1
"1296" 0 0 2 0 0 4 0 0 0 1 0 NA 0 0 2
"1297" 1 1 0 0 1 3 0 0 0 0 0 NA 0 0 1
"1298" 0 0 1 0 1 2 0 0 0 1 0 NA 0 0 1
"1299" 0 0 2 0 0 1 0 0 0 0 0 NA 0 0 2
"1300" 0 0 2 0 1 3 0 0 0 0 0 0 1 1 2
"1301" 0 0 2 0 1 3 0 0 0 1 0 0 0 0 2
"1302" 1 0 1 0 0 1 0 0 0 0 0 0 0 0 2
"1303" 1 1 1 1 0 0 0 0 0 0 0 NA 0 0 2
"1304" 1 0 1 0 0 2 0 0 0 0 0 NA 0 0 3
"1305" 1 1 0 0 0 3 0 0 0 2 0 0 0 0 2
"1306" 0 0 2 0 3 6 0 0 0 1 0 0 0 0 4
"1307" 0 0 0 0 0 0 0 0 0 0 0 0 0 0 2
"1308" 1 0 2 1 0 1 0 0 0 0 0 0 0 0 3
"1309" 0 0 1 0 0 0 0 0 0 1 0 0 0 0 0
"1310" 0 0 4 0 3 3 0 0 0 0 0 NA 0 0 2
"1311" 0 0 1 0 0 2 0 0 0 0 0 NA 0 0 1
"1312" 0 0 0 0 0 1 0 0 0 0 0 NA 0 0 0
"1313" 0 0 1 0 0 3 0 0 0 0 0 0 0 0 2
"1314" 2 1 1 1 1 3 0 0 0 1 0 0 1 0 3
"1315" 1 1 3 0 3 2 0 0 0 0 0 0 0 0 4
"1316" 0 0 1 0 1 1 0 0 0 1 0 0 0 0 3
"1317" 1 0 0 0 0 5 0 0 0 0 0 NA 0 0 3
"1318" 0 0 2 0 0 1 0 0 0 1 0 NA 0 0 1
"1319" 0 0 2 0 0 1 0 0 0 0 0 0 0 0 1
"1320" 0 0 0 0 1 4 0 0 0 0 0 NA 0 0 3
"1321" 0 0 3 0 1 5 0 0 0 1 0 0 0 0 3
"1322" 0 0 2 0 1 5 0 0 0 0 0 NA 0 0 1
"1323" 2 1 2 0 1 2 0 0 0 0 0 0 1 0 3
"1324" 0 0 1 1 1 2 0 0 0 0 0 NA 0 0 3
"1325" 0 0 0 0 1 0 0 0 0 0 0 NA 0 0 0
"1326" 0 0 2 0 1 4 0 0 0 0 0 0 1 0 2
"1327" 0 0 1 0 0 1 0 0 0 0 0 NA 0 0 3
"1328" 1 1 2 1 0 3 0 0 0 0 0 0 0 0 0
"1329" 0 0 0 0 1 2 0 0 0 0 0 NA 0 0 2
"1330" 1 0 4 0 2 5 0 0 0 0 0 0 0 0 3
"1331" 0 0 1 0 3 2 0 0 0 0 0 NA 0 0 4
"1332" 0 0 0 0 1 2 0 0 1 1 0 NA 0 0 2
"1333" 0 0 3 0 2 2 0 0 0 0 0 NA 0 0 1
"1334" 0 0 2 0 1 5 0 0 0 0 0 NA 0 0 4
"1335" 0 0 1 0 0 3 0 0 0 1 0 0 0 1 4
"1336" 0 0 2 0 3 1 0 0 0 0 0 0 0 0 2
"1337" 0 0 0 0 0 2 0 0 0 0 0 NA 0 0 1
"1338" 2 1 2 1 1 2 0 0 0 0 0 NA 0 0 0
"1339" 0 0 1 0 2 3 0 0 0 0 0 0 0 0 2
"1340" 0 0 1 0 0 0 0 0 0 0 0 0 0 0 1
"1341" 0 0 1 0 0 0 0 0 0 0 0 0 0 0 0
"1342" 0 0 1 0 1 0 0 0 0 1 0 0 0 0 0
"1343" 1 1 3 0 0 1 0 0 0 0 0 NA 0 0 0
"1344" 0 0 1 0 1 3 0 0 0 0 0 NA 1 0 6
"1345" 0 0 1 0 1 1 0 0 0 1 0 0 0 1 2
"1346" 2 1 2 1 1 2 0 0 0 1 0 0 1 1 1
"1347" 1 1 2 1 3 4 0 0 1 1 0 0 0 0 1
"1348" 0 0 1 0 0 3 0 0 0 0 0 0 0 0 3
"1349" 1 0 1 1 0 2 0 0 0 1 0 NA 0 0 2
"1350" 2 1 1 0 2 2 0 0 0 0 0 0 0 0 1
"1351" 0 0 0 0 0 2 0 0 0 1 0 0 0 0 3
"1352" 2 0 4 3 3 2 0 0 0 0 0 0 0 0 0
"1353" 0 0 0 0 0 3 0 0 0 0 0 0 0 0 0
"1354" 1 0 0 1 0 2 0 0 0 0 0 NA 0 0 3
"1355" 1 1 0 0 0 3 0 0 0 0 0 0 0 0 3
"1356" 1 3 3 1 1 3 0 0 0 0 0 0 1 0 2
"1357" 0 0 0 0 0 0 0 0 0 0 0 0 0 0 1
"1358" 1 0 0 0 0 1 0 0 0 1 0 NA 0 0 3
"1359" 0 0 2 0 1 2 0 0 0 0 0 NA 0 0 2
"1360" 0 0 2 0 0 3 0 0 0 1 0 0 0 0 2
"1361" 0 0 0 0 0 1 0 0 0 0 0 NA 0 0 3
"1362" 0 0 0 0 0 1 0 0 0 1 0 0 0 0 5
"1363" 0 0 0 0 0 1 0 0 0 1 0 0 0 0 0
"1364" 0 0 0 0 0 0 0 0 0 0 0 0 0 0 1
"1365" 0 0 0 0 0 2 0 0 0 0 0 0 2 0 4
"1366" 0 0 1 0 1 2 0 0 0 0 0 0 0 0 2
"1367" 0 0 0 0 0 3 0 0 0 1 0 NA 0 0 1
"1368" 0 0 1 0 1 1 0 0 0 0 0 0 0 0 3
"1369" 0 0 1 0 0 2 0 0 0 2 0 0 0 1 3
"1370" 0 0 0 0 0 2 0 0 0 0 0 0 1 0 0
"1371" 0 0 0 0 1 3 0 0 0 0 0 0 0 0 4
"1372" 0 0 1 0 1 1 0 0 0 0 0 0 0 0 3
"1373" 0 0 0 0 0 1 0 0 0 0 0 0 0 0 1
"1374" 0 0 1 0 1 1 0 0 0 0 0 0 0 0 2
"1375" 1 1 2 1 1 4 0 0 0 1 0 0 0 1 5
"1376" 0 0 1 0 0 1 0 0 0 0 0 0 0 0 1
"1377" 1 0 1 0 0 2 0 0 0 0 0 0 0 0 0
"1378" 0 0 2 0 2 6 0 0 0 0 0 0 2 0 6
"1379" 0 0 1 0 1 0 0 0 0 1 0 0 0 0 3
"1380" 1 0 0 0 0 0 0 0 0 0 0 0 0 0 0
"1381" 0 0 2 0 1 1 0 0 0 0 0 NA 1 0 2
"1382" 0 0 1 0 1 3 0 0 0 0 0 NA 0 0 2
"1383" 0 0 0 1 0 2 0 0 0 0 0 0 0 0 1
"1384" 1 1 2 1 1 1 0 0 0 0 0 0 0 0 1
"1385" 0 0 1 0 0 2 0 0 0 0 0 0 0 0 2
"1386" 0 0 2 0 0 2 0 0 0 0 0 0 0 0 2
"1387" 1 1 1 1 1 5 0 0 0 0 0 0 1 0 3
"1388" 1 0 1 0 1 4 0 0 0 0 0 NA 1 0 3
"1389" 2 2 3 0 0 0 0 0 0 0 0 NA 0 0 1
"1390" 1 1 4 1 2 3 0 0 0 0 0 NA 0 0 2
"1391" 0 0 1 0 1 2 0 0 0 0 0 0 0 0 2
"1392" 0 0 3 0 1 0 0 0 0 0 0 0 0 0 0
"1393" 0 0 0 0 0 1 0 0 0 0 0 NA 0 0 5
"1394" 1 0 3 0 1 2 0 0 0 0 0 NA 0 0 3
"1395" 0 0 1 0 1 3 0 0 0 0 0 NA 0 0 0
"1396" 1 0 2 0 0 0 0 0 0 0 0 0 0 0 1
"1397" 1 1 4 0 3 1 0 0 0 0 0 0 0 0 1
"1398" 0 0 0 0 1 4 0 0 0 0 0 NA 0 0 4
"1399" 1 1 1 0 1 3 0 0 0 2 0 0 0 0 2
"1400" 0 0 0 0 1 2 0 0 0 0 0 0 2 0 2
"1401" 0 0 1 0 1 3 0 0 0 1 0 NA 0 0 2
"1402" 0 0 1 0 1 1 0 0 0 0 0 NA 1 0 3
"1403" 0 0 2 0 0 1 0 0 0 0 0 NA 0 0 3
"1404" 0 0 0 0 0 0 0 0 0 0 0 0 0 0 0
"1405" 1 1 0 0 0 1 0 0 0 0 0 0 0 0 3
"1406" 0 0 2 0 3 1 0 0 0 0 0 0 0 0 1
"1407" 0 0 1 0 1 2 0 0 0 0 0 NA 0 0 2
"1408" 0 0 3 0 1 5 0 0 0 0 0 NA 0 0 1
"1409" 2 1 1 0 1 1 0 0 0 0 0 0 0 0 1
"1410" 1 0 1 1 1 2 0 0 0 0 0 0 0 1 3
"1411" 2 1 0 0 1 3 0 0 0 0 0 0 0 0 4
"1412" 1 0 4 1 2 3 0 0 0 1 0 0 1 0 1
"1413" 0 0 1 0 0 1 0 0 0 0 0 NA 0 0 0
"1414" 1 0 0 1 1 2 0 0 0 1 0 0 0 0 1
"1415" 1 1 1 1 3 1 0 0 0 0 0 NA 0 0 1
"1416" 0 0 2 0 0 5 0 0 0 0 0 0 0 0 2
"1417" 0 0 0 0 0 4 0 0 0 0 0 0 0 0 0
"1418" 0 0 1 0 1 2 0 0 1 1 0 0 1 0 1
"1419" 0 0 0 0 0 1 0 0 0 0 0 0 0 0 1
"1420" 1 1 1 1 0 1 0 0 0 0 0 0 0 0 1
"1421" 0 0 1 0 0 0 0 0 0 0 0 0 0 0 2
"1422" 1 1 3 2 0 0 0 0 0 0 0 NA 0 1 2
"1423" 1 0 0 0 0 0 0 0 0 0 0 0 0 0 3
"1424" 1 1 0 1 1 2 0 0 0 1 0 0 1 0 1
"1425" 1 0 3 0 1 3 0 0 0 0 0 0 0 0 3
"1426" 1 0 1 0 0 2 0 0 0 0 0 0 0 0 2
"1427" 1 1 1 0 0 2 0 0 1 1 0 0 0 0 2
"1428" 0 0 1 0 0 2 0 0 0 0 0 NA 0 0 2
"1429" 1 0 1 0 1 1 0 0 0 0 0 0 0 0 2
"1430" 0 0 0 0 0 2 0 0 0 0 0 0 0 0 2
"1431" 1 0 3 0 1 3 0 0 0 1 0 0 0 0 1
"1432" 1 0 2 0 0 4 0 0 0 0 0 NA 0 0 1
"1433" 1 0 1 1 0 3 0 0 0 0 0 0 0 0 1
"1434" 0 1 0 0 1 0 0 0 0 0 0 0 0 0 2
"1435" 1 0 0 0 0 3 0 0 0 0 0 0 0 0 5
"1436" 0 0 0 0 1 1 0 0 0 0 0 NA 1 0 2
"1437" 3 1 4 0 1 2 0 0 0 0 0 0 0 0 1
"1438" 0 0 2 0 0 3 0 0 0 1 0 NA 0 0 0
"1439" 1 0 2 0 1 2 0 0 0 1 0 0 0 0 2
"1440" 0 0 1 0 0 2 0 0 0 0 0 0 1 0 3
"1441" 0 0 1 0 1 3 0 0 0 0 0 0 0 0 1
"1442" 0 0 2 0 1 1 0 0 0 0 0 NA 0 0 4
"1443" 0 0 0 0 0 2 0 0 0 0 0 NA 1 0 3
"1444" 0 0 0 0 0 0 0 0 0 0 0 0 0 0 0
"1445" 0 0 1 0 0 1 0 0 0 0 0 0 0 0 1
"1446" 0 0 1 0 0 1 0 0 0 0 0 NA 0 0 1
"1447" 0 0 0 0 0 0 0 0 0 0 0 0 0 0 2
"1448" 0 0 2 1 0 0 0 0 1 1 0 0 0 0 1
"1449" 0 0 1 0 2 3 0 0 0 0 0 NA 0 0 3
"1450" 0 0 2 0 1 1 0 0 0 0 0 NA 0 0 2
"1451" 1 0 2 0 1 2 0 0 0 0 0 0 0 0 3
"1452" 1 1 2 0 1 1 0 0 0 0 0 0 0 0 1
"1453" 0 0 1 0 1 2 0 0 0 0 0 NA 0 0 1
"1454" 0 0 1 0 1 1 0 0 0 0 0 0 0 0 1
"1455" 0 0 1 0 1 2 0 0 0 2 0 0 0 0 5
"1456" 0 0 1 0 0 4 0 0 0 0 0 0 0 0 3
"1457" 2 1 1 1 1 4 0 0 0 0 0 0 0 0 2
"1458" 0 0 0 0 0 3 0 0 0 0 0 0 1 0 4
"1459" 1 3 1 1 0 1 0 0 0 0 0 0 0 0 1
"1460" 0 0 0 0 0 1 0 0 0 0 0 0 1 0 2
"1461" 1 3 1 0 1 2 0 0 0 0 0 0 0 0 2
"1462" 0 0 1 0 0 0 0 0 0 0 0 0 0 0 1
"1463" 0 0 1 0 1 1 0 0 0 0 0 0 0 0 3
"1464" 2 1 5 1 1 3 0 0 0 1 0 NA 0 0 3
"1465" 0 0 2 0 3 7 0 0 0 1 0 NA 0 1 1
"1466" 0 0 0 0 0 2 0 0 0 0 0 0 1 0 2
"1467" 0 0 0 0 0 0 0 0 0 0 0 0 0 0 1
"1468" 0 0 1 0 0 2 0 0 0 0 0 NA 0 0 0
"1469" 1 1 4 2 1 3 0 1 0 1 0 NA 1 0 4
"1470" 1 1 0 1 1 3 0 0 0 2 0 0 0 0 5
"1471" 0 0 2 0 2 2 0 0 0 1 0 0 0 0 2
"1472" 0 0 0 0 1 2 0 0 0 0 0 NA 0 0 3
"1473" 1 0 3 0 1 1 0 0 0 1 0 NA 0 0 3
"1474" 0 0 0 0 0 1 0 0 0 0 0 NA 0 0 0
"1475" 1 0 2 0 0 2 0 0 0 0 0 0 0 0 3
"1476" 0 0 1 0 0 2 0 0 0 0 0 NA 0 0 0
"1477" 1 1 3 1 0 3 0 0 0 0 0 NA 1 0 2
"1478" 1 0 1 1 0 1 0 0 0 0 0 0 0 0 1
"1479" 0 0 1 0 0 0 0 0 0 0 0 NA 0 0 0
"1480" 1 0 1 0 1 2 0 0 0 0 0 NA 0 0 4
"1481" 0 0 0 0 0 3 0 0 0 1 0 0 0 0 1
"1482" 0 0 0 0 0 1 0 0 0 0 0 0 0 0 1
"1483" 2 3 0 0 3 2 0 0 0 1 0 0 0 0 2
"1484" 2 0 1 0 0 1 0 0 0 0 0 NA 0 0 2
"1485" 0 0 0 0 0 1 0 0 0 0 0 NA 0 0 0
"1486" 0 0 1 0 0 3 0 0 0 0 0 0 0 0 4
"1487" 1 0 1 0 1 2 0 0 0 0 1 NA 0 0 1
"1488" 1 0 0 0 0 1 0 0 0 0 0 0 0 0 1
"1489" 0 0 1 0 1 3 0 0 0 0 0 NA 0 0 4
"1490" 1 0 0 0 1 3 0 0 0 1 0 NA 1 0 2
"1491" 0 1 1 0 1 2 0 0 0 0 0 NA 0 0 0
"1492" 1 0 1 1 1 2 0 0 0 0 0 0 0 0 3
"1493" 0 0 0 0 0 0 0 0 0 0 0 NA 0 0 0
"1494" 0 0 1 0 1 1 0 0 0 0 0 NA 0 0 2
"1495" 0 0 0 1 1 1 0 0 0 0 0 0 0 0 1
"1496" 0 0 0 0 0 3 0 0 0 2 0 NA 0 0 1
"1497" 0 0 0 0 0 2 0 0 0 0 0 NA 0 0 2
"1498" 0 0 2 0 1 2 0 0 1 1 0 0 0 0 3
"1499" 0 0 2 0 1 0 0 0 0 0 0 NA 0 0 1
"1500" 1 1 1 1 1 0 0 0 0 0 0 0 0 0 1
"1501" 0 0 0 0 1 0 0 0 0 0 0 0 0 0 1
"1502" 0 0 2 0 1 2 0 0 0 0 0 0 0 0 3
"1503" 0 0 0 0 1 1 0 0 0 0 0 0 0 0 4
"1504" 1 1 1 0 1 1 0 0 0 0 0 NA 0 0 1
"1505" 1 0 1 0 1 5 0 0 0 1 0 0 2 0 5
"1506" 0 0 1 0 1 3 0 0 0 0 0 0 0 0 3
"1507" 1 0 2 1 0 1 0 0 0 1 0 NA 0 0 0
"1508" 1 1 1 0 1 3 0 0 0 0 0 0 0 0 2
"1509" 0 0 0 0 0 2 0 0 0 1 0 0 2 0 5
"1510" 1 1 1 0 1 0 0 0 0 2 0 0 0 0 1
"1511" 0 1 1 0 0 3 0 0 0 0 0 NA 0 0 0
"1512" 0 0 1 0 0 1 0 0 0 0 0 0 0 0 1
"1513" 0 0 0 0 0 1 0 0 0 0 0 NA 0 0 1
"1514" 0 0 2 0 1 1 0 0 0 0 0 NA 0 0 3
"1515" 2 3 1 1 1 1 0 0 0 0 0 0 0 0 3
"1516" 0 0 2 0 1 4 0 0 0 1 0 0 0 0 1
"1517" 0 0 0 0 0 2 0 0 0 0 0 NA 1 0 6
"1518" 0 0 2 0 1 0 0 0 0 0 0 0 1 0 5
"1519" 1 0 1 0 0 1 0 0 0 0 0 NA 0 0 1
"1520" 0 0 1 0 2 4 0 0 0 1 0 0 0 0 1
"1521" 0 0 1 0 0 2 0 0 0 0 0 0 0 0 0
"1522" 0 0 3 0 1 2 0 0 0 1 0 0 0 0 0
"1523" 0 0 0 1 0 2 0 0 0 0 0 NA 0 0 2
"1524" 1 0 0 3 0 1 0 0 0 0 0 NA 0 0 1
"1525" 1 0 1 0 1 1 0 0 0 1 0 NA 0 0 4
"1526" 0 0 0 1 0 1 0 0 0 0 0 0 0 0 1
"1527" 1 1 3 0 3 2 0 0 0 0 0 0 0 0 3
"1528" 0 0 0 0 0 0 0 0 0 0 0 0 0 0 1
"1529" 1 0 0 0 0 3 0 0 0 1 0 0 0 0 1
"1530" 0 0 2 0 1 2 0 0 0 0 0 0 0 0 1
"1531" 1 0 4 1 1 3 0 0 0 0 0 0 1 0 0
"1532" 1 0 1 0 1 2 0 0 0 1 0 NA 0 0 3
"1533" 0 0 0 0 0 0 0 0 0 0 0 0 0 0 3
"1534" 1 0 2 1 0 2 0 0 0 0 0 0 0 0 3
"1535" 0 0 0 0 0 1 0 0 0 0 0 0 1 0 2
"1536" 0 0 0 0 0 1 0 0 0 1 0 0 0 0 2
"1537" 0 0 0 0 1 1 0 0 0 0 0 0 0 0 1
"1538" 0 0 0 0 0 1 0 0 0 2 0 NA 1 0 2
"1539" 0 0 0 0 0 1 0 0 0 0 0 0 0 0 4
"1540" 0 0 1 1 0 1 0 0 0 0 0 0 0 0 1
"1541" 0 0 3 0 3 2 0 0 0 0 0 0 0 0 2
"1542" 0 0 0 0 0 4 0 0 0 1 0 0 0 0 1
"1543" 0 0 0 0 0 2 0 0 0 0 0 NA 0 0 1
"1544" 0 0 3 0 1 3 0 0 0 0 0 NA 1 0 4
"1545" 0 0 1 0 1 3 0 0 0 0 0 0 0 0 0
"1546" 0 0 0 0 1 1 0 0 0 0 0 0 1 0 2
"1547" 0 0 0 0 0 3 0 0 0 0 0 0 0 0 0
"1548" 0 0 1 0 1 1 0 0 0 1 0 NA 0 0 1
"1549" 0 0 1 0 1 4 0 0 0 1 0 NA 0 0 1
"1550" 0 0 0 1 0 2 0 0 0 0 0 0 0 0 1
"1551" 0 0 1 0 0 0 0 0 0 1 0 0 0 0 3
"1552" 1 1 1 0 1 1 0 0 0 0 0 NA 1 0 1
"1553" 0 0 1 0 0 2 0 0 0 0 0 0 0 0 3
"1554" 2 1 2 0 0 4 0 0 0 0 0 0 0 0 2
"1555" 0 1 1 1 3 2 0 0 0 0 0 0 0 0 4
"1556" 0 0 0 0 1 2 0 0 0 0 0 NA 0 0 1
"1557" 0 0 1 0 1 2 0 0 0 0 0 0 1 0 2
"1558" 0 0 1 0 1 0 0 0 0 1 0 NA 0 0 2
"1559" 1 1 0 1 0 2 0 0 0 1 0 0 0 0 2
"1560" 1 1 1 0 2 2 0 0 0 0 0 0 0 0 2
"1561" 2 1 1 2 1 1 0 0 0 1 0 NA 0 0 1
"1562" 1 1 0 1 0 1 0 0 0 0 0 0 0 0 2
"1563" 1 0 1 0 1 2 0 0 0 0 0 0 0 0 4
"1564" 1 0 3 1 5 5 0 0 0 0 0 0 1 0 3
"1565" 1 1 0 1 0 3 0 0 0 0 0 0 0 0 2
"1566" 0 0 1 0 1 4 0 0 0 0 0 NA 1 0 2
"1567" 0 0 3 0 1 3 0 0 0 0 0 0 0 0 2
"1568" 2 1 2 1 1 0 0 0 0 1 0 NA 0 0 2
"1569" 0 0 0 0 0 1 0 0 0 1 0 0 0 0 5
"1570" 0 0 0 1 1 1 0 0 0 0 0 0 0 0 0
"1571" 0 0 1 0 1 0 0 0 0 0 0 0 0 0 1
"1572" 0 0 0 0 1 2 0 0 0 0 0 0 0 0 2
"1573" 0 1 1 1 0 4 0 0 0 1 0 NA 0 0 4
"1574" 2 1 1 0 1 0 0 0 0 0 0 NA 0 0 4
"1575" 1 1 1 0 1 3 0 0 0 0 0 0 1 0 1
"1576" 1 0 0 1 0 2 0 0 0 0 0 NA 0 0 3
"1577" 0 0 2 0 0 1 0 0 0 0 0 0 0 0 0
"1578" 0 0 2 0 1 2 0 0 0 1 0 NA 0 0 2
"1579" 0 0 0 0 0 2 0 0 0 0 0 0 0 0 2
"1580" 0 0 0 0 0 3 0 0 0 0 0 0 0 0 4
"1581" 0 0 1 0 0 2 0 0 0 0 0 NA 0 0 2
"1582" 1 1 3 0 0 1 0 0 0 0 0 0 0 0 3
"1583" 0 0 2 0 0 1 0 0 0 0 0 0 0 0 0
"1584" 2 0 1 1 1 2 0 0 0 0 0 0 0 0 3
"1585" 0 0 0 0 1 2 0 0 0 0 0 NA 0 0 4
"1586" 0 0 1 0 1 1 0 0 0 1 0 0 0 0 2
"1587" 0 0 1 1 0 1 0 0 0 2 0 0 0 1 3
"1588" 0 0 0 0 0 1 0 0 0 0 0 0 0 0 6
"1589" 0 0 0 1 0 0 0 0 0 2 0 0 0 0 1
"1590" 0 0 2 0 1 3 0 0 1 1 0 0 1 0 1
"1591" 0 0 0 0 0 1 0 0 0 0 0 0 0 0 0
"1592" 0 0 0 0 1 5 0 0 0 0 0 NA 1 0 2
"1593" 1 1 3 0 1 2 0 0 0 0 0 0 0 0 3
"1594" 0 0 0 0 0 0 0 0 0 1 0 NA 0 0 1
"1595" 0 0 0 0 0 3 0 0 0 0 0 NA 0 0 2
"1596" 1 1 3 0 2 4 0 0 0 0 0 0 0 0 1
"1597" 0 0 1 0 0 1 0 0 0 0 0 0 0 0 0
"1598" 0 0 0 0 0 0 0 0 0 2 0 0 0 0 6
"1599" 2 1 1 0 1 1 0 0 0 0 0 0 0 1 1
"1600" 1 1 1 0 0 2 0 0 0 1 0 0 0 0 5
"1601" 1 0 0 0 0 0 0 0 0 0 0 0 0 0 0
"1602" 0 0 0 0 0 0 0 0 0 0 0 0 0 0 2
"1603" 0 0 2 0 1 4 0 0 0 1 0 0 0 0 3
"1604" 0 0 0 0 0 0 0 0 0 1 0 0 0 0 0
"1605" 1 0 2 1 1 1 0 0 0 0 0 0 0 0 0
"1606" 1 0 2 0 0 2 0 0 0 0 0 0 0 0 3
"1607" 0 0 0 0 1 0 0 0 0 1 0 0 0 0 4
"1608" 1 1 0 1 1 2 0 0 0 0 1 0 0 0 2
"1609" 0 0 1 1 0 5 0 0 0 0 0 0 1 0 2
"1610" 0 0 1 1 0 4 0 0 0 0 0 0 1 0 0
"1611" 0 0 1 0 1 0 0 0 0 0 0 0 0 0 4
"1612" 1 1 1 0 0 0 0 0 0 0 0 NA 0 0 0
"1613" 1 1 1 0 1 0 0 0 0 0 0 0 0 0 1
"1614" 1 1 2 1 0 0 0 0 0 0 0 0 0 0 1
"1615" 0 0 0 0 0 3 0 0 0 0 0 0 0 0 3
"1616" 0 0 2 0 1 3 0 0 0 1 0 0 1 0 3
"1617" 0 0 1 0 1 4 0 0 0 0 0 0 0 0 3
"1618" 1 0 1 1 0 2 0 0 0 0 0 0 0 0 3
"1619" 0 0 0 0 0 2 0 0 0 0 0 0 0 0 3
"1620" 0 0 3 0 1 0 0 0 0 0 0 NA 0 0 3
"1621" 0 0 0 0 0 4 0 0 0 1 0 NA 0 0 0
"1622" 0 0 0 0 0 1 0 0 0 1 0 0 1 0 2
"1623" 0 0 0 0 0 0 0 0 0 1 0 0 0 0 3
"1624" 0 0 1 0 1 1 0 0 0 0 0 NA 0 0 4
"1625" 1 0 2 1 1 3 0 0 0 0 0 0 1 0 1
"1626" 1 1 0 0 1 4 0 0 0 0 0 NA 1 0 3
"1627" 0 0 0 0 0 2 0 0 0 0 0 NA 0 0 0
"1628" 0 0 1 0 0 1 0 0 0 1 0 0 0 0 2
"1629" 0 1 3 0 0 3 0 0 0 1 0 0 0 1 1
"1630" 0 0 0 0 0 0 0 0 0 0 0 NA 0 0 1
"1631" 0 0 0 0 0 1 0 0 0 0 0 0 0 0 2
"1632" 1 0 2 1 1 3 0 0 0 0 0 0 0 0 2
"1633" 0 1 1 0 2 1 0 0 0 0 0 0 0 0 2
"1634" 1 0 0 1 0 2 0 0 0 0 0 NA 0 0 0
"1635" 0 0 1 0 0 1 0 0 0 1 0 0 0 0 1
"1636" 0 0 0 0 0 1 0 0 0 0 0 0 0 0 1
"1637" 0 0 2 0 3 2 0 0 0 0 0 0 1 0 1
"1638" 1 1 1 0 0 3 0 0 0 1 0 0 0 0 3
"1639" 1 0 1 0 1 4 0 0 0 0 0 0 1 0 3
"1640" 0 0 2 0 0 4 0 0 0 0 0 0 0 0 2
"1641" 0 0 4 0 3 2 0 0 0 0 0 0 0 0 3
"1642" 1 0 0 0 3 0 0 0 0 0 0 0 0 0 2
"1643" 0 0 3 0 3 0 0 0 0 0 0 0 0 0 1
"1644" 0 0 0 0 0 1 0 0 0 1 0 0 0 0 3
"1645" 0 0 1 0 0 3 0 0 0 0 0 NA 0 0 4
"1646" 1 1 1 0 1 4 0 0 0 0 0 0 1 0 3
"1647" 1 0 2 0 1 3 0 0 0 0 1 NA 0 0 2
"1648" 0 0 1 0 1 3 0 0 0 0 0 0 0 0 2
"1649" 0 0 1 0 0 1 0 0 0 0 0 0 0 0 1
"1650" 0 1 0 0 0 0 0 0 0 0 0 0 0 0 1
"1651" 0 0 1 0 1 1 0 0 0 0 0 0 0 0 2
"1652" 0 0 0 0 1 2 0 0 0 0 0 0 0 0 2
"1653" 0 0 0 0 0 0 0 0 0 1 0 0 0 0 0
"1654" 0 0 2 0 1 2 0 0 0 2 0 0 0 0 4
"1655" 1 1 0 1 0 0 0 0 0 0 0 0 0 0 1
"1656" 0 0 0 0 0 2 0 0 0 0 0 NA 0 0 3
"1657" 1 1 3 1 1 4 0 0 0 0 0 0 1 0 2
"1658" 1 1 1 1 0 2 0 0 0 0 0 NA 0 0 4
"1659" 0 1 1 1 1 3 0 0 0 0 0 0 0 0 1
"1660" 0 0 1 0 0 1 0 0 0 0 0 NA 0 0 2
"1661" 0 0 1 0 2 2 0 0 0 0 0 NA 0 0 4
"1662" 1 1 2 1 1 1 0 0 0 0 0 NA 1 0 2
"1663" 1 0 3 1 1 1 0 0 0 0 0 NA 0 0 0
"1664" 0 0 0 0 1 2 0 0 0 0 0 0 1 0 2
"1665" 0 0 0 0 1 1 0 0 0 0 0 0 0 0 4
"1666" 0 0 1 0 1 2 0 0 0 0 0 0 0 0 3
"1667" 0 0 1 0 0 4 0 0 0 0 1 0 0 0 3
"1668" 0 0 1 0 1 3 0 0 0 0 0 NA 1 0 5
"1669" 0 0 1 0 0 4 0 0 0 0 0 0 0 0 2
"1670" 0 0 2 0 1 4 0 0 0 0 0 0 0 0 0
"1671" 0 0 0 0 1 3 0 0 0 0 0 0 0 0 4
"1672" 0 0 2 0 1 2 0 0 0 0 0 NA 0 0 3
"1673" 0 0 1 0 0 2 0 0 0 0 0 0 0 0 3
"1674" 0 0 1 0 1 4 0 0 0 0 0 0 0 0 1
"1675" 0 0 2 0 1 3 0 0 0 0 0 NA 0 0 2
"1676" 0 0 0 0 1 2 0 0 0 0 0 0 1 0 3
"1677" 0 0 1 1 0 1 0 0 0 1 0 0 0 0 1
"1678" 0 0 3 0 1 5 0 0 0 0 0 NA 0 0 0
"1679" 0 0 1 1 0 1 0 0 0 0 0 0 0 0 1
"1680" 0 0 1 0 0 1 0 0 0 0 0 NA 0 0 3
"1681" 1 1 1 0 1 2 0 0 0 1 0 0 0 0 3
"1682" 0 1 0 0 0 1 0 0 0 0 0 NA 0 0 0
"1683" 1 0 1 0 1 2 0 0 0 0 0 0 0 0 1
"1684" 1 0 0 0 0 0 0 0 0 0 1 NA 0 0 1
"1685" 0 0 0 0 0 1 0 0 0 0 0 0 0 0 2
"1686" 0 0 1 0 1 2 0 0 0 0 0 0 0 0 2
"1687" 1 1 1 0 0 1 0 0 0 0 0 0 0 0 1
"1688" 1 1 2 0 2 3 0 0 0 0 0 0 0 0 1
"1689" 0 0 3 0 0 5 0 0 0 2 0 0 1 1 4
"1690" 0 0 0 0 0 1 0 0 0 1 0 0 0 0 1
"1691" 2 0 1 0 1 0 0 0 0 0 0 0 0 0 1
"1692" 1 1 3 1 0 4 0 0 0 1 0 0 0 0 5
"1693" 1 1 2 1 3 3 0 0 0 0 0 0 1 0 3
"1694" 2 1 1 0 0 0 0 0 0 0 0 NA 0 0 0
"1695" 0 0 3 0 1 1 0 0 0 0 0 0 0 0 4
"1696" 0 1 1 0 0 3 0 0 0 1 0 0 0 0 2
"1697" 0 0 0 0 1 1 0 0 0 0 0 0 0 0 2
"1698" 1 0 2 0 0 0 0 0 0 0 0 0 0 0 0
"1699" 0 0 1 0 1 3 0 0 0 0 0 NA 0 0 3
"1700" 0 0 0 0 0 1 0 0 0 1 0 0 0 0 1
"1701" 1 0 0 1 0 1 0 0 0 1 0 0 0 0 1
"1702" 1 0 1 1 1 2 0 0 0 0 0 0 0 0 2
"1703" 1 0 0 1 0 1 0 0 0 0 0 0 0 0 2
"1704" 0 0 0 0 1 1 0 0 0 0 0 NA 0 1 3
"1705" 0 0 1 0 1 1 0 0 0 0 0 NA 0 0 1
"1706" 0 0 0 0 0 0 0 0 0 1 0 0 0 0 4
"1707" 0 1 3 0 3 3 0 0 0 0 0 0 0 0 1
"1708" 2 1 0 0 1 4 0 0 0 0 0 0 0 0 0
"1709" 2 1 1 1 1 3 0 0 0 0 0 0 1 0 2
"1710" 2 1 1 0 1 2 0 0 0 0 0 NA 0 0 3
"1711" 1 1 1 0 0 1 0 0 0 0 0 0 0 0 3
"1712" 0 0 0 0 1 1 0 0 0 0 0 0 0 0 3
"1713" 2 1 1 0 1 2 0 0 0 0 0 0 0 0 1
"1714" 2 0 5 0 0 1 0 0 0 0 0 0 0 0 2
"1715" 0 0 3 0 1 4 0 0 0 0 0 0 0 0 2
"1716" 0 0 0 0 0 1 0 0 0 0 0 NA 0 0 2
"1717" 0 0 4 0 1 2 0 0 0 1 0 NA 0 0 4
"1718" 0 0 0 0 0 2 0 0 0 0 0 0 1 0 2
"1719" 2 3 2 3 1 4 0 0 0 0 0 0 0 0 1
"1720" 1 0 0 0 1 4 0 0 0 1 0 0 0 0 5
"1721" 1 0 1 1 1 4 0 0 0 0 0 0 1 0 3
"1722" 1 1 2 1 0 0 0 0 0 0 0 NA 0 0 0
"1723" 0 0 3 0 3 2 0 0 0 2 0 NA 0 0 3
"1724" 3 1 3 0 0 2 0 0 0 0 0 0 0 0 0
"1725" 0 0 2 0 1 4 0 0 0 0 0 NA 0 0 1
"1726" 1 0 0 0 0 2 0 0 0 1 0 0 0 1 3
"1727" 0 0 0 0 0 1 0 0 0 0 0 NA 0 0 1
"1728" 0 0 1 0 0 2 0 0 0 1 0 NA 0 0 4
"1729" 0 0 0 0 0 1 0 0 0 0 0 0 0 0 3
"1730" 1 0 0 0 1 1 0 0 0 0 0 0 1 0 3
"1731" 0 0 1 0 1 2 0 0 0 0 0 0 0 0 2
"1732" 1 1 2 1 0 0 0 0 0 0 0 0 0 0 2
"1733" 1 0 0 0 0 0 0 0 0 0 0 0 0 0 1
"1734" 1 1 0 0 0 1 0 0 0 1 1 0 0 0 2
"1735" 1 0 1 0 0 0 0 0 0 0 0 NA 0 0 1
"1736" 0 0 0 0 0 1 0 0 0 1 0 0 0 0 2
"1737" 0 0 0 0 0 1 0 0 0 0 0 0 0 0 1
"1738" 0 0 0 0 0 4 0 0 0 0 0 0 0 0 2
"1739" 1 1 0 1 0 2 0 0 0 1 0 0 0 1 1
"1740" 1 0 1 0 1 1 0 0 0 0 0 NA 0 0 2
"1741" 0 0 2 0 0 4 0 0 0 0 0 0 0 0 4
"1742" 0 0 0 0 0 1 0 0 0 1 0 0 0 0 1
"1743" 0 0 1 0 0 3 0 0 0 0 0 0 0 0 1
"1744" 0 0 1 0 0 2 0 0 0 0 0 NA 0 0 1
"1745" 0 0 2 0 1 3 0 0 0 0 0 0 1 0 1
"1746" 0 0 1 0 1 4 0 0 0 1 0 NA 1 0 3
"1747" 1 0 1 0 1 3 0 0 0 1 0 NA 1 0 4
"1748" 0 0 2 0 1 2 0 0 0 2 0 NA 0 0 1
"1749" 0 0 1 1 0 3 0 0 0 1 0 NA 0 0 3
"1750" 1 1 3 1 1 2 0 0 0 0 0 NA 0 0 1
"1751" 1 0 1 0 0 0 0 0 0 0 0 NA 0 0 1
"1752" 0 0 3 0 3 1 0 0 0 0 0 0 0 0 5
"1753" 0 0 0 0 0 0 0 0 0 0 0 0 0 0 1
"1754" 0 0 3 0 1 1 0 0 0 0 0 0 0 0 2
"1755" 1 1 1 0 0 2 0 0 0 1 0 NA 0 0 0
"1756" 0 0 0 0 0 0 0 0 0 0 0 0 0 0 4
"1757" 1 1 2 0 1 2 0 0 0 0 0 0 0 0 1
"1758" 0 0 1 0 0 1 0 0 0 0 0 0 0 0 1
"1759" 1 0 1 1 0 1 0 0 0 0 0 0 0 0 0
"1760" 0 1 0 0 0 1 0 0 0 1 0 NA 0 0 2
"1761" 0 0 1 1 2 2 0 0 0 0 0 0 0 0 4
"1762" 0 0 0 0 3 1 0 0 0 0 0 NA 0 0 2
"1763" 1 0 1 0 2 4 0 0 0 1 0 0 0 0 3
"1764" 1 0 1 1 1 4 0 0 0 0 0 0 0 0 0
"1765" 0 0 1 0 0 2 0 0 0 1 0 NA 0 0 0
"1766" 1 1 2 0 0 2 0 0 0 0 0 0 0 0 1
"1767" 1 0 1 0 0 1 0 0 0 0 0 0 0 0 1
"1768" 0 0 1 0 1 3 0 0 0 1 0 NA 0 0 1
"1769" 0 0 0 0 0 0 0 0 0 0 0 0 0 0 1
"1770" 2 1 1 1 0 2 0 0 0 1 0 NA 0 0 3
"1771" 1 0 0 0 1 3 0 0 0 0 0 0 1 0 4
"1772" 0 0 2 1 0 2 0 0 0 0 0 0 0 0 2
"1773" 0 0 2 1 1 0 0 0 0 0 0 0 0 0 2
"1774" 1 1 2 0 0 1 0 0 0 1 0 0 0 0 3
"1775" 0 0 1 0 1 4 0 0 0 0 0 0 0 1 5
"1776" 1 1 0 0 1 2 0 0 0 0 0 NA 0 0 2
"1777" 1 1 0 0 1 4 0 0 0 0 0 0 0 0 5
"1778" 0 0 3 0 1 5 0 0 0 0 0 NA 0 0 0
"1779" 1 1 1 1 1 1 0 0 0 0 0 NA 0 0 1
"1780" 0 0 0 0 1 2 0 0 0 0 0 0 0 0 1
"1781" 1 0 0 0 3 3 0 0 0 0 0 0 0 0 2
"1782" 1 0 0 0 0 1 0 0 0 1 0 NA 0 0 2
"1783" 0 0 0 0 0 4 0 0 0 0 0 NA 0 0 5
"1784" 0 0 2 0 1 1 0 0 0 1 0 NA 1 0 4
"1785" 0 1 4 0 1 5 0 0 0 0 0 0 0 0 0
"1786" 0 0 2 0 2 1 0 0 0 0 0 NA 0 0 1
"1787" 1 0 2 0 2 2 0 0 0 0 0 0 1 0 1
"1788" 1 0 0 1 1 1 0 0 0 0 0 NA 0 0 3
"1789" 2 1 3 1 1 2 0 0 0 0 0 0 1 0 3
"1790" 0 0 2 0 1 2 0 0 0 0 0 NA 1 0 2
"1791" 0 1 2 0 1 0 0 0 0 0 0 0 0 0 0
"1792" 1 0 2 0 0 2 0 0 0 2 0 NA 1 0 2
"1793" 0 0 1 0 0 3 0 0 0 1 0 0 1 0 1
"1794" 2 1 2 0 1 3 0 0 0 0 0 0 0 0 3
"1795" 0 0 1 0 1 1 0 0 0 0 0 0 1 0 2
"1796" 1 0 3 0 0 5 0 0 0 0 0 0 1 0 5
"1797" 0 0 0 0 0 2 0 0 0 0 0 0 0 0 2
"1798" 0 0 0 0 0 1 0 0 0 1 0 0 0 0 1
"1799" 0 0 3 0 0 0 0 0 0 0 0 NA 0 0 2
"1800" 0 0 2 0 0 5 0 0 0 0 0 0 0 0 3
"1801" 1 0 1 1 0 3 0 0 0 1 0 0 1 0 3
"1802" 0 0 0 0 1 3 0 0 0 0 0 0 0 0 5
"1803" 0 0 0 0 0 1 0 0 0 0 0 0 0 0 2
"1804" 0 0 3 0 3 3 0 0 0 1 0 0 1 0 1
"1805" 0 0 1 0 0 1 0 0 0 0 0 0 0 0 5
"1806" 0 0 1 0 2 1 0 0 0 0 0 0 0 0 2
"1807" 0 0 0 0 1 5 0 0 0 1 0 0 0 0 0
"1808" 1 1 2 0 1 3 0 0 0 0 0 NA 0 0 1
"1809" 0 0 1 0 0 2 0 0 0 0 0 0 0 0 0
"1810" 0 0 0 0 0 1 0 0 0 1 0 0 0 0 2
"1811" 0 0 2 0 1 4 0 0 0 0 0 NA 0 0 3
"1812" 0 0 1 0 0 2 0 0 0 0 0 0 0 0 2
"1813" 1 0 2 0 0 1 0 0 0 1 0 NA 0 0 1
"1814" 0 0 1 0 1 2 0 0 0 0 0 0 0 0 1
"1815" 0 0 1 0 1 3 0 0 0 1 0 0 0 0 3
"1816" 0 0 2 0 1 3 0 0 0 1 0 0 0 0 2
"1817" 0 1 2 0 1 1 0 0 0 0 0 0 0 0 0
"1818" 2 1 1 1 0 2 0 0 0 0 0 NA 0 0 2
"1819" 1 0 0 0 0 2 0 0 0 0 0 0 0 0 2
"1820" 2 1 1 0 3 2 0 0 0 0 0 0 0 0 5
"1821" 0 0 1 0 1 2 0 0 0 0 0 0 0 0 2
"1822" 1 1 2 1 1 5 0 0 0 0 0 0 0 0 1
"1823" 0 1 3 0 0 6 0 0 0 1 0 0 0 0 3
"1824" 0 0 0 0 0 0 0 0 0 0 0 NA 0 0 3
"1825" 0 0 0 0 1 1 0 0 0 0 0 0 0 0 2
"1826" 0 0 1 0 1 1 0 0 0 0 0 0 0 0 1
"1827" 0 0 3 1 2 1 0 0 0 0 0 0 0 0 3
"1828" 0 0 0 0 0 2 0 0 0 0 0 0 0 0 4
"1829" 1 0 0 0 2 7 0 0 0 0 0 0 0 0 2
"1830" 0 0 2 0 1 2 0 0 0 0 0 0 0 0 1
"1831" 1 0 1 0 1 1 0 0 0 0 0 0 2 0 1
"1832" 0 0 1 1 1 3 0 0 0 0 0 NA 1 0 3
"1833" 0 0 1 0 0 2 0 0 0 0 0 0 0 0 1
"1834" 0 0 2 1 1 2 0 0 0 0 0 0 0 0 3
"1835" 0 0 1 0 1 3 0 0 0 1 0 0 0 0 4
"1836" 1 0 2 0 1 3 0 0 0 0 0 0 1 0 1
"1837" 0 0 2 0 1 1 0 0 0 0 0 0 0 0 1
"1838" 0 0 1 0 0 1 0 0 0 0 0 NA 0 0 3
"1839" 0 0 1 0 3 1 0 0 0 0 0 NA 0 0 1
"1840" 0 0 0 0 0 0 0 0 0 0 0 0 0 0 2
"1841" 1 1 1 0 1 1 0 0 0 1 0 0 0 0 1
"1842" 1 0 1 0 1 2 0 0 0 0 0 0 0 0 3
"1843" 0 0 0 0 1 1 0 0 0 1 0 0 0 0 2
"1844" 2 0 2 1 1 2 0 0 0 0 0 0 0 0 0
"1845" 0 0 4 0 3 3 0 0 0 0 0 0 0 0 3
"1846" 0 0 1 0 1 2 0 0 0 0 0 NA 0 0 1
"1847" 0 0 2 0 1 3 0 0 0 0 0 0 1 0 1
"1848" 0 0 0 0 0 1 0 0 0 0 0 0 0 0 0
"1849" 1 0 1 1 0 1 0 0 0 0 0 0 0 0 2
"1850" 0 0 2 0 1 5 0 0 0 1 0 0 0 0 3
"1851" 0 0 1 0 0 1 0 0 0 0 0 0 0 0 1
"1852" 0 0 1 0 0 2 0 0 0 0 0 NA 1 0 4
"1853" 0 0 2 1 1 1 0 0 0 1 0 NA 0 0 1
"1854" 0 0 2 0 1 3 0 0 0 1 0 NA 0 0 6
"1855" 1 1 1 0 1 1 0 0 0 0 0 0 0 0 1
"1856" 0 0 1 0 1 2 0 0 0 0 0 NA 1 0 3
"1857" 0 0 1 0 1 2 0 0 0 0 0 NA 0 0 2
"1858" 0 1 1 0 2 1 0 0 0 0 0 NA 0 0 3
"1859" 1 0 0 0 0 2 0 0 0 0 0 0 0 0 0
"1860" 1 0 1 0 1 2 0 0 0 0 0 0 0 0 2
"1861" 0 0 1 0 0 2 0 0 0 0 0 0 1 0 6
"1862" 0 0 1 0 0 0 0 0 0 0 0 NA 0 0 0
"1863" 0 0 0 0 0 2 0 0 0 0 0 0 0 0 2
"1864" 1 0 1 0 0 3 0 0 0 0 0 NA 0 0 1
"1865" 1 0 0 1 0 0 0 0 0 0 0 NA 0 0 2
"1866" 1 1 1 1 1 5 0 0 0 1 0 0 0 0 1
"1867" 1 0 0 0 1 2 0 0 0 0 0 0 0 0 2
"1868" 2 1 2 0 0 2 0 0 0 0 0 0 0 0 2
"1869" 0 0 3 0 1 1 0 0 1 0 0 0 0 0 1
"1870" 0 1 1 0 1 4 0 0 0 0 0 NA 2 0 3
"1871" 0 0 0 0 0 0 0 0 0 0 0 0 0 0 0
"1872" 0 0 0 0 0 0 0 0 0 0 0 NA 0 0 2
"1873" 0 0 0 0 0 1 0 0 0 0 0 0 0 0 0
"1874" 0 0 0 0 1 4 0 0 0 0 0 0 0 0 1
"1875" 0 0 2 0 1 3 0 0 0 0 0 NA 0 0 1
"1876" 0 0 2 0 1 2 0 0 0 0 0 0 0 0 2
"1877" 0 0 1 0 2 4 0 0 0 0 0 0 1 0 1
"1878" 0 0 1 0 0 2 0 0 0 0 0 NA 0 0 6
"1879" 1 1 1 0 0 6 0 0 0 0 0 NA 0 0 4
"1880" 0 3 0 1 0 0 0 0 0 0 0 NA 0 0 2
"1881" 0 0 0 0 0 1 0 0 0 0 0 NA 0 0 1
"1882" 0 0 1 0 0 1 0 0 0 0 0 0 0 0 2
"1883" 0 0 0 0 1 1 0 0 0 0 0 0 1 0 1
"1884" 0 0 0 0 1 1 0 0 0 1 0 NA 0 0 4
"1885" 3 1 1 1 2 3 0 0 0 1 0 NA 1 0 5
"1886" 0 0 0 0 3 1 0 0 0 0 0 0 3 0 4
"1887" 0 0 1 0 0 1 0 0 0 0 0 NA 0 0 3
"1888" 0 0 0 0 0 0 0 0 0 0 0 0 0 0 0
"1889" 1 0 0 0 1 1 0 0 0 0 0 0 0 0 0
"1890" 1 0 0 0 0 0 0 0 0 0 0 0 0 0 1
"1891" 0 0 0 0 0 0 0 0 0 0 0 NA 1 0 1
"1892" 0 0 2 0 1 3 0 0 0 0 0 NA 1 0 1
"1893" 1 0 4 1 1 2 0 0 0 1 0 NA 0 0 1
"1894" 1 2 3 1 1 3 0 0 0 0 0 0 0 0 1
"1895" 2 1 0 0 1 2 0 0 0 0 0 0 1 0 0
"1896" 0 0 0 0 1 3 0 0 0 0 0 0 0 0 3
"1897" 1 0 0 0 2 4 0 0 0 0 0 NA 0 0 4
"1898" 1 0 0 0 1 2 0 0 0 2 0 NA 0 0 1
"1899" 0 0 0 0 1 0 0 0 0 0 0 0 0 0 2
"1900" 0 0 4 0 1 4 0 0 0 0 0 NA 0 0 2
"1901" 0 0 1 0 1 2 0 0 0 0 0 NA 1 0 3
"1902" 1 0 0 0 0 1 0 0 0 0 0 0 0 0 2
"1903" 1 0 1 1 1 1 0 0 0 0 0 0 0 0 1
"1904" 2 1 3 0 2 3 0 0 0 0 0 0 0 0 4
"1905" 0 1 1 0 0 0 0 0 0 0 0 0 0 0 5
"1906" 0 0 1 0 0 3 0 0 0 0 0 0 0 0 2
"1907" 1 0 1 0 0 2 0 0 0 0 0 NA 0 0 0
"1908" 0 0 1 0 0 1 0 0 0 0 0 NA 0 0 5
"1909" 0 0 2 0 2 5 0 0 0 1 0 0 0 1 2
"1910" 0 0 0 0 1 2 0 0 0 1 0 NA 1 1 4
"1911" 0 0 0 0 0 0 0 0 0 0 0 NA 0 0 1
"1912" 0 0 1 0 1 3 0 0 0 0 0 0 0 0 3
"1913" 0 0 1 0 1 2 0 0 0 0 0 0 0 0 3
"1914" 1 0 2 1 0 2 0 0 0 0 0 0 0 0 0
"1915" 1 0 1 0 1 1 0 0 0 1 0 0 0 0 1
"1916" 0 0 1 0 0 1 0 0 0 0 0 NA 0 0 1
"1917" 0 0 4 0 0 7 0 0 0 0 0 0 0 0 3
"1918" 0 0 2 0 1 2 0 0 0 1 0 NA 0 0 0
"1919" 1 0 1 1 1 1 0 0 0 0 0 NA 0 0 3
"1920" 1 0 1 0 0 3 0 0 0 1 0 0 0 0 1
"1921" 0 0 2 0 1 2 0 0 0 0 0 0 0 0 2
"1922" 1 0 0 0 1 3 0 0 0 0 0 0 0 0 4
"1923" 0 0 1 1 1 2 0 0 0 0 0 0 1 1 1
"1924" 0 0 0 0 0 3 0 0 0 0 0 NA 0 0 1
"1925" 0 0 1 0 0 3 0 0 0 1 0 0 1 0 3
"1926" 0 0 0 0 1 5 0 0 0 0 0 NA 0 0 3
"1927" 0 0 2 0 1 4 0 0 0 0 0 NA 0 0 0
"1928" 0 0 1 0 0 1 0 0 0 0 0 0 0 0 1
"1929" 0 0 1 0 0 0 0 0 0 0 0 NA 0 0 2
"1930" 1 0 0 1 0 4 0 0 0 0 0 NA 0 0 4
"1931" 0 0 1 0 1 4 0 0 0 0 0 0 0 0 2
"1932" 0 0 1 0 1 2 0 0 0 1 0 0 1 0 5
"1933" 0 0 0 0 1 1 0 0 0 0 0 NA 0 0 1
"1934" 1 1 2 1 1 5 0 0 0 0 0 NA 0 0 5
"1935" 0 0 1 0 0 3 0 0 0 0 0 NA 0 0 1
"1936" 0 1 1 0 1 2 0 0 0 1 0 0 0 0 2
"1937" 1 0 2 0 1 3 0 0 1 2 0 0 1 0 3
"1938" 2 1 1 0 0 3 0 0 0 1 0 0 0 0 2
"1939" 0 1 3 0 1 1 0 0 0 0 0 0 0 0 1
"1940" 0 0 0 0 0 2 0 0 0 0 0 0 0 0 2
"1941" 0 0 1 1 1 0 0 0 0 0 0 0 0 0 0
"1942" 0 0 0 0 0 0 0 0 0 0 0 0 0 0 3
"1943" 0 0 0 0 0 2 0 0 0 0 0 NA 0 0 2
"1944" 0 0 1 0 1 2 0 0 0 0 0 0 0 0 2
"1945" 0 0 1 1 1 3 0 0 0 0 0 NA 0 0 1
"1946" 2 0 1 0 3 2 0 0 0 0 0 NA 0 0 4
"1947" 0 0 1 0 1 2 0 0 0 1 0 NA 0 0 1
"1948" 1 0 2 0 1 2 0 0 0 0 0 0 0 0 2
"1949" 1 1 2 1 1 3 0 0 0 0 0 0 0 0 2
"1950" 1 0 1 0 0 3 0 0 1 1 0 0 0 0 4
"1951" 0 0 1 0 0 1 0 0 0 0 0 NA 0 0 1
"1952" 2 1 3 0 1 2 0 0 0 0 0 NA 0 0 1
"1953" 1 0 0 1 0 1 0 0 0 0 0 0 0 0 1
"1954" 0 0 1 0 3 4 0 0 0 0 0 0 0 0 1
"1955" 1 0 0 0 1 2 0 0 0 1 0 NA 0 0 2
"1956" 2 1 2 0 0 0 0 0 0 0 0 NA 0 0 0
"1957" 1 1 2 0 2 2 0 0 0 0 0 0 0 0 1
"1958" 0 0 1 0 0 2 0 0 0 0 0 0 0 0 2
"1959" 1 0 2 1 0 1 0 0 0 0 0 0 0 0 0
"1960" 0 0 0 0 1 1 0 0 0 0 0 NA 0 0 4
"1961" 1 1 0 1 1 5 0 0 0 1 0 NA 1 0 2
"1962" 0 0 2 0 1 2 0 0 0 0 0 NA 0 0 2
"1963" 0 0 2 0 2 1 0 0 0 1 0 0 0 0 3
"1964" 0 0 0 1 0 0 0 0 0 1 0 NA 0 0 2
"1965" 0 0 0 0 0 1 0 0 0 0 0 0 0 0 1
"1966" 0 0 2 0 1 1 0 0 0 1 0 NA 0 0 4
"1967" 0 0 1 0 0 2 0 0 0 0 0 0 0 0 0
"1968" 1 1 4 0 2 2 0 0 0 0 0 NA 2 0 6
"1969" 1 0 0 1 0 1 0 0 0 0 0 0 0 0 3
"1970" 0 0 3 1 1 4 0 0 0 0 0 0 1 0 1
"1971" 0 0 0 0 0 0 0 0 0 0 0 0 0 0 0
"1972" 1 0 1 0 0 1 0 0 0 0 0 0 0 0 3
"1973" 2 3 3 1 1 2 0 0 0 0 0 0 0 0 0
"1974" 0 0 0 0 0 0 0 0 0 0 0 0 0 0 0
"1975" 0 0 1 0 2 3 0 0 0 0 0 0 0 0 5
"1976" 1 1 4 1 1 4 0 0 0 0 0 NA 0 0 2
"1977" 0 0 1 0 1 2 0 0 0 0 0 0 0 0 1
"1978" 0 0 0 0 0 1 0 0 0 0 0 0 0 0 0
"1979" 1 0 1 0 2 1 0 0 0 0 0 0 0 0 1
"1980" 0 0 3 0 1 2 0 0 0 0 0 0 0 0 1
"1981" 1 0 1 0 0 1 0 0 0 0 0 0 0 0 1
"1982" 0 0 0 0 0 2 0 0 0 1 0 NA 0 0 3
"1983" 0 0 0 0 0 2 0 0 0 0 0 0 0 0 0
"1984" 1 1 3 1 1 4 0 0 0 2 0 NA 1 0 0
"1985" 0 0 2 0 1 3 0 0 0 0 0 0 0 0 1
"1986" 0 0 0 0 0 4 0 0 0 0 0 NA 0 0 2
"1987" 0 0 1 0 2 3 0 0 0 0 0 0 0 0 3
"1988" 1 1 2 1 2 5 0 0 0 1 0 0 1 0 3
"1989" 1 1 0 1 0 1 0 0 0 0 0 0 0 0 3
"1990" 1 0 2 0 0 1 0 0 0 1 0 0 0 0 1
"1991" 0 0 0 0 0 0 0 0 0 1 0 0 1 0 2
"1992" 0 0 3 0 1 6 0 0 0 1 0 0 1 0 3
"1993" 1 1 1 0 1 5 0 0 0 1 0 0 0 0 3
"1994" 2 1 3 2 1 2 0 0 0 0 0 0 0 0 2
"1995" 0 0 1 0 0 0 0 0 0 1 0 NA 0 0 0
"1996" 0 0 0 0 1 3 0 0 0 0 0 0 0 0 2
"1997" 0 0 0 1 1 1 0 0 0 0 0 0 1 0 1
"1998" 1 1 1 0 1 2 0 0 0 0 0 0 0 0 2
"1999" 1 1 1 1 1 1 0 0 0 1 0 0 1 0 1
"2000" 0 0 1 0 0 3 0 0 0 2 0 0 0 0 4
